-120.2302 33.0365 45311.3 45163.3 -148.0 10929900.000000 
-120.2194 33.0357 45312.7 45142.1 -170.7 10930080.000000 
-120.2083 33.0349 45314.2 45163.6 -150.6 10930260.000000 
-120.1973 33.0343 45315.8 45180.1 -135.7 10930440.000000 
-120.1861 33.0338 45317.4 45169.4 -148.1 10930620.000000 
-120.1749 33.0330 45318.9 45160.2 -158.7 10930800.000000 
-120.1638 33.0322 45320.4 45156.3 -164.1 10930980.000000 
-120.1527 33.0315 45321.9 45179.5 -142.4 10931160.000000 
-120.1416 33.0308 45323.5 45211.6 -111.9 10931340.000000 
-120.1305 33.0301 45325.0 45237.5 -87.5 10931520.000000 
-120.1194 33.0295 45326.6 45226.4 -100.2 10931700.000000 
-120.1084 33.0288 45328.1 45213.2 -114.9 10931880.000000 
-120.0974 33.0280 45329.6 45214.5 -115.0 10932060.000000 
-120.0864 33.0273 45331.1 45218.8 -112.3 10932240.000000 
-120.0754 33.0266 45332.6 45230.2 -102.5 10932420.000000 
-120.0645 33.0259 45334.1 45250.3 -83.8 10932600.000000 
-120.0535 33.0252 45335.6 45269.1 -66.5 10932780.000000 
-120.0426 33.0244 45337.1 45280.8 -56.2 10932960.000000 
-120.0316 33.0237 45338.6 45289.7 -48.8 10933140.000000 
-120.0207 33.0230 45340.0 45295.6 -44.4 10933320.000000 
-120.0097 33.0222 45341.5 45306.3 -35.2 10933500.000000 
-119.9986 33.0214 45343.0 45323.5 -19.5 10933680.000000 
-119.9877 33.0207 45344.4 45338.6 -5.8 10933860.000000 
-119.9768 33.0201 45346.0 45350.9 4.9 10934040.000000 
-119.9658 33.0195 45347.6 45365.1 17.5 10934220.000000 
-119.9549 33.0190 45349.2 45375.7 26.6 10934400.000000 
-119.9441 33.0185 45350.8 45374.4 23.7 10934580.000000 
-119.9332 33.0180 45352.4 45383.6 31.3 10934760.000000 
-119.9223 33.0173 45353.9 45403.3 49.4 10934940.000000 
-119.9114 33.0166 45355.4 45447.8 92.5 10935120.000000 
-119.9005 33.0160 45356.9 45491.8 134.9 10935300.000000 
-119.8896 33.0154 45358.4 45502.7 144.3 10935480.000000 
-119.8788 33.0149 45360.0 45473.4 113.4 10935660.000000 
-119.8680 33.0143 45361.6 45439.7 78.1 10935840.000000 
-119.8574 33.0139 45363.2 45405.1 42.0 10936020.000000 
-119.8468 33.0132 45364.6 45366.4 1.7 10936200.000000 
-119.8361 33.0124 45366.0 45324.4 -41.6 10936380.000000 
-119.8254 33.0115 45367.4 45288.3 -79.0 10936560.000000 
-119.8147 33.0108 45368.8 45261.9 -106.9 10936740.000000 
-119.8041 33.0099 45370.2 45246.0 -124.1 10936920.000000 
-119.7934 33.0092 45371.6 45240.4 -131.2 10937100.000000 
-119.7827 33.0084 45373.0 45245.6 -127.3 10937280.000000 
-119.7720 33.0077 45374.4 45260.1 -114.3 10937460.000000 
-119.7613 33.0070 45375.9 45281.6 -94.3 10937640.000000 
-119.7505 33.0065 45377.5 45311.1 -66.4 10937820.000000 
-119.7398 33.0059 45379.0 45348.4 -30.6 10938000.000000 
-119.7292 33.0057 45380.7 45388.2 7.5 10938180.000000 
-119.7191 33.0077 45383.6 45432.9 49.3 10938360.000000 
-119.7089 33.0098 45386.6 45463.0 76.4 10938540.000000 
-119.6985 33.0119 45389.6 45457.0 67.4 10938720.000000 
-119.6882 33.0139 45392.5 45434.4 41.9 10938900.000000 
-119.6777 33.0160 45395.5 45415.0 19.5 10939080.000000 
-119.6673 33.0180 45398.5 45398.2 -0.3 10939260.000000 
-119.6567 33.0200 45401.5 45381.4 -20.1 10939440.000000 
-119.6462 33.0219 45404.4 45362.9 -41.5 10939620.000000 
-119.6357 33.0239 45407.3 45344.1 -63.3 10939800.000000 
-119.6251 33.0259 45410.3 45326.8 -83.5 10939980.000000 
-119.6144 33.0277 45413.2 45309.5 -103.7 10940160.000000 
-119.6036 33.0286 45415.6 45297.9 -117.7 10940340.000000 
-119.5926 33.0294 45418.0 45291.5 -126.5 10940520.000000 
-119.5816 33.0302 45420.4 45286.4 -134.0 10940700.000000 
-119.5706 33.0310 45422.7 45282.4 -140.3 10940880.000000 
-85.2715 5.6214 31588.2 31756.5 168.4 16548652.500000 
-85.2735 5.6189 31586.9 31753.5 166.6 16548832.500000 
-85.2756 5.6165 31585.7 31746.1 160.4 16549012.500000 
-85.2796 5.6121 31584.0 31725.0 141.0 16549192.500000 
-85.2852 5.6061 31581.4 31697.8 116.4 16549372.500000 
-85.2909 5.6000 31578.8 31671.5 92.8 16549552.500000 
-85.2967 5.5938 31576.1 31645.5 69.4 16549732.500000 
-85.3023 5.5877 31573.4 31619.6 46.2 16549912.500000 
-85.3079 5.5816 31570.7 31594.1 23.4 16550092.500000 
-85.3127 5.5748 31567.6 31569.0 1.3 16550272.500000 
-85.3172 5.5679 31564.5 31546.0 -18.5 16550452.500000 
-85.3217 5.5609 31561.3 31529.5 -31.8 16550632.500000 
-85.3263 5.5541 31558.2 31519.6 -38.6 16550812.500000 
-85.3309 5.5472 31555.1 31510.4 -44.7 16550992.500000 
-85.3355 5.5403 31552.0 31502.5 -49.4 16551172.500000 
-85.3401 5.5334 31548.8 31502.2 -46.6 16551352.500000 
-85.3445 5.5264 31545.6 31515.2 -30.4 16551532.500000 
-85.3491 5.5193 31542.4 31527.8 -14.5 16551712.500000 
-85.3536 5.5123 31539.2 31524.1 -15.0 16551892.500000 
-85.3582 5.5052 31535.9 31518.2 -17.8 16552072.500000 
-85.3629 5.4982 31532.8 31533.2 0.4 16552252.500000 
-85.3677 5.4911 31529.6 31562.5 32.9 16552432.500000 
-85.3724 5.4841 31526.4 31572.5 46.2 16552612.500000 
-85.3772 5.4770 31523.2 31553.9 30.8 16552792.500000 
-85.3820 5.4698 31519.9 31532.8 12.9 16552972.500000 
-85.3867 5.4627 31516.7 31524.1 7.4 16553152.500000 
-85.3913 5.4556 31513.4 31533.0 19.6 16553332.500000 
-85.3959 5.4485 31510.2 31558.0 47.8 16553512.500000 
-85.4005 5.4414 31507.0 31577.3 70.3 16553692.500000 
-85.4052 5.4344 31503.8 31563.9 60.1 16553872.500000 
-85.4100 5.4272 31500.6 31517.7 17.2 16554052.500000 
-85.4149 5.4200 31497.3 31466.8 -30.5 16554232.500000 
-85.4197 5.4128 31494.1 31432.1 -62.0 16554412.500000 
-85.4245 5.4056 31490.8 31391.6 -99.2 16554592.500000 
-85.4294 5.3984 31487.5 31341.8 -145.8 16554772.500000 
-85.4341 5.3912 31484.3 31310.4 -173.9 16554952.500000 
-85.4389 5.3839 31481.0 31300.9 -180.0 16555132.500000 
-85.4436 5.3764 31477.6 31300.3 -177.3 16555312.500000 
-85.4483 5.3689 31474.2 31329.3 -144.8 16555492.500000 
-85.4530 5.3615 31470.8 31419.0 -51.8 16555672.500000 
-85.4576 5.3542 31467.5 31536.3 68.9 16555852.500000 
-85.4623 5.3468 31464.1 31505.5 41.4 16556032.500000 
-85.4670 5.3394 31460.8 31405.0 -55.7 16556212.500000 
-85.4717 5.3320 31457.4 31376.4 -81.0 16556392.500000 
-85.4764 5.3245 31454.0 31385.7 -68.3 16556572.500000 
-85.4812 5.3169 31450.6 31404.8 -45.7 16556752.500000 
-85.4859 5.3093 31447.1 31413.1 -34.0 16556932.500000 
-85.4906 5.3018 31443.7 31407.2 -36.6 16557112.500000 
-85.4953 5.2944 31440.3 31404.2 -36.1 16557292.500000 
-85.4999 5.2869 31436.9 31425.6 -11.3 16557472.500000 
-85.5046 5.2795 31433.6 31459.6 26.1 16557652.500000 
-85.5093 5.2721 31430.2 31482.8 52.6 16557832.500000 
-85.5140 5.2648 31426.9 31486.2 59.2 16558012.500000 
-85.5188 5.2574 31423.6 31476.9 53.3 16558192.500000 
-85.5235 5.2500 31420.2 31465.2 44.9 16558372.500000 
-85.5282 5.2427 31416.9 31462.5 45.6 16558552.500000 
-85.5328 5.2354 31413.6 31464.8 51.2 16558732.500000 
-85.5374 5.2281 31410.3 31447.7 37.4 16558912.500000 
-85.5421 5.2207 31407.0 31401.2 -5.8 16559092.500000 
-85.5468 5.2135 31403.7 31353.1 -50.6 16559272.500000 
-85.5515 5.2062 31400.5 31323.3 -77.2 16559452.500000 
-85.5563 5.1990 31397.2 31316.8 -80.4 16559632.500000 
-85.5613 5.1918 31394.0 31316.2 -77.7 16559812.500000 
-85.5657 5.1843 31390.6 31304.8 -85.7 16559992.500000 
-85.5617 5.1771 31386.7 31281.5 -105.2 16560172.500000 
-85.5551 5.1707 31383.2 31289.5 -93.6 16560352.500000 
-85.5478 5.1652 31379.9 31298.3 -81.7 16560532.500000 
-85.5403 5.1597 31376.7 31244.8 -131.9 16560712.500000 
-85.5328 5.1541 31373.5 31146.3 -227.2 16560892.500000 
-85.5254 5.1486 31370.2 31110.3 -259.9 16561072.500000 
-85.5182 5.1429 31366.9 31130.7 -236.2 16561252.500000 
-85.5110 5.1371 31363.6 31153.7 -209.9 16561432.500000 
-85.5038 5.1314 31360.3 31177.3 -183.0 16561612.500000 
-85.4966 5.1258 31357.0 31192.6 -164.5 16561792.500000 
-85.4893 5.1202 31353.8 31189.1 -164.7 16561972.500000 
-85.4820 5.1146 31350.5 31175.9 -174.6 16562152.500000 
-85.4746 5.1091 31347.3 31182.5 -164.7 16562332.500000 
-85.4671 5.1035 31344.0 31198.1 -146.0 16562512.500000 
-85.4597 5.0980 31340.8 31204.6 -136.2 16562692.500000 
-85.4524 5.0924 31337.5 31202.0 -135.6 16562872.500000 
-85.4451 5.0868 31334.3 31201.3 -133.0 16563052.500000 
-85.4379 5.0810 31330.9 31208.7 -122.2 16563232.500000 
-85.4306 5.0753 31327.6 31215.0 -112.7 16563412.500000 
-85.4234 5.0695 31324.3 31212.2 -112.1 16563592.500000 
-85.4161 5.0638 31320.9 31209.3 -111.7 16563772.500000 
-85.4088 5.0581 31317.6 31212.1 -105.5 16563952.500000 
-85.4015 5.0524 31314.3 31219.7 -94.6 16564132.500000 
-85.3941 5.0467 31311.0 31223.1 -87.9 16564312.500000 
-85.3868 5.0411 31307.7 31214.6 -93.2 16564492.500000 
-85.3795 5.0354 31304.5 31200.5 -104.0 16564672.500000 
-85.3723 5.0298 31301.2 31185.4 -115.8 16564852.500000 
-85.3649 5.0244 31298.0 31169.1 -129.0 16565032.500000 
-85.3576 5.0188 31294.8 31152.9 -141.9 16565212.500000 
-85.3525 5.0122 31291.2 31142.7 -148.5 16565392.500000 
-85.3550 5.0044 31287.6 31143.8 -143.7 16565572.500000 
-85.3597 4.9976 31284.5 31160.1 -124.3 16565752.500000 
-85.3642 4.9904 31281.3 31188.0 -93.3 16565932.500000 
-85.3688 4.9833 31278.1 31222.4 -55.6 16566112.500000 
-85.3735 4.9764 31275.0 31251.6 -23.4 16566292.500000 
-85.3783 4.9695 31271.9 31266.4 -5.5 16566472.500000 
-85.3831 4.9625 31268.8 31267.4 -1.4 16566652.500000 
-85.3881 4.9557 31265.8 31259.9 -5.9 16566832.500000 
-85.3931 4.9489 31262.8 31248.1 -14.7 16567012.500000 
-85.3981 4.9420 31259.8 31236.2 -23.6 16567192.500000 
-85.4030 4.9352 31256.8 31227.4 -29.4 16567372.500000 
-85.4078 4.9284 31253.8 31221.7 -32.1 16567552.500000 
-85.4128 4.9219 31250.9 31217.4 -33.5 16567732.500000 
-85.4179 4.9153 31248.1 31215.9 -32.1 16567912.500000 
-85.4230 4.9088 31245.2 31217.1 -28.1 16568092.500000 
-85.4281 4.9023 31242.4 31217.0 -25.3 16568272.500000 
-85.4332 4.8958 31239.5 31210.2 -29.3 16568452.500000 
-85.4384 4.8893 31236.7 31196.0 -40.7 16568632.500000 
-85.4436 4.8828 31233.9 31177.2 -56.7 16568812.500000 
-85.4488 4.8763 31231.0 31161.0 -70.0 16568992.500000 
-85.4540 4.8698 31228.2 31153.4 -74.8 16569172.500000 
-85.4591 4.8632 31225.3 31157.7 -67.6 16569352.500000 
-85.4643 4.8566 31222.5 31174.0 -48.5 16569532.500000 
-85.4695 4.8501 31219.6 31194.5 -25.1 16569712.500000 
-85.4748 4.8435 31216.8 31205.5 -11.2 16569892.500000 
-85.4798 4.8368 31213.8 31194.0 -19.8 16570072.500000 
-85.4847 4.8300 31210.8 31160.1 -50.7 16570252.500000 
-85.4896 4.8232 31207.8 31114.3 -93.5 16570432.500000 
-85.4945 4.8164 31204.8 31065.6 -139.2 16570612.500000 
-85.4993 4.8095 31201.8 31017.9 -183.9 16570792.500000 
-85.5042 4.8026 31198.8 30969.0 -229.8 16570972.500000 
-85.5091 4.7958 31195.7 30917.6 -278.2 16571152.500000 
-85.5140 4.7889 31192.7 30871.8 -320.9 16571332.500000 
-85.5189 4.7819 31189.7 30841.4 -348.3 16571512.500000 
-85.5240 4.7751 31186.7 30832.1 -354.6 16571692.500000 
-85.5291 4.7683 31183.7 30849.6 -334.1 16571872.500000 
-85.5343 4.7615 31180.7 30889.1 -291.6 16572052.500000 
-85.5395 4.7547 31177.8 30934.6 -243.1 16572232.500000 
-85.5449 4.7480 31174.9 30982.1 -192.8 16572412.500000 
-85.5502 4.7414 31172.0 31025.4 -146.6 16572592.500000 
-85.5556 4.7347 31169.1 31055.9 -113.2 16572772.500000 
-85.5611 4.7281 31166.2 31068.9 -97.3 16572952.500000 
-85.5666 4.7213 31163.3 31064.9 -98.4 16573132.500000 
-85.5721 4.7146 31160.4 31047.7 -112.7 16573312.500000 
-85.5777 4.7078 31157.5 31028.1 -129.4 16573492.500000 
-85.5832 4.7010 31154.6 31017.7 -136.9 16573672.500000 
-85.5886 4.6941 31151.6 31020.1 -131.5 16573852.500000 
-85.5939 4.6871 31148.5 31034.5 -114.0 16574032.500000 
-85.5990 4.6800 31145.4 31057.5 -87.9 16574212.500000 
-85.6040 4.6728 31142.3 31082.9 -59.4 16574392.500000 
-85.6089 4.6657 31139.1 31103.0 -36.1 16574572.500000 
-85.6140 4.6586 31136.0 31112.9 -23.1 16574752.500000 
-85.6191 4.6516 31133.0 31109.5 -23.5 16574932.500000 
-85.6243 4.6445 31129.9 31092.6 -37.3 16575112.500000 
-85.6294 4.6375 31126.8 31067.5 -59.3 16575292.500000 
-85.6346 4.6304 31123.7 31041.9 -81.8 16575472.500000 
-85.6398 4.6234 31120.6 31023.5 -97.1 16575652.500000 
-85.6451 4.6163 31117.6 31013.9 -103.7 16575832.500000 
-85.6503 4.6093 31114.5 31009.7 -104.8 16576012.500000 
-85.6554 4.6023 31111.5 31007.0 -104.5 16576192.500000 
-85.6606 4.5954 31108.4 31003.6 -104.8 16576372.500000 
-85.6658 4.5884 31105.4 31003.3 -102.2 16576552.500000 
-85.6710 4.5815 31102.4 31008.6 -93.9 16576732.500000 
-85.6762 4.5746 31099.4 31018.8 -80.6 16576912.500000 
-85.6814 4.5676 31096.4 31032.7 -63.7 16577092.500000 
-85.6866 4.5607 31093.4 31047.2 -46.2 16577272.500000 
-85.6917 4.5538 31090.4 31062.9 -27.5 16577452.500000 
-85.6968 4.5469 31087.4 31081.3 -6.1 16577632.500000 
-85.7019 4.5400 31084.4 31103.3 18.9 16577812.500000 
-85.7071 4.5333 31081.5 31129.4 47.9 16577992.500000 
-85.7122 4.5266 31078.6 31156.6 78.0 16578172.500000 
-85.7173 4.5199 31075.7 31177.9 102.2 16578352.500000 
-85.7224 4.5131 31072.8 31185.3 112.5 16578532.500000 
-85.7273 4.5063 31069.8 31180.6 110.8 16578712.500000 
-85.7322 4.4995 31066.8 31173.1 106.2 16578892.500000 
-85.7372 4.4928 31063.9 31168.0 104.1 16579072.500000 
-85.7422 4.4861 31061.0 31164.7 103.6 16579252.500000 
-85.7474 4.4795 31058.2 31159.4 101.2 16579432.500000 
-85.7526 4.4728 31055.3 31150.9 95.6 16579612.500000 
-85.7579 4.4661 31052.4 31140.1 87.7 16579792.500000 
-85.7633 4.4594 31049.5 31130.4 80.9 16579972.500000 
-85.7686 4.4527 31046.6 31127.0 80.3 16580152.500000 
-85.7739 4.4459 31043.7 31129.4 85.7 16580332.500000 
-85.7792 4.4391 31040.8 31132.9 92.1 16580512.500000 
-85.7843 4.4323 31037.9 31132.7 94.8 16580692.500000 
-85.7896 4.4256 31035.0 31124.8 89.9 16580872.500000 
-85.7949 4.4187 31032.0 31109.5 77.5 16581052.500000 
-85.8003 4.4119 31029.1 31088.1 59.0 16581232.500000 
-85.8056 4.4050 31026.1 31060.6 34.5 16581412.500000 
-85.8109 4.3982 31023.2 31027.5 4.3 16581592.500000 
-85.8162 4.3913 31020.3 30992.0 -28.2 16581772.500000 
-85.8214 4.3844 31017.3 30961.0 -56.2 16581952.500000 
-85.8265 4.3775 31014.3 30939.1 -75.2 16582132.500000 
-85.8316 4.3706 31011.3 30925.4 -85.9 16582312.500000 
-85.8366 4.3636 31008.3 30916.1 -92.2 16582492.500000 
-85.8416 4.3567 31005.3 30907.7 -97.6 16582672.500000 
-85.8466 4.3498 31002.3 30904.6 -97.7 16582852.500000 
-85.8516 4.3429 30999.3 30913.2 -86.1 16583032.500000 
-85.8565 4.3359 30996.3 30929.4 -66.9 16583212.500000 
-85.8615 4.3290 30993.3 30943.8 -49.5 16583392.500000 
-85.8667 4.3222 30990.4 30951.5 -38.9 16583572.500000 
-85.8718 4.3153 30987.4 30946.8 -40.6 16583752.500000 
-85.8770 4.3085 30984.5 30929.5 -54.9 16583932.500000 
-85.8823 4.3017 30981.6 30913.1 -68.5 16584112.500000 
-85.8875 4.2949 30978.6 30906.3 -72.3 16584292.500000 
-85.8928 4.2881 30975.7 30908.3 -67.4 16584472.500000 
-85.8981 4.2812 30972.8 30907.3 -65.5 16584652.500000 
-85.9033 4.2743 30969.8 30900.3 -69.5 16584832.500000 
-85.9085 4.2673 30966.8 30902.4 -64.4 16585012.500000 
-85.9138 4.2604 30963.9 30917.8 -46.0 16585192.500000 
-85.9186 4.2532 30960.7 30935.9 -24.8 16585372.500000 
-85.9233 4.2458 30957.5 30922.8 -34.8 16585552.500000 
-85.9280 4.2386 30954.4 30887.7 -66.6 16585732.500000 
-85.9327 4.2315 30951.3 30917.2 -34.0 16585912.500000 
-85.9373 4.2243 30948.1 30961.1 13.0 16586092.500000 
-85.9420 4.2172 30945.0 31030.5 85.5 16586272.500000 
-85.9466 4.2100 30941.9 31050.2 108.3 16586452.500000 
-85.9513 4.2028 30938.8 31068.1 129.3 16586632.500000 
-85.9560 4.1957 30935.7 31093.7 158.0 16586812.500000 
-85.9608 4.1885 30932.6 31110.7 178.2 16586992.500000 
-85.9655 4.1813 30929.4 31116.8 187.4 16587172.500000 
-85.9700 4.1741 30926.3 31110.9 184.7 16587352.500000 
-85.9745 4.1668 30923.1 31093.3 170.3 16587532.500000 
-85.9790 4.1595 30919.9 31059.3 139.4 16587712.500000 
-85.9834 4.1521 30916.7 31011.3 94.6 16587892.500000 
-85.9879 4.1448 30913.5 30965.6 52.2 16588072.500000 
-85.9925 4.1374 30910.3 30939.9 29.7 16588252.500000 
-85.9970 4.1301 30907.1 30942.2 35.1 16588432.500000 
-86.0015 4.1228 30903.9 30969.3 65.4 16588612.500000 
-86.0061 4.1154 30900.7 31011.9 111.2 16588792.500000 
-86.0107 4.1080 30897.4 31063.0 165.6 16588972.500000 
-86.0152 4.1006 30894.2 31115.9 221.7 16589152.500000 
-86.0197 4.0932 30891.0 31157.5 266.5 16589332.500000 
-86.0242 4.0858 30887.8 31174.6 286.9 16589512.500000 
-86.0290 4.0786 30884.6 31167.1 282.5 16589692.500000 
-86.0338 4.0714 30881.5 31142.3 260.8 16589872.500000 
-86.0385 4.0642 30878.4 31106.4 228.0 16590052.500000 
-86.0432 4.0569 30875.2 31063.6 188.3 16590232.500000 
-86.0479 4.0497 30872.1 31019.0 146.9 16590412.500000 
-86.0526 4.0425 30869.0 30978.8 109.7 16590592.500000 
-86.0572 4.0354 30865.9 30948.5 82.6 16590772.500000 
-86.0618 4.0283 30862.8 30929.8 66.9 16590952.500000 
-86.0664 4.0210 30859.7 30918.9 59.1 16591132.500000 
-86.0709 4.0138 30856.6 30912.5 56.0 16591312.500000 
-86.0753 4.0064 30853.4 30908.2 54.8 16591492.500000 
-86.0798 3.9991 30850.2 30905.5 55.3 16591672.500000 
-86.0843 3.9917 30847.0 30906.3 59.3 16591852.500000 
-86.0887 3.9843 30843.8 30909.7 65.9 16592032.500000 
-86.0931 3.9769 30840.5 30913.4 72.9 16592212.500000 
-86.0976 3.9696 30837.4 30918.2 80.9 16592392.500000 
-86.1024 3.9625 30834.3 30923.1 88.9 16592572.500000 
-86.1070 3.9552 30831.1 30922.8 91.7 16592752.500000 
-86.1116 3.9480 30828.0 30914.7 86.7 16592932.500000 
-86.1162 3.9408 30824.9 30900.6 75.7 16593112.500000 
-86.1208 3.9336 30821.8 30876.1 54.3 16593292.500000 
-86.1254 3.9263 30818.7 30831.1 12.4 16593472.500000 
-86.1301 3.9191 30815.6 30760.3 -55.3 16593652.500000 
-86.1347 3.9119 30812.5 30666.4 -146.1 16593832.500000 
-86.1393 3.9047 30809.3 30570.1 -239.2 16594012.500000 
-86.1439 3.8974 30806.2 30495.8 -310.5 16594192.500000 
-86.1484 3.8902 30803.1 30456.8 -346.3 16594372.500000 
-86.1530 3.8830 30800.0 30446.7 -353.3 16594552.500000 
-86.1576 3.8757 30796.9 30451.4 -345.4 16594732.500000 
-86.1622 3.8685 30793.7 30464.9 -328.8 16594912.500000 
-86.1669 3.8613 30790.6 30490.9 -299.7 16595092.500000 
-86.1715 3.8541 30787.5 30531.7 -255.9 16595272.500000 
-86.1762 3.8469 30784.5 30579.6 -204.9 16595452.500000 
-86.1809 3.8398 30781.4 30627.1 -154.2 16595632.500000 
-86.1856 3.8326 30778.3 30670.9 -107.4 16595812.500000 
-86.1904 3.8254 30775.2 30714.4 -60.9 16595992.500000 
-86.1951 3.8183 30772.2 30766.0 -6.2 16596172.500000 
-86.1997 3.8111 30769.1 30826.3 57.2 16596352.500000 
-86.2040 3.8038 30765.9 30893.4 127.5 16596532.500000 
-86.2083 3.7965 30762.8 30951.9 189.1 16596712.500000 
-86.2127 3.7891 30759.6 30995.7 236.2 16596892.500000 
-86.2169 3.7818 30756.4 31022.2 265.8 16597072.500000 
-86.2212 3.7744 30753.2 31032.7 279.5 16597252.500000 
-86.2255 3.7671 30750.1 31033.8 283.7 16597432.500000 
-86.2298 3.7598 30746.9 31033.1 286.2 16597612.500000 
-86.2341 3.7524 30743.7 31037.6 293.9 16597792.500000 
-86.2384 3.7451 30740.5 31048.7 308.2 16597972.500000 
-86.2426 3.7377 30737.4 31064.2 326.9 16598152.500000 
-86.2468 3.7305 30734.2 31080.9 346.7 16598332.500000 
-86.2512 3.7233 30731.1 31096.6 365.5 16598512.500000 
-86.2557 3.7161 30728.1 31104.7 376.6 16598692.500000 
-86.2602 3.7090 30725.0 31097.6 372.6 16598872.500000 
-86.2648 3.7019 30722.0 31074.6 352.7 16599052.500000 
-86.2694 3.6948 30718.9 31041.6 322.7 16599232.500000 
-86.2742 3.6876 30715.9 31003.1 287.2 16599412.500000 
-86.2789 3.6804 30712.8 30960.8 248.0 16599592.500000 
-86.2836 3.6732 30709.7 30916.9 207.2 16599772.500000 
-86.2883 3.6660 30706.7 30875.3 168.6 16599952.500000 
-86.2929 3.6588 30703.6 30842.0 138.4 16600132.500000 
-86.2976 3.6516 30700.5 30819.6 119.1 16600312.500000 
-86.3022 3.6444 30697.4 30801.8 104.3 16600492.500000 
-86.3069 3.6371 30694.4 30777.6 83.3 16600672.500000 
-86.3115 3.6299 30691.3 30743.7 52.5 16600852.500000 
-86.3161 3.6227 30688.2 30711.6 23.4 16601032.500000 
-86.3207 3.6155 30685.1 30695.6 10.5 16601212.500000 
-86.3259 3.6089 30682.4 30704.8 22.4 16601392.500000 
-86.3330 3.6043 30680.7 30726.4 45.7 16601572.500000 
-86.3402 3.6000 30679.2 30742.5 63.3 16601752.500000 
-86.3475 3.5957 30677.6 30745.8 68.2 16601932.500000 
-86.3546 3.5912 30676.0 30733.6 57.6 16602112.500000 
-86.3618 3.5867 30674.4 30707.9 33.5 16602292.500000 
-86.3689 3.5824 30672.8 30678.2 5.4 16602472.500000 
-86.3760 3.5779 30671.2 30654.0 -17.2 16602652.500000 
-86.3831 3.5733 30669.5 30641.6 -27.9 16602832.500000 
-86.3903 3.5687 30667.8 30643.6 -24.2 16603012.500000 
-86.3975 3.5640 30666.1 30659.9 -6.3 16603192.500000 
-86.4047 3.5594 30664.4 30686.1 21.6 16603372.500000 
-86.4118 3.5547 30662.7 30712.6 49.9 16603552.500000 
-86.4191 3.5500 30661.0 30733.7 72.7 16603732.500000 
-86.4263 3.5453 30659.3 30752.0 92.7 16603912.500000 
-86.4335 3.5406 30657.6 30771.1 113.6 16604092.500000 
-86.4406 3.5359 30655.8 30789.7 133.9 16604272.500000 
-86.4478 3.5311 30654.1 30809.3 155.3 16604452.500000 
-86.4550 3.5263 30652.3 30829.4 177.1 16604632.500000 
-86.4622 3.5216 30650.6 30848.1 197.6 16604812.500000 
-86.4695 3.5168 30648.8 30865.2 216.4 16604992.500000 
-86.4768 3.5120 30647.1 30885.2 238.1 16605172.500000 
-86.4841 3.5072 30645.3 30912.2 266.9 16605352.500000 
-86.4914 3.5026 30643.6 30948.2 304.6 16605532.500000 
-86.4988 3.4981 30642.0 30992.2 350.2 16605712.500000 
-86.5063 3.4936 30640.4 31038.7 398.2 16605892.500000 
-86.5138 3.4892 30638.9 31075.1 436.3 16606072.500000 
-86.5213 3.4849 30637.3 31092.0 454.6 16606252.500000 
-86.5287 3.4804 30635.8 31087.4 451.6 16606432.500000 
-86.5362 3.4760 30634.2 31065.9 431.7 16606612.500000 
-86.5437 3.4716 30632.6 31036.5 403.8 16606792.500000 
-86.5512 3.4672 30631.1 31008.1 377.0 16606972.500000 
-86.5585 3.4626 30629.4 30984.2 354.7 16607152.500000 
-86.5659 3.4580 30627.8 30967.6 339.8 16607332.500000 
-86.5732 3.4535 30626.1 30958.9 332.8 16607512.500000 
-86.5805 3.4489 30624.5 30955.4 330.9 16607692.500000 
-86.5879 3.4445 30622.9 30952.8 329.9 16607872.500000 
-86.5953 3.4400 30621.3 30946.3 324.9 16608052.500000 
-86.6027 3.4356 30619.8 30932.6 312.8 16608232.500000 
-86.6100 3.4310 30618.1 30909.7 291.6 16608412.500000 
-86.6172 3.4262 30616.4 30875.0 258.6 16608592.500000 
-86.6244 3.4214 30614.6 30828.3 213.7 16608772.500000 
-86.6316 3.4166 30612.8 30770.3 157.5 16608952.500000 
-86.6387 3.4119 30611.1 30705.5 94.4 16609132.500000 
-86.6458 3.4072 30609.4 30638.4 29.0 16609312.500000 
-86.6529 3.4025 30607.7 30573.0 -34.7 16609492.500000 
-86.6599 3.3978 30606.0 30512.7 -93.3 16609672.500000 
-86.6669 3.3931 30604.2 30460.2 -144.1 16609852.500000 
-86.6740 3.3884 30602.5 30418.2 -184.3 16610032.500000 
-86.6810 3.3836 30600.8 30386.2 -214.6 16610212.500000 
-86.6881 3.3790 30599.1 30363.4 -235.7 16610392.500000 
-86.6952 3.3745 30597.4 30345.9 -251.6 16610572.500000 
-86.7024 3.3698 30595.8 30331.3 -264.5 16610752.500000 
-86.7095 3.3652 30594.1 30316.4 -277.7 16610932.500000 
-86.7166 3.3606 30592.4 30302.8 -289.6 16611112.500000 
-86.7237 3.3560 30590.8 30290.2 -300.6 16611292.500000 
-86.7309 3.3514 30589.1 30280.7 -308.4 16611472.500000 
-86.7382 3.3470 30587.5 30275.8 -311.7 16611652.500000 
-86.7455 3.3425 30585.9 30278.1 -307.8 16611832.500000 
-86.7528 3.3380 30584.3 30288.1 -296.2 16612012.500000 
-86.7601 3.3335 30582.7 30304.8 -277.9 16612192.500000 
-86.7673 3.3291 30581.2 30325.8 -255.4 16612372.500000 
-86.7746 3.3247 30579.6 30349.3 -230.3 16612552.500000 
-86.7819 3.3202 30578.0 30372.8 -205.2 16612732.500000 
-86.7893 3.3158 30576.4 30395.1 -181.4 16612912.500000 
-86.7966 3.3113 30574.8 30417.5 -157.3 16613092.500000 
-86.8040 3.3068 30573.2 30441.3 -131.9 16613272.500000 
-86.8114 3.3022 30571.6 30468.3 -103.3 16613452.500000 
-86.8187 3.2977 30570.0 30497.4 -72.5 16613632.500000 
-86.8261 3.2931 30568.3 30528.8 -39.6 16613812.500000 
-86.8335 3.2885 30566.7 30559.1 -7.6 16613992.500000 
-86.8408 3.2840 30565.1 30583.8 18.7 16614172.500000 
-86.8482 3.2794 30563.4 30597.7 34.3 16614352.500000 
-86.8555 3.2748 30561.8 30599.8 38.0 16614532.500000 
-86.8628 3.2702 30560.1 30593.5 33.3 16614712.500000 
-86.8702 3.2656 30558.5 30581.4 22.9 16614892.500000 
-86.8775 3.2610 30556.8 30567.5 10.7 16615072.500000 
-86.8848 3.2563 30555.2 30554.8 -0.4 16615252.500000 
-86.8922 3.2517 30553.5 30547.3 -6.2 16615432.500000 
-86.8996 3.2471 30551.8 30547.8 -4.1 16615612.500000 
-86.9069 3.2425 30550.2 30557.1 6.9 16615792.500000 
-86.9142 3.2379 30548.6 30574.1 25.6 16615972.500000 
-86.9215 3.2334 30546.9 30594.8 47.8 16616152.500000 
-86.9288 3.2289 30545.3 30617.1 71.7 16616332.500000 
-86.9360 3.2245 30543.8 30638.4 94.6 16616512.500000 
-86.9432 3.2200 30542.2 30657.4 115.2 16616692.500000 
-86.9504 3.2157 30540.7 30673.6 132.9 16616872.500000 
-86.9576 3.2112 30539.1 30688.0 148.9 16617052.500000 
-86.9646 3.2065 30537.4 30700.8 163.4 16617232.500000 
-86.9715 3.2018 30535.7 30710.0 174.3 16617412.500000 
-86.9785 3.1972 30534.0 30712.3 178.3 16617592.500000 
-86.9855 3.1925 30532.3 30706.0 173.7 16617772.500000 
-86.9925 3.1880 30530.6 30694.1 163.4 16617952.500000 
-86.9995 3.1833 30529.0 30679.1 150.1 16618132.500000 
-87.0065 3.1787 30527.3 30662.9 135.6 16618312.500000 
-87.0136 3.1741 30525.6 30647.7 122.1 16618492.500000 
-87.0205 3.1694 30523.9 30633.1 109.2 16618672.500000 
-87.0275 3.1646 30522.2 30620.2 98.1 16618852.500000 
-87.0345 3.1599 30520.4 30609.1 88.6 16619032.500000 
-87.0415 3.1552 30518.8 30602.3 83.6 16619212.500000 
-87.0487 3.1507 30517.2 30602.1 85.0 16619392.500000 
-87.0559 3.1464 30515.6 30609.9 94.2 16619572.500000 
-87.0642 3.1465 30516.2 30607.3 91.1 16619752.500000 
-87.0727 3.1470 30517.0 30595.2 78.1 16619932.500000 
-87.0812 3.1476 30517.8 30585.6 67.8 16620112.500000 
-87.0897 3.1481 30518.6 30580.9 62.3 16620292.500000 
-87.0982 3.1486 30519.4 30581.5 62.1 16620472.500000 
-87.1066 3.1491 30520.2 30586.4 66.2 16620652.500000 
-87.1151 3.1496 30520.9 30592.3 71.4 16620832.500000 
-87.1237 3.1499 30521.7 30596.3 74.6 16621012.500000 
-87.1322 3.1503 30522.4 30596.9 74.4 16621192.500000 
-87.1409 3.1509 30523.2 30594.4 71.2 16621372.500000 
-87.1494 3.1517 30524.1 30588.5 64.4 16621552.500000 
-87.1580 3.1526 30525.1 30582.1 57.0 16621732.500000 
-87.1666 3.1531 30525.9 30577.8 51.9 16621912.500000 
-87.1752 3.1536 30526.7 30577.7 51.0 16622092.500000 
-87.1838 3.1541 30527.5 30581.0 53.5 16622272.500000 
-87.1924 3.1548 30528.3 30587.1 58.8 16622452.500000 
-87.2010 3.1555 30529.2 30594.6 65.4 16622632.500000 
-87.2095 3.1562 30530.1 30598.4 68.3 16622812.500000 
-87.2181 3.1567 30530.9 30595.9 65.0 16622992.500000 
-87.2268 3.1573 30531.7 30588.2 56.5 16623172.500000 
-87.2354 3.1579 30532.5 30577.1 44.6 16623352.500000 
-87.2440 3.1586 30533.4 30566.3 32.9 16623532.500000 
-87.2527 3.1594 30534.3 30560.0 25.6 16623712.500000 
-87.2612 3.1601 30535.2 30560.1 24.9 16623892.500000 
-87.2697 3.1607 30536.0 30564.8 28.8 16624072.500000 
-87.2782 3.1613 30536.8 30572.7 35.8 16624252.500000 
-87.2867 3.1618 30537.6 30581.9 44.2 16624432.500000 
-87.2951 3.1624 30538.4 30592.3 53.8 16624612.500000 
-87.3035 3.1630 30539.2 30600.7 61.5 16624792.500000 
-87.3120 3.1636 30540.1 30603.9 63.8 16624972.500000 
-87.3205 3.1642 30540.9 30595.0 54.1 16625152.500000 
-87.3289 3.1649 30541.8 30574.3 32.6 16625332.500000 
-87.3374 3.1657 30542.6 30548.1 5.5 16625512.500000 
-87.3459 3.1663 30543.5 30516.8 -26.7 16625692.500000 
-87.3544 3.1669 30544.3 30481.8 -62.5 16625872.500000 
-87.3628 3.1670 30544.9 30452.2 -92.7 16626052.500000 
-87.3706 3.1639 30543.9 30448.3 -95.6 16626232.500000 
-87.3741 3.1566 30540.8 30473.7 -67.1 16626412.500000 
-87.3739 3.1477 30536.7 30457.1 -79.6 16626592.500000 
-87.3737 3.1388 30532.6 30427.6 -105.0 16626772.500000 
-87.3738 3.1299 30528.5 30438.2 -90.3 16626952.500000 
-87.3739 3.1210 30524.4 30472.8 -51.6 16627132.500000 
-87.3739 3.1121 30520.4 30525.3 4.9 16627312.500000 
-87.3738 3.1032 30516.3 30595.0 78.8 16627492.500000 
-87.3737 3.0943 30512.2 30656.2 144.0 16627672.500000 
-87.3736 3.0853 30508.1 30666.4 158.3 16627852.500000 
-87.3734 3.0764 30504.0 30593.8 89.8 16628032.500000 
-87.3732 3.0674 30499.9 30459.8 -40.1 16628212.500000 
-87.3729 3.0585 30495.8 30339.7 -156.1 16628392.500000 
-87.3727 3.0497 30491.7 30277.7 -214.1 16628572.500000 
-87.3727 3.0408 30487.7 30252.2 -235.5 16628752.500000 
-87.3726 3.0320 30483.6 30234.9 -248.7 16628932.500000 
-87.3726 3.0232 30479.6 30232.2 -247.4 16629112.500000 
-87.3726 3.0145 30475.6 30262.9 -212.7 16629292.500000 
-87.3725 3.0056 30471.6 30325.4 -146.1 16629472.500000 
-87.3725 2.9967 30467.5 30378.5 -89.0 16629652.500000 
-87.3725 2.9878 30463.4 30378.5 -85.0 16629832.500000 
-87.3727 2.9789 30459.4 30344.6 -114.8 16630012.500000 
-87.3728 2.9701 30455.3 30331.5 -123.8 16630192.500000 
-87.3728 2.9611 30451.3 30358.3 -93.0 16630372.500000 
-87.3728 2.9522 30447.2 30407.9 -39.2 16630552.500000 
-87.3728 2.9432 30443.1 30462.6 19.5 16630732.500000 
-87.3729 2.9342 30439.0 30514.7 75.7 16630912.500000 
-87.3729 2.9253 30435.0 30563.0 128.0 16631092.500000 
-87.3730 2.9164 30430.9 30603.9 173.0 16631272.500000 
-87.3730 2.9075 30426.9 30632.1 205.3 16631452.500000 
-87.3730 2.8985 30422.8 30644.2 221.4 16631632.500000 
-87.3730 2.8897 30418.8 30645.6 226.8 16631812.500000 
-87.3729 2.8800 30414.4 30645.4 231.1 16632008.500000 
-87.3729 2.8712 30410.3 30647.3 237.0 16632188.500000 
-87.3728 2.8623 30406.3 30653.1 246.8 16632368.500000 
-87.3727 2.8535 30402.3 30659.0 256.8 16632548.500000 
-87.3725 2.8446 30398.3 30658.0 259.8 16632728.500000 
-87.3723 2.8357 30394.2 30656.8 262.6 16632908.500000 
-87.3720 2.8269 30390.2 30666.2 276.1 16633088.500000 
-87.3718 2.8179 30386.1 30679.2 293.1 16633268.500000 
-87.3716 2.8090 30382.0 30676.1 294.1 16633448.500000 
-87.3714 2.8001 30378.0 30643.7 265.7 16633628.500000 
-87.3713 2.7912 30374.0 30589.1 215.2 16633808.500000 
-87.3711 2.7822 30369.9 30531.4 161.6 16633988.500000 
-87.3711 2.7732 30365.8 30479.6 113.8 16634168.500000 
-87.3710 2.7642 30361.7 30435.0 73.3 16634348.500000 
-87.3710 2.7553 30357.7 30404.1 46.5 16634528.500000 
-87.3709 2.7463 30353.6 30382.7 29.1 16634708.500000 
-87.3709 2.7373 30349.5 30365.0 15.4 16634888.500000 
-87.3708 2.7284 30345.5 30352.0 6.5 16635068.500000 
-87.3709 2.7194 30341.5 30344.3 2.9 16635248.500000 
-87.3707 2.7105 30337.4 30338.0 0.6 16635428.500000 
-87.3719 2.7019 30333.6 30330.6 -3.1 16635608.500000 
-87.3792 2.6977 30332.2 30318.3 -13.9 16635788.500000 
-87.3869 2.7006 30334.0 30313.7 -20.3 16635968.500000 
-87.3943 2.7049 30336.4 30316.0 -20.4 16636148.500000 
-87.4003 2.7108 30339.5 30322.4 -17.0 16636328.500000 
-87.4056 2.7176 30342.9 30333.3 -9.6 16636508.500000 
-87.4108 2.7244 30346.3 30352.3 6.0 16636688.500000 
-87.4160 2.7313 30349.7 30390.2 40.5 16636868.500000 
-87.4216 2.7379 30353.1 30453.8 100.7 16637048.500000 
-87.4271 2.7446 30356.5 30526.5 170.0 16637228.500000 
-87.4326 2.7513 30359.9 30570.2 210.4 16637408.500000 
-87.4381 2.7580 30363.2 30564.7 201.5 16637588.500000 
-87.4435 2.7646 30366.6 30525.2 158.7 16637768.500000 
-87.4489 2.7711 30369.8 30488.8 119.0 16637948.500000 
-87.4543 2.7774 30373.1 30475.0 101.9 16638128.500000 
-87.4597 2.7838 30376.3 30479.2 102.9 16638308.500000 
-87.4652 2.7903 30379.6 30488.5 108.9 16638488.500000 
-87.4707 2.7966 30382.8 30489.6 106.8 16638668.500000 
-87.4762 2.8031 30386.1 30476.1 90.0 16638848.500000 
-87.4816 2.8096 30389.4 30447.6 58.2 16639028.500000 
-87.4870 2.8162 30392.7 30416.6 23.9 16639208.500000 
-87.4923 2.8226 30396.0 30388.2 -7.7 16639388.500000 
-87.4977 2.8292 30399.3 30370.0 -29.3 16639568.500000 
-87.5030 2.8357 30402.6 30373.2 -29.4 16639748.500000 
-87.5084 2.8422 30405.9 30394.9 -10.9 16639928.500000 
-87.5137 2.8487 30409.2 30420.3 11.2 16640108.500000 
-87.5189 2.8552 30412.5 30436.9 24.4 16640288.500000 
-87.5243 2.8616 30415.7 30441.9 26.2 16640468.500000 
-87.5298 2.8680 30418.9 30439.3 20.4 16640648.500000 
-87.5352 2.8744 30422.2 30430.6 8.4 16640828.500000 
-87.5406 2.8808 30425.5 30416.3 -9.2 16641008.500000 
-87.5460 2.8872 30428.7 30400.1 -28.6 16641188.500000 
-87.5514 2.8936 30432.0 30386.9 -45.1 16641368.500000 
-87.5567 2.9000 30435.2 30378.4 -56.8 16641548.500000 
-87.5622 2.9065 30438.5 30371.5 -67.0 16641728.500000 
-87.5676 2.9130 30441.8 30360.0 -81.8 16641908.500000 
-87.5730 2.9195 30445.1 30343.9 -101.2 16642088.500000 
-87.5784 2.9261 30448.5 30332.8 -115.7 16642268.500000 
-87.5839 2.9326 30451.8 30330.7 -121.1 16642448.500000 
-87.5895 2.9392 30455.1 30336.1 -119.0 16642628.500000 
-87.5951 2.9458 30458.5 30347.1 -111.4 16642808.500000 
-87.6007 2.9524 30461.9 30360.2 -101.6 16642988.500000 
-87.6063 2.9591 30465.2 30374.8 -90.4 16643168.500000 
-87.6118 2.9657 30468.6 30391.1 -77.5 16643348.500000 
-87.6174 2.9723 30472.0 30409.4 -62.6 16643528.500000 
-87.6231 2.9789 30475.3 30433.0 -42.4 16643708.500000 
-87.6287 2.9855 30478.7 30464.2 -14.5 16643888.500000 
-87.6344 2.9921 30482.0 30502.7 20.7 16644068.500000 
-87.6400 2.9987 30485.4 30545.0 59.6 16644248.500000 
-87.6456 3.0053 30488.8 30585.4 96.6 16644428.500000 
-87.6513 3.0119 30492.1 30616.9 124.8 16644608.500000 
-87.6570 3.0185 30495.5 30633.7 138.2 16644788.500000 
-87.6627 3.0251 30498.9 30636.7 137.8 16644968.500000 
-87.6684 3.0317 30502.2 30632.3 130.1 16645148.500000 
-87.6742 3.0382 30505.6 30621.3 115.7 16645328.500000 
-87.6800 3.0449 30509.0 30600.8 91.8 16645508.500000 
-87.6858 3.0516 30512.4 30575.9 63.5 16645688.500000 
-87.6930 3.0562 30515.0 30548.5 33.5 16645868.500000 
-87.7012 3.0572 30515.9 30522.3 6.4 16646048.500000 
-87.7080 3.0525 30514.2 30516.6 2.3 16646228.500000 
-87.7148 3.0476 30512.4 30527.2 14.8 16646408.500000 
-87.7217 3.0427 30510.6 30554.0 43.3 16646588.500000 
-87.7285 3.0377 30508.8 30562.9 54.1 16646768.500000 
-87.7354 3.0327 30506.9 30514.3 7.4 16646948.500000 
-87.7423 3.0278 30505.1 30437.2 -67.9 16647128.500000 
-87.7492 3.0230 30503.4 30388.2 -115.1 16647308.500000 
-87.7561 3.0182 30501.6 30360.5 -141.1 16647488.500000 
-87.7630 3.0135 30499.9 30331.3 -168.6 16647668.500000 
-87.7699 3.0086 30498.1 30295.8 -202.3 16647848.500000 
-87.7767 3.0037 30496.3 30263.8 -232.5 16648028.500000 
-87.7837 2.9988 30494.5 30237.0 -257.5 16648208.500000 
-87.7906 2.9938 30492.7 30209.2 -283.5 16648388.500000 
-87.7975 2.9888 30490.8 30181.5 -309.3 16648568.500000 
-87.8045 2.9839 30489.0 30157.9 -331.1 16648748.500000 
-87.8115 2.9790 30487.2 30138.9 -348.3 16648928.500000 
-87.8184 2.9741 30485.4 30122.0 -363.5 16649108.500000 
-87.8254 2.9693 30483.6 30103.5 -380.1 16649288.500000 
-87.8324 2.9644 30481.9 30074.3 -407.5 16649468.500000 
-87.8394 2.9596 30480.1 30035.5 -444.6 16649648.500000 
-87.8464 2.9549 30478.4 29999.0 -479.4 16649828.500000 
-87.8534 2.9502 30476.7 29979.4 -497.3 16650008.500000 
-87.8604 2.9454 30475.0 29972.5 -502.5 16650188.500000 
-87.8674 2.9406 30473.2 29984.2 -489.1 16650368.500000 
-87.8744 2.9356 30471.4 30016.8 -454.6 16650548.500000 
-87.8813 2.9304 30469.5 30063.9 -405.6 16650728.500000 
-87.8881 2.9253 30467.6 30124.2 -343.4 16650908.500000 
-87.8950 2.9202 30465.7 30186.9 -278.8 16651088.500000 
-87.9019 2.9151 30463.8 30247.2 -216.6 16651268.500000 
-87.9088 2.9099 30461.9 30302.6 -159.3 16651448.500000 
-87.9158 2.9048 30460.0 30351.1 -108.9 16651628.500000 
-87.9227 2.8997 30458.1 30396.8 -61.3 16651808.500000 
-87.9295 2.8946 30456.2 30441.0 -15.3 16651988.500000 
-87.9363 2.8895 30454.3 30481.0 26.6 16652168.500000 
-87.9433 2.8845 30452.5 30514.6 62.0 16652348.500000 
-87.9503 2.8797 30450.8 30543.8 93.1 16652528.500000 
-87.9574 2.8748 30449.0 30564.2 115.2 16652708.500000 
-87.9645 2.8699 30447.2 30566.3 119.0 16652888.500000 
-87.9716 2.8651 30445.5 30553.7 108.2 16653068.500000 
-87.9788 2.8603 30443.8 30536.2 92.4 16653248.500000 
-87.9860 2.8555 30442.1 30520.3 78.2 16653428.500000 
-87.9932 2.8508 30440.3 30512.3 71.9 16653608.500000 
-88.0003 2.8460 30438.6 30509.8 71.2 16653788.500000 
-88.0074 2.8413 30436.9 30511.5 74.6 16653968.500000 
-88.0143 2.8364 30435.1 30516.3 81.2 16654148.500000 
-88.0194 2.8298 30432.5 30526.5 94.1 16654328.500000 
-88.0208 2.8216 30428.8 30546.1 117.2 16654508.500000 
-88.0214 2.8132 30425.1 30555.0 129.9 16654688.500000 
-88.0219 2.8049 30421.4 30541.3 119.9 16654868.500000 
-88.0223 2.7964 30417.6 30512.4 94.8 16655048.500000 
-88.0227 2.7879 30413.8 30468.2 54.4 16655228.500000 
-88.0230 2.7794 30410.0 30399.5 -10.5 16655408.500000 
-88.0233 2.7709 30406.1 30310.3 -95.9 16655588.500000 
-88.0235 2.7625 30402.4 30229.5 -172.9 16655768.500000 
-88.0238 2.7540 30398.6 30170.3 -228.3 16655948.500000 
-88.0241 2.7456 30394.8 30136.8 -258.0 16656128.500000 
-88.0247 2.7372 30391.0 30142.2 -248.8 16656308.500000 
-88.0252 2.7287 30387.2 30173.4 -213.9 16656488.500000 
-88.0258 2.7203 30383.5 30226.7 -156.8 16656668.500000 
-88.0264 2.7119 30379.8 30291.1 -88.7 16656848.500000 
-88.0271 2.7035 30376.0 30358.1 -17.9 16657028.500000 
-88.0278 2.6951 30372.3 30411.9 39.6 16657208.500000 
-88.0286 2.6867 30368.5 30443.4 74.9 16657388.500000 
-88.0292 2.6782 30364.8 30455.9 91.1 16657568.500000 
-88.0300 2.6698 30361.0 30462.1 101.1 16657748.500000 
-88.0306 2.6613 30357.3 30476.4 119.2 16657928.500000 
-88.0311 2.6528 30353.5 30504.2 150.7 16658108.500000 
-88.0317 2.6444 30349.7 30539.2 189.5 16658288.500000 
-88.0322 2.6359 30346.0 30584.1 238.1 16658468.500000 
-88.0326 2.6274 30342.2 30631.7 289.5 16658648.500000 
-88.0328 2.6190 30338.4 30677.6 339.2 16658828.500000 
-88.0327 2.6107 30334.7 30705.4 370.7 16659008.500000 
-88.0285 2.6036 30331.2 30681.0 349.7 16659188.500000 
-88.0207 2.6014 30329.8 30639.6 309.8 16659368.500000 
-88.0121 2.6022 30329.6 30605.0 275.4 16659548.500000 
-88.0035 2.6030 30329.4 30560.8 231.4 16659728.500000 
-87.9948 2.6036 30329.2 30515.1 185.9 16659908.500000 
-87.9861 2.6043 30328.9 30470.8 141.9 16660088.500000 
-87.9775 2.6049 30328.6 30429.4 100.8 16660268.500000 
-87.9687 2.6055 30328.3 30396.3 67.9 16660448.500000 
-87.9600 2.6061 30328.0 30377.6 49.6 16660628.500000 
-87.9513 2.6065 30327.7 30371.6 44.0 16660808.500000 
-87.9425 2.6068 30327.3 30373.0 45.7 16660988.500000 
-87.9338 2.6071 30326.8 30379.9 53.1 16661168.500000 
-87.9251 2.6073 30326.4 30391.1 64.7 16661348.500000 
-87.9164 2.6078 30326.1 30401.4 75.4 16661528.500000 
-87.9077 2.6084 30325.8 30405.4 79.6 16661708.500000 
-87.8990 2.6089 30325.5 30404.5 79.1 16661888.500000 
-87.8903 2.6095 30325.2 30403.2 78.0 16662068.500000 
-87.8816 2.6098 30324.8 30403.8 79.0 16662248.500000 
-87.8730 2.6101 30324.4 30405.7 81.4 16662428.500000 
-87.8643 2.6105 30324.0 30408.4 84.5 16662608.500000 
-87.8556 2.6109 30323.6 30416.3 92.7 16662788.500000 
-87.8469 2.6114 30323.3 30434.6 111.3 16662968.500000 
-87.8382 2.6119 30323.0 30463.3 140.3 16663148.500000 
-87.8296 2.6124 30322.6 30496.4 173.8 16663328.500000 
-87.8210 2.6129 30322.3 30528.4 206.1 16663508.500000 
-87.8125 2.6133 30321.9 30556.0 234.1 16663688.500000 
-87.8039 2.6137 30321.6 30578.8 257.2 16663868.500000 
-87.7954 2.6140 30321.2 30596.4 275.2 16664048.500000 
-87.7868 2.6144 30320.8 30609.9 289.1 16664228.500000 
-87.7783 2.6147 30320.4 30620.9 300.5 16664408.500000 
-87.7697 2.6152 30320.1 30630.7 310.7 16664588.500000 
-87.7611 2.6157 30319.7 30641.0 321.3 16664768.500000 
-87.7525 2.6162 30319.4 30653.3 333.8 16664948.500000 
-87.7439 2.6165 30319.0 30665.5 346.4 16665128.500000 
-87.7353 2.6169 30318.7 30674.9 356.2 16665308.500000 
-87.7267 2.6173 30318.3 30677.2 358.9 16665488.500000 
-87.7181 2.6176 30317.9 30669.8 351.9 16665668.500000 
-87.7096 2.6181 30317.5 30653.0 335.5 16665848.500000 
-87.7011 2.6187 30317.3 30628.4 311.1 16666028.500000 
-87.6926 2.6193 30317.0 30598.2 281.2 16666208.500000 
-87.6840 2.6197 30316.6 30567.0 250.4 16666388.500000 
-87.6755 2.6201 30316.3 30539.4 223.1 16666568.500000 
-87.6669 2.6206 30315.9 30514.5 198.6 16666748.500000 
-87.6583 2.6209 30315.5 30488.2 172.7 16666928.500000 
-87.6497 2.6212 30315.1 30458.3 143.2 16667108.500000 
-87.6411 2.6215 30314.7 30428.5 113.8 16667288.500000 
-87.6324 2.6218 30314.3 30405.8 91.5 16667468.500000 
-87.6238 2.6222 30313.9 30393.0 79.1 16667648.500000 
-87.6151 2.6228 30313.6 30389.2 75.6 16667828.500000 
-87.6064 2.6234 30313.3 30390.5 77.2 16668008.500000 
-87.5979 2.6241 30313.1 30390.3 77.2 16668188.500000 
-87.5893 2.6248 30312.8 30387.0 74.2 16668368.500000 
-87.5808 2.6254 30312.6 30381.5 69.0 16668548.500000 
-87.5721 2.6260 30312.3 30375.3 63.1 16668728.500000 
-87.5633 2.6265 30311.9 30368.1 56.2 16668908.500000 
-87.5545 2.6271 30311.7 30359.9 48.2 16669088.500000 
-87.5457 2.6277 30311.3 30349.8 38.5 16669268.500000 
-87.5370 2.6282 30311.0 30338.2 27.2 16669448.500000 
-87.5283 2.6286 30310.6 30325.6 14.9 16669628.500000 
-87.5195 2.6289 30310.2 30311.7 1.5 16669808.500000 
-87.5108 2.6292 30309.8 30297.3 -12.4 16669988.500000 
-87.5020 2.6296 30309.4 30282.6 -26.8 16670168.500000 
-87.4931 2.6299 30308.9 30268.7 -40.2 16670348.500000 
-87.4843 2.6304 30308.6 30256.7 -51.9 16670528.500000 
-87.4755 2.6310 30308.3 30246.4 -61.9 16670708.500000 
-87.4666 2.6315 30307.9 30238.2 -69.7 16670888.500000 
-87.4577 2.6320 30307.6 30231.2 -76.4 16671068.500000 
-87.4488 2.6325 30307.2 30225.5 -81.7 16671248.500000 
-87.4399 2.6329 30306.9 30220.5 -86.4 16671428.500000 
-87.4309 2.6333 30306.4 30216.7 -89.7 16671608.500000 
-87.4220 2.6337 30306.0 30215.3 -90.8 16671788.500000 
-87.4130 2.6341 30305.6 30217.5 -88.1 16671968.500000 
-87.4054 2.6303 30303.5 30226.8 -76.7 16672148.500000 
-87.4032 2.6218 30299.5 30258.0 -41.5 16672328.500000 
-87.4052 2.6135 30295.9 30318.8 22.9 16672508.500000 
-87.4101 2.6064 30293.0 30395.8 102.8 16672688.500000 
-87.4147 2.5991 30290.0 30482.1 192.1 16672868.500000 
-87.4193 2.5918 30287.0 30563.9 276.9 16673048.500000 
-87.4239 2.5844 30284.0 30614.6 330.6 16673228.500000 
-87.4287 2.5771 30281.0 30614.7 333.7 16673408.500000 
-87.4337 2.5700 30278.1 30583.1 305.0 16673588.500000 
-87.4388 2.5629 30275.3 30533.0 257.7 16673768.500000 
-87.4437 2.5558 30272.4 30458.3 185.9 16673948.500000 
-87.4485 2.5488 30269.6 30358.3 88.8 16674128.500000 
-87.4534 2.5417 30266.7 30237.9 -28.9 16674308.500000 
-87.4584 2.5347 30263.9 30112.1 -151.8 16674488.500000 
-87.4633 2.5277 30261.1 30007.2 -253.9 16674668.500000 
-87.4683 2.5207 30258.3 29953.0 -305.3 16674848.500000 
-87.4732 2.5138 30255.5 29955.3 -300.1 16675028.500000 
-87.4781 2.5067 30252.6 30002.1 -250.6 16675208.500000 
-87.4830 2.4997 30249.8 30069.6 -180.2 16675388.500000 
-87.4879 2.4926 30247.0 30137.1 -109.9 16675568.500000 
-87.4927 2.4855 30244.1 30191.6 -52.5 16675748.500000 
-87.4975 2.4785 30241.3 30218.7 -22.5 16675928.500000 
-87.5023 2.4714 30238.4 30217.1 -21.3 16676108.500000 
-87.5072 2.4645 30235.6 30202.9 -32.8 16676288.500000 
-87.5120 2.4575 30232.8 30189.8 -43.0 16676468.500000 
-87.5168 2.4505 30230.0 30180.0 -50.0 16676648.500000 
-87.5216 2.4434 30227.1 30168.8 -58.3 16676828.500000 
-87.5265 2.4363 30224.3 30157.4 -66.9 16677008.500000 
-87.5315 2.4295 30221.6 30151.8 -69.8 16677188.500000 
-87.5365 2.4227 30218.8 30149.4 -69.5 16677368.500000 
-87.5415 2.4158 30216.1 30146.3 -69.9 16677548.500000 
-87.5465 2.4090 30213.4 30141.6 -71.8 16677728.500000 
-87.5516 2.4022 30210.7 30137.8 -72.9 16677908.500000 
-87.5566 2.3954 30208.0 30139.6 -68.4 16678088.500000 
-87.5616 2.3886 30205.3 30147.1 -58.1 16678268.500000 
-87.5666 2.3818 30202.6 30159.7 -42.9 16678448.500000 
-87.5714 2.3750 30199.9 30179.3 -20.5 16678628.500000 
-87.5762 2.3681 30197.1 30204.8 7.7 16678808.500000 
-87.5808 2.3611 30194.3 30223.6 29.3 16678988.500000 
-87.5853 2.3540 30191.4 30218.1 26.7 16679168.500000 
-87.5899 2.3471 30188.7 30177.1 -11.5 16679348.500000 
-87.5946 2.3402 30185.9 30106.9 -78.9 16679528.500000 
-87.5992 2.3332 30183.1 30031.8 -151.3 16679708.500000 
-87.6038 2.3261 30180.2 29986.4 -193.8 16679888.500000 
-87.6085 2.3191 30177.4 29995.0 -182.4 16680068.500000 
-87.6133 2.3121 30174.6 30052.1 -122.5 16680248.500000 
-87.6181 2.3051 30171.8 30134.1 -37.7 16680428.500000 
-87.6229 2.2982 30169.1 30219.3 50.3 16680608.500000 
-87.6277 2.2912 30166.3 30295.8 129.5 16680788.500000 
-87.6326 2.2843 30163.5 30352.0 188.5 16680968.500000 
-87.6374 2.2773 30160.7 30376.5 215.7 16681148.500000 
-87.6423 2.2703 30158.0 30363.2 205.3 16681328.500000 
-87.6472 2.2634 30155.2 30317.0 161.8 16681508.500000 
-87.6521 2.2564 30152.4 30250.3 97.8 16681688.500000 
-87.6571 2.2493 30149.6 30182.2 32.6 16681868.500000 
-87.6620 2.2423 30146.8 30130.7 -16.2 16682048.500000 
-87.6669 2.2352 30144.0 30102.3 -41.7 16682228.500000 
-87.6718 2.2281 30141.2 30095.1 -46.1 16682408.500000 
-87.6769 2.2210 30138.4 30101.1 -37.3 16682588.500000 
-87.6819 2.2139 30135.6 30109.9 -25.7 16682768.500000 
-87.6869 2.2068 30132.7 30111.5 -21.2 16682948.500000 
-87.6919 2.1997 30129.9 30103.3 -26.6 16683128.500000 
-87.6968 2.1925 30127.1 30092.3 -34.7 16683308.500000 
-87.7019 2.1854 30124.3 30092.1 -32.2 16683488.500000 
-87.7070 2.1783 30121.5 30113.6 -7.9 16683668.500000 
-87.7120 2.1713 30118.7 30155.5 36.9 16683848.500000 
-87.7171 2.1642 30115.9 30204.9 89.1 16684028.500000 
-87.7222 2.1571 30113.1 30244.2 131.1 16684208.500000 
-87.7273 2.1500 30110.3 30260.7 150.4 16684388.500000 
-87.7325 2.1430 30107.5 30255.2 147.7 16684568.500000 
-87.7377 2.1358 30104.7 30241.8 137.1 16684748.500000 
-87.7429 2.1287 30101.9 30239.6 137.7 16684928.500000 
-87.7481 2.1215 30099.1 30254.5 155.4 16685108.500000 
-87.7533 2.1144 30096.3 30271.4 175.2 16685288.500000 
-87.7584 2.1072 30093.5 30271.2 177.7 16685468.500000 
-87.7636 2.1002 30090.7 30241.9 151.2 16685648.500000 
-87.7686 2.0929 30087.8 30177.0 89.2 16685828.500000 
-87.7735 2.0857 30085.0 30085.2 0.2 16686008.500000 
-87.7785 2.0786 30082.2 29999.5 -82.7 16686188.500000 
-87.7834 2.0713 30079.3 29969.6 -109.7 16686368.500000 
-87.7884 2.0641 30076.5 30021.0 -55.5 16686548.500000 
-87.7934 2.0569 30073.6 30130.3 56.7 16686728.500000 
-87.7984 2.0498 30070.8 30245.2 174.4 16686908.500000 
-87.8033 2.0426 30068.0 30326.2 258.3 16687088.500000 
-87.8083 2.0355 30065.2 30363.5 298.3 16687268.500000 
-87.8133 2.0283 30062.4 30367.1 304.7 16687448.500000 
-87.8183 2.0211 30059.5 30353.0 293.4 16687628.500000 
-87.8233 2.0139 30056.7 30336.5 279.8 16687808.500000 
-87.8284 2.0067 30053.9 30331.1 277.2 16687988.500000 
-87.8335 1.9995 30051.1 30343.4 292.4 16688168.500000 
-87.8386 1.9923 30048.2 30368.6 320.3 16688348.500000 
-87.8436 1.9851 30045.4 30390.6 345.2 16688528.500000 
-87.8485 1.9780 30042.6 30395.3 352.7 16688708.500000 
-87.8535 1.9708 30039.8 30379.6 339.8 16688888.500000 
-87.8584 1.9636 30037.0 30352.3 315.4 16689068.500000 
-87.8633 1.9564 30034.1 30317.6 283.4 16689248.500000 
-87.8683 1.9492 30031.3 30270.4 239.1 16689428.500000 
-87.8733 1.9421 30028.5 30197.0 168.5 16689608.500000 
-87.8783 1.9349 30025.7 30078.4 52.7 16689788.500000 
-87.8832 1.9277 30022.9 29909.1 -113.8 16689968.500000 
-87.8882 1.9206 30020.1 29723.3 -296.8 16690148.500000 
-87.8931 1.9135 30017.3 29575.2 -442.1 16690328.500000 
-87.8981 1.9063 30014.5 29493.0 -521.5 16690508.500000 
-87.9032 1.8991 30011.7 29474.1 -537.7 16690688.500000 
-87.9082 1.8920 30009.0 29509.7 -499.3 16690868.500000 
-87.9133 1.8849 30006.2 29597.6 -408.6 16691048.500000 
-87.9184 1.8777 30003.4 29726.8 -276.6 16691228.500000 
-87.9235 1.8705 30000.6 29886.6 -114.0 16691408.500000 
-87.9286 1.8633 29997.8 30051.1 53.3 16691588.500000 
-87.9337 1.8561 29995.0 30170.0 175.0 16691768.500000 
-87.9387 1.8490 29992.2 30204.8 212.6 16691948.500000 
-87.9438 1.8419 29989.4 30159.6 170.2 16692128.500000 
-87.9489 1.8347 29986.7 30068.3 81.6 16692308.500000 
-87.9540 1.8277 29983.9 29976.9 -7.0 16692488.500000 
-87.9591 1.8206 29981.2 29926.2 -55.0 16692668.500000 
-87.9642 1.8135 29978.5 29928.9 -49.6 16692848.500000 
-87.9692 1.8064 29975.7 29956.6 -19.0 16693028.500000 
-87.9741 1.7992 29972.9 29958.0 -14.9 16693208.500000 
-87.9789 1.7921 29970.1 29900.3 -69.8 16693388.500000 
-87.9835 1.7850 29967.3 29796.9 -170.4 16693568.500000 
-87.9882 1.7779 29964.6 29687.4 -277.2 16693748.500000 
-87.9929 1.7708 29961.8 29599.0 -362.8 16693928.500000 
-87.9976 1.7636 29959.0 29545.4 -413.6 16694108.500000 
-88.0024 1.7565 29956.2 29526.2 -430.0 16694288.500000 
-88.0072 1.7494 29953.4 29531.7 -421.8 16694468.500000 
-88.0120 1.7422 29950.6 29552.3 -398.4 16694648.500000 
-88.0167 1.7349 29947.8 29582.8 -365.1 16694828.500000 
-88.0215 1.7277 29945.0 29614.3 -330.7 16695008.500000 
-88.0262 1.7205 29942.2 29642.3 -299.9 16695188.500000 
-88.0308 1.7133 29939.4 29666.3 -273.1 16695368.500000 
-88.0355 1.7061 29936.6 29688.0 -248.6 16695548.500000 
-88.0402 1.6989 29933.8 29719.5 -214.3 16695728.500000 
-88.0453 1.6919 29931.1 29780.2 -150.8 16695908.500000 
-88.0505 1.6848 29928.4 29885.5 -42.9 16696088.500000 
-88.0557 1.6779 29925.7 30029.8 104.1 16696268.500000 
-88.0609 1.6709 29923.0 30178.1 255.1 16696448.500000 
-88.0661 1.6639 29920.4 30286.9 366.5 16696628.500000 
-88.0714 1.6569 29917.7 30348.0 430.3 16696808.500000 
-88.0768 1.6498 29915.0 30382.9 467.9 16696988.500000 
-88.0820 1.6428 29912.3 30405.2 492.9 16697168.500000 
-88.0874 1.6357 29909.6 30420.0 510.5 16697348.500000 
-88.0925 1.6285 29906.8 30425.2 518.4 16697528.500000 
-88.0977 1.6213 29904.1 30416.7 512.6 16697708.500000 
-88.1029 1.6142 29901.3 30397.1 495.8 16697888.500000 
-88.1080 1.6070 29898.6 30374.4 475.8 16698068.500000 
-88.1133 1.5998 29895.8 30354.9 459.1 16698248.500000 
-88.1185 1.5926 29893.0 30337.2 444.2 16698428.500000 
-88.1238 1.5853 29890.3 30312.4 422.1 16698608.500000 
-88.1289 1.5781 29887.5 30281.8 394.3 16698788.500000 
-88.1339 1.5708 29884.7 30248.9 364.2 16698968.500000 
-88.1390 1.5636 29881.9 30211.1 329.2 16699148.500000 
-88.1441 1.5563 29879.1 30165.2 286.0 16699328.500000 
-88.1492 1.5490 29876.4 30118.9 242.5 16699508.500000 
-88.1541 1.5417 29873.6 30088.5 214.9 16699688.500000 
-88.1591 1.5345 29870.8 30085.6 214.8 16699868.500000 
-88.1642 1.5272 29868.0 30087.5 219.5 16700048.500000 
-88.1692 1.5197 29865.1 30060.2 195.1 16700228.500000 
-88.1743 1.5122 29862.2 29982.8 120.6 16700408.500000 
-88.1795 1.5046 29859.3 29855.8 -3.5 16700588.500000 
-88.1847 1.4971 29856.4 29715.7 -140.7 16700768.500000 
-88.1899 1.4895 29853.5 29634.6 -219.0 16700948.500000 
-88.1951 1.4820 29850.6 29660.6 -190.1 16701128.500000 
-88.2003 1.4744 29847.7 29767.0 -80.7 16701308.500000 
-88.2056 1.4668 29844.9 29874.3 29.4 16701488.500000 
-88.2109 1.4593 29842.0 29936.9 94.9 16701668.500000 
-88.2161 1.4519 29839.2 29969.4 130.2 16701848.500000 
-88.2213 1.4443 29836.3 29988.9 152.7 16702028.500000 
-88.2264 1.4367 29833.4 29999.5 166.1 16702208.500000 
-88.2316 1.4292 29830.5 30000.2 169.7 16702388.500000 
-88.2367 1.4217 29827.6 29993.6 166.0 16702568.500000 
-88.2417 1.4141 29824.7 29977.5 152.7 16702748.500000 
-88.2468 1.4067 29821.9 29946.7 124.8 16702928.500000 
-88.2518 1.3992 29819.1 29908.0 88.9 16703108.500000 
-88.2568 1.3918 29816.2 29879.7 63.5 16703288.500000 
-88.2618 1.3843 29813.4 29877.5 64.1 16703468.500000 
-88.2669 1.3770 29810.6 29904.5 93.9 16703648.500000 
-88.2721 1.3696 29807.8 29941.7 133.9 16703828.500000 
-88.2773 1.3622 29804.9 29980.1 175.1 16704008.500000 
-88.2824 1.3548 29802.2 30015.2 213.0 16704188.500000 
-88.2874 1.3474 29799.3 30043.7 244.4 16704368.500000 
-88.2926 1.3401 29796.6 30065.3 268.7 16704548.500000 
-88.2977 1.3328 29793.8 30076.4 282.5 16704728.500000 
-88.3029 1.3255 29791.0 30076.3 285.2 16704908.500000 
-88.3080 1.3181 29788.3 30075.2 286.9 16705088.500000 
-88.3133 1.3108 29785.5 30068.6 283.1 16705268.500000 
-88.3185 1.3034 29782.7 30042.4 259.7 16705448.500000 
-88.3238 1.2960 29779.9 30006.5 226.6 16705628.500000 
-88.3291 1.2887 29777.1 29982.2 205.1 16705808.500000 
-88.3343 1.2813 29774.4 29970.1 195.7 16705988.500000 
-88.3396 1.2740 29771.6 29964.3 192.7 16706168.500000 
-88.3450 1.2667 29768.9 29964.6 195.7 16706348.500000 
-88.3504 1.2595 29766.2 29964.3 198.1 16706528.500000 
-88.3556 1.2521 29763.4 29956.1 192.7 16706708.500000 
-88.3608 1.2446 29760.6 29948.3 187.7 16706888.500000 
-88.3659 1.2373 29757.8 29974.5 216.6 16707068.500000 
-88.3709 1.2299 29755.0 29986.2 231.1 16707248.500000 
-88.3760 1.2226 29752.3 29994.9 242.6 16707428.500000 
-88.3811 1.2152 29749.5 29979.7 230.3 16707608.500000 
-88.3862 1.2077 29746.7 29957.6 210.9 16707788.500000 
-88.3913 1.2002 29743.9 29954.2 210.4 16707968.500000 
-88.3964 1.1927 29741.0 29985.4 244.4 16708148.500000 
-88.4016 1.1851 29738.2 30048.4 310.2 16708328.500000 
-88.4065 1.1776 29735.3 30115.7 380.3 16708508.500000 
-88.4115 1.1703 29732.6 30169.5 436.9 16708688.500000 
-88.4165 1.1628 29729.8 30200.2 470.5 16708868.500000 
-88.4217 1.1554 29727.0 30201.0 474.0 16709048.500000 
-88.4267 1.1480 29724.2 30150.2 426.0 16709228.500000 
-88.4318 1.1408 29721.5 30066.2 344.7 16709408.500000 
-88.4367 1.1336 29718.8 29980.0 261.2 16709588.500000 
-88.4419 1.1265 29716.1 29922.0 205.9 16709768.500000 
-88.4472 1.1193 29713.5 29901.7 188.2 16709948.500000 
-88.4525 1.1121 29710.8 29901.6 190.8 16710128.500000 
-88.4577 1.1048 29708.1 29892.1 184.0 16710308.500000 
-88.4628 1.0976 29705.4 29845.0 139.6 16710488.500000 
-88.4678 1.0904 29702.7 29759.4 56.7 16710668.500000 
-88.4729 1.0832 29700.0 29673.9 -26.2 16710848.500000 
-88.4781 1.0760 29697.3 29640.4 -56.9 16711028.500000 
-88.4833 1.0688 29694.6 29707.9 13.2 16711208.500000 
-88.4886 1.0615 29691.9 29866.7 174.8 16711388.500000 
-88.4937 1.0542 29689.2 30032.0 342.8 16711568.500000 
-88.4988 1.0469 29686.5 30143.9 457.4 16711748.500000 
-88.5039 1.0396 29683.8 30197.1 513.3 16711928.500000 
-88.5089 1.0324 29681.1 30212.0 530.9 16712108.500000 
-88.5140 1.0251 29678.4 30180.6 502.2 16712288.500000 
-88.5189 1.0179 29675.7 30079.2 403.5 16712468.500000 
-88.5240 1.0107 29673.0 29887.4 214.4 16712648.500000 
-88.5290 1.0034 29670.3 29604.0 -66.4 16712828.500000 
-88.5340 0.9962 29667.6 29313.1 -354.5 16713008.500000 
-88.5391 0.9889 29664.9 29102.1 -562.9 16713188.500000 
-88.5442 0.9816 29662.2 28983.2 -679.0 16713368.500000 
-88.5494 0.9743 29659.5 28932.0 -727.5 16713548.500000 
-88.5549 0.9673 29657.0 28934.6 -722.3 16713728.500000 
-88.5605 0.9603 29654.4 28997.4 -657.0 16713908.500000 
-88.5663 0.9533 29651.9 29086.6 -565.2 16714088.500000 
-88.5720 0.9462 29649.3 29170.9 -478.4 16714268.500000 
-88.5776 0.9392 29646.7 29232.5 -414.2 16714448.500000 
-88.5833 0.9322 29644.2 29266.8 -377.4 16714628.500000 
-88.5890 0.9252 29641.7 29298.8 -342.9 16714808.500000 
-88.5946 0.9182 29639.2 29325.6 -313.5 16714988.500000 
-88.6001 0.9112 29636.6 29328.1 -308.5 16715168.500000 
-88.6058 0.9041 29634.0 29293.6 -340.4 16715348.500000 
-88.6114 0.8971 29631.5 29202.7 -428.8 16715528.500000 
-88.6172 0.8899 29628.9 29068.0 -560.9 16715708.500000 
-88.6230 0.8829 29626.4 28974.9 -651.4 16715888.500000 
-88.6288 0.8759 29623.9 28971.2 -652.7 16716068.500000 
-88.6347 0.8690 29621.4 29025.1 -596.2 16716248.500000 
-88.6406 0.8621 29618.9 29104.2 -514.7 16716428.500000 
-88.6465 0.8552 29616.4 29178.9 -437.5 16716608.500000 
-88.6522 0.8481 29613.9 29235.3 -378.5 16716788.500000 
-88.6579 0.8410 29611.3 29256.8 -354.5 16716968.500000 
-88.6635 0.8338 29608.7 29269.6 -339.1 16717148.500000 
-88.6690 0.8266 29606.1 29300.6 -305.5 16717328.500000 
-88.6745 0.8193 29603.4 29357.8 -245.6 16717508.500000 
-88.6800 0.8120 29600.8 29414.4 -186.4 16717688.500000 
-88.6857 0.8047 29598.1 29432.0 -166.2 16717868.500000 
-88.6916 0.7973 29595.5 29386.8 -208.7 16718048.500000 
-88.6975 0.7900 29592.8 29324.2 -268.7 16718228.500000 
-88.7033 0.7828 29590.2 29281.7 -308.5 16718408.500000 
-88.7091 0.7756 29587.6 29239.4 -348.2 16718588.500000 
-88.7149 0.7687 29585.2 29250.1 -335.0 16718768.500000 
-88.7208 0.7619 29582.8 29343.8 -239.0 16718948.500000 
-88.7264 0.7550 29580.3 29407.9 -172.4 16719128.500000 
-88.7320 0.7480 29577.8 29427.3 -150.4 16719308.500000 
-88.7377 0.7410 29575.2 29433.0 -142.3 16719488.500000 
-88.7435 0.7340 29572.8 29406.6 -166.2 16719668.500000 
-88.7492 0.7271 29570.3 29353.9 -216.5 16719848.500000 
-88.7550 0.7203 29567.9 29296.7 -271.2 16720028.500000 
-88.7608 0.7133 29565.4 29237.5 -327.9 16720208.500000 
-88.7666 0.7064 29562.9 29166.6 -396.3 16720388.500000 
-88.7723 0.6994 29560.4 29082.7 -477.7 16720568.500000 
-88.7780 0.6924 29557.9 29004.1 -553.8 16720748.500000 
-88.7837 0.6856 29555.5 28950.7 -604.8 16720928.500000 
-88.7895 0.6787 29553.1 28940.6 -612.4 16721108.500000 
-88.7954 0.6719 29550.7 28990.6 -560.1 16721288.500000 
-88.8012 0.6652 29548.3 29098.1 -450.2 16721468.500000 
-88.8067 0.6582 29545.8 29230.0 -315.8 16721648.500000 
-88.8121 0.6512 29543.3 29337.5 -205.8 16721828.500000 
-88.8175 0.6442 29540.8 29387.2 -153.6 16722008.500000 
-88.8230 0.6371 29538.2 29373.2 -165.0 16722188.500000 
-88.8286 0.6301 29535.7 29328.1 -207.6 16722368.500000 
-88.8342 0.6230 29533.2 29287.2 -246.0 16722548.500000 
-88.8398 0.6159 29530.7 29266.8 -263.9 16722728.500000 
-88.8453 0.6090 29528.2 29291.4 -236.8 16722908.500000 
-88.8509 0.6020 29525.7 29393.5 -132.2 16723088.500000 
-88.8565 0.5950 29523.2 29593.5 70.3 16723268.500000 
-88.8620 0.5881 29520.8 29884.9 364.2 16723448.500000 
-88.8676 0.5810 29518.2 30197.4 679.2 16723628.500000 
-88.8732 0.5740 29515.8 30414.2 898.5 16723808.500000 
-88.8790 0.5670 29513.3 30484.5 971.2 16723988.500000 
-88.8847 0.5601 29510.8 30438.2 927.3 16724168.500000 
-88.8904 0.5530 29508.4 30317.4 809.1 16724348.500000 
-88.8961 0.5461 29505.9 30162.3 656.4 16724528.500000 
-88.9018 0.5391 29503.4 29989.4 486.0 16724708.500000 
-88.9073 0.5321 29501.0 29801.6 300.6 16724888.500000 
-88.9129 0.5253 29498.5 29636.7 138.1 16725068.500000 
-88.9184 0.5184 29496.1 29559.7 63.6 16725248.500000 
-88.9239 0.5116 29493.7 29603.0 109.3 16725428.500000 
-88.9294 0.5048 29491.3 29722.3 231.0 16725608.500000 
-88.9350 0.4980 29488.9 29837.5 348.6 16725788.500000 
-88.9407 0.4913 29486.5 29907.5 421.0 16725968.500000 
-88.9464 0.4846 29484.2 29940.2 456.0 16726148.500000 
-88.9521 0.4778 29481.8 29960.7 478.9 16726328.500000 
-88.9578 0.4710 29479.4 29987.2 507.7 16726508.500000 
-88.9634 0.4643 29477.1 30027.0 549.9 16726688.500000 
-88.9691 0.4577 29474.8 30081.3 606.5 16726868.500000 
-88.9742 0.4521 29472.8 30138.9 666.1 16727048.500000 
-88.9783 0.4482 29471.4 30182.3 710.9 16727228.500000 
-88.9823 0.4445 29470.2 30217.0 746.8 16727408.500000 
-88.9863 0.4407 29468.9 30245.8 776.9 16727588.500000 
-88.9902 0.4369 29467.6 30265.6 798.0 16727768.500000 
-88.9940 0.4330 29466.3 30273.4 807.1 16727948.500000 
-88.9977 0.4292 29465.0 30267.0 802.0 16728128.500000 
-89.0015 0.4251 29463.6 30245.2 781.6 16728308.500000 
-89.0052 0.4209 29462.1 30197.3 735.1 16728488.500000 
-89.0090 0.4168 29460.7 30132.1 671.4 16728668.500000 
-89.0127 0.4129 29459.4 30063.3 603.9 16728848.500000 
-89.0163 0.4091 29458.1 29993.3 535.2 16729028.500000 
-89.0200 0.4052 29456.8 29929.6 472.8 16729208.500000 
-89.0237 0.4012 29455.4 29880.3 424.9 16729388.500000 
-89.0273 0.3972 29454.0 29850.7 396.6 16729568.500000 
-89.0311 0.3932 29452.7 29843.4 390.8 16729748.500000 
-89.0347 0.3894 29451.3 29857.0 405.7 16729928.500000 
-89.0384 0.3854 29450.0 29885.5 435.5 16730108.500000 
-89.0421 0.3813 29448.6 29919.6 471.0 16730288.500000 
-89.0458 0.3771 29447.2 29949.8 502.6 16730468.500000 
-89.0495 0.3729 29445.7 29962.1 516.4 16730648.500000 
-89.0532 0.3687 29444.2 29942.6 498.3 16730828.500000 
-89.0571 0.3644 29442.8 29880.3 437.5 16731008.500000 
-89.0610 0.3602 29441.4 29772.4 331.1 16731188.500000 
-89.0651 0.3562 29440.0 29632.1 192.2 16731368.500000 
-89.0692 0.3523 29438.7 29477.2 38.6 16731548.500000 
-89.0733 0.3483 29437.3 29317.3 -120.1 16731728.500000 
-89.0774 0.3444 29436.1 29177.6 -258.4 16731908.500000 
-89.0816 0.3404 29434.7 29052.4 -382.3 16732088.500000 
-89.0857 0.3365 29433.4 28957.0 -476.4 16732268.500000 
-89.0897 0.3325 29432.1 28886.5 -545.5 16732448.500000 
-89.0936 0.3286 29430.8 28839.4 -591.3 16732628.500000 
-89.0974 0.3247 29429.4 28819.1 -610.4 16732808.500000 
-89.1013 0.3208 29428.1 28818.2 -610.0 16732988.500000 
-89.1050 0.3169 29426.8 28831.0 -595.8 16733168.500000 
-89.1089 0.3129 29425.5 28856.2 -569.3 16733348.500000 
-89.1127 0.3089 29424.1 28887.2 -536.9 16733528.500000 
-89.1167 0.3049 29422.8 28918.5 -504.2 16733708.500000 
-89.1206 0.3009 29421.4 28950.7 -470.7 16733888.500000 
-89.1245 0.2968 29420.0 28972.6 -447.5 16734068.500000 
-89.1284 0.2928 29418.7 28986.1 -432.5 16734248.500000 
-89.1323 0.2887 29417.3 29010.8 -406.5 16734428.500000 
-89.1364 0.2845 29415.9 29040.8 -375.0 16734608.500000 
-89.1405 0.2804 29414.5 29078.7 -335.8 16734788.500000 
-89.1446 0.2765 29413.2 29117.2 -296.0 16734968.500000 
-89.1487 0.2726 29411.9 29161.4 -250.6 16735148.500000 
-89.1526 0.2686 29410.6 29205.6 -205.0 16735328.500000 
-89.1566 0.2644 29409.2 29244.5 -164.6 16735508.500000 
-89.1607 0.2603 29407.8 29268.7 -139.1 16735688.500000 
-89.1647 0.2563 29406.4 29279.1 -127.4 16735868.500000 
-89.1687 0.2522 29405.1 29270.2 -134.8 16736048.500000 
-89.1726 0.2482 29403.7 29244.3 -159.4 16736228.500000 
-89.1766 0.2443 29402.4 29209.8 -192.6 16736408.500000 
-89.1806 0.2403 29401.1 29174.9 -226.2 16736588.500000 
-89.1844 0.2364 29399.8 29147.6 -252.2 16736768.500000 
-89.1882 0.2324 29398.4 29133.2 -265.2 16736948.500000 
-89.1921 0.2283 29397.0 29132.7 -264.4 16737128.500000 
-89.1959 0.2243 29395.7 29146.0 -249.7 16737308.500000 
-89.1998 0.2202 29394.3 29168.1 -226.2 16737488.500000 
-89.2037 0.2162 29393.0 29195.1 -197.8 16737668.500000 
-89.2076 0.2121 29391.6 29223.2 -168.3 16737848.500000 
-89.2114 0.2079 29390.2 29247.4 -142.8 16738028.500000 
-89.2153 0.2037 29388.8 29262.6 -126.2 16738208.500000 
-89.2194 0.1997 29387.4 29270.7 -116.7 16738388.500000 
-89.2235 0.1958 29386.1 29273.6 -112.6 16738568.500000 
-89.2275 0.1918 29384.8 29275.9 -108.9 16738748.500000 
-89.2316 0.1878 29383.5 29283.5 -100.0 16738928.500000 
-89.2356 0.1837 29382.1 29302.2 -79.9 16739108.500000 
-89.2396 0.1797 29380.8 29332.0 -48.8 16739288.500000 
-89.2436 0.1757 29379.4 29369.3 -10.1 16739468.500000 
-89.2476 0.1716 29378.1 29409.7 31.6 16739648.500000 
-89.2515 0.1677 29376.8 29443.1 66.4 16739828.500000 
-89.2556 0.1637 29375.4 29456.5 81.0 16740008.500000 
-89.2596 0.1597 29374.1 29449.5 75.4 16740188.500000 
-89.2637 0.1558 29372.8 29429.8 56.9 16740368.500000 
-89.2676 0.1519 29371.6 29405.2 33.7 16740548.500000 
-89.2716 0.1481 29370.3 29385.5 15.2 16740728.500000 
-89.2756 0.1443 29369.0 29375.0 6.0 16740908.500000 
-89.2796 0.1404 29367.8 29374.6 6.8 16741088.500000 
-89.2834 0.1366 29366.5 29381.2 14.7 16741268.500000 
-89.2872 0.1328 29365.3 29391.8 26.6 16741448.500000 
-89.2910 0.1290 29364.0 29404.1 40.1 16741628.500000 
-89.2947 0.1251 29362.7 29417.0 54.3 16741808.500000 
-89.2983 0.1213 29361.4 29426.7 65.3 16741988.500000 
-89.3019 0.1174 29360.1 29434.5 74.4 16742168.500000 
-89.3055 0.1135 29358.8 29445.7 86.9 16742348.500000 
-89.3090 0.1096 29357.5 29455.3 97.9 16742528.500000 
-89.3126 0.1056 29356.1 29458.3 102.2 16742708.500000 
-89.3161 0.1018 29354.9 29449.7 94.9 16742888.500000 
-89.3198 0.0980 29353.6 29423.5 69.9 16743068.500000 
-89.3234 0.0942 29352.3 29379.8 27.5 16743248.500000 
-89.3271 0.0904 29351.1 29321.8 -29.3 16743428.500000 
-89.3308 0.0866 29349.8 29257.8 -92.0 16743608.500000 
-89.3345 0.0826 29348.5 29199.9 -148.6 16743788.500000 
-89.3383 0.0787 29347.2 29159.1 -188.0 16743968.500000 
-89.3420 0.0747 29345.8 29143.2 -202.6 16744148.500000 
-89.3458 0.0708 29344.5 29154.0 -190.5 16744328.500000 
-89.3495 0.0670 29343.2 29186.7 -156.5 16744508.500000 
-89.3532 0.0631 29342.0 29232.2 -109.8 16744688.500000 
-89.3569 0.0592 29340.7 29277.6 -63.1 16744868.500000 
-89.3608 0.0554 29339.4 29305.0 -34.4 16745048.500000 
-89.3648 0.0515 29338.1 29303.1 -35.1 16745228.500000 
-89.3687 0.0476 29336.9 29269.0 -67.8 16745408.500000 
-89.3725 0.0437 29335.6 29212.5 -123.1 16745588.500000 
-89.3764 0.0397 29334.2 29150.2 -184.0 16745768.500000 
-89.3803 0.0358 29333.0 29098.8 -234.2 16745948.500000 
-89.3841 0.0318 29331.6 29056.6 -275.0 16746128.500000 
-89.3880 0.0276 29330.3 29020.9 -309.3 16746308.500000 
-89.3919 0.0235 29328.9 28991.2 -337.7 16746488.500000 
-89.3957 0.0193 29327.5 28968.1 -359.4 16746668.500000 
-89.3996 0.0152 29326.1 28958.8 -367.3 16746848.500000 
-89.4035 0.0111 29324.7 28960.2 -364.5 16747028.500000 
-89.4073 0.0069 29323.3 28982.5 -340.9 16747208.500000 
-89.4113 0.0029 29322.0 29033.3 -288.7 16747388.500000 
-89.4154 -0.0010 29320.8 29111.8 -209.0 16747568.500000 
-89.4194 -0.0048 29319.5 29220.4 -99.2 16747748.500000 
-89.4236 -0.0088 29318.2 29357.0 38.8 16747928.500000 
-89.4278 -0.0128 29316.9 29502.3 185.4 16748108.500000 
-89.4314 -0.0170 29315.5 29637.7 322.2 16748288.500000 
-89.4322 -0.0217 29313.7 29758.2 444.4 16748468.500000 
-89.4327 -0.0268 29311.8 29849.4 537.6 16748648.500000 
-89.4330 -0.0324 29309.6 29885.6 576.1 16748828.500000 
-89.4333 -0.0374 29307.6 29871.2 563.6 16749008.500000 
-89.4336 -0.0429 29305.5 29816.2 510.7 16749188.500000 
-89.4338 -0.0484 29303.3 29728.2 424.9 16749368.500000 
-89.4341 -0.0540 29301.1 29620.0 318.9 16749548.500000 
-89.4345 -0.0595 29299.0 29509.2 210.2 16749728.500000 
-89.4348 -0.0651 29296.8 29411.6 114.8 16749908.500000 
-89.4351 -0.0706 29294.7 29337.0 42.3 16750088.500000 
-89.4353 -0.0760 29292.6 29287.4 -5.2 16750268.500000 
-89.4357 -0.0814 29290.5 29257.0 -33.5 16750448.500000 
-89.4360 -0.0867 29288.4 29243.2 -45.2 16750628.500000 
-89.4362 -0.0919 29286.4 29239.8 -46.5 16750808.500000 
-89.4364 -0.0972 29284.3 29240.0 -44.3 16750988.500000 
-89.4367 -0.1025 29282.2 29238.1 -44.1 16751168.500000 
-89.4372 -0.1079 29280.2 29227.8 -52.3 16751348.500000 
-89.4377 -0.1132 29278.1 29205.0 -73.1 16751528.500000 
-89.4382 -0.1187 29276.0 29168.3 -107.6 16751708.500000 
-89.4387 -0.1241 29273.9 29122.3 -151.5 16751888.500000 
-89.4393 -0.1297 29271.7 29081.6 -190.1 16752068.500000 
-89.4396 -0.1352 29269.6 29064.5 -205.1 16752248.500000 
-89.4398 -0.1407 29267.5 29073.0 -194.4 16752428.500000 
-89.4400 -0.1462 29265.3 29098.2 -167.1 16752608.500000 
-89.4403 -0.1516 29263.2 29124.5 -138.7 16752788.500000 
-89.4406 -0.1570 29261.1 29141.9 -119.2 16752968.500000 
-89.4408 -0.1625 29259.0 29150.5 -108.4 16753148.500000 
-89.4411 -0.1679 29256.9 29153.6 -103.3 16753328.500000 
-89.4413 -0.1734 29254.8 29154.9 -99.9 16753508.500000 
-89.4415 -0.1788 29252.6 29160.6 -92.1 16753688.500000 
-89.4419 -0.1843 29250.5 29175.7 -74.8 16753868.500000 
-89.4424 -0.1898 29248.4 29200.5 -47.9 16754048.500000 
-89.4428 -0.1954 29246.2 29229.3 -16.9 16754228.500000 
-89.4433 -0.2009 29244.1 29253.6 9.5 16754408.500000 
-89.4438 -0.2065 29242.0 29267.6 25.6 16754588.500000 
-89.4442 -0.2120 29239.8 29271.7 31.9 16754768.500000 
-89.4445 -0.2175 29237.7 29269.4 31.7 16754948.500000 
-89.4448 -0.2230 29235.6 29265.7 30.1 16755128.500000 
-89.4451 -0.2285 29233.5 29265.2 31.7 16755308.500000 
-89.4454 -0.2338 29231.4 29269.6 38.1 16755488.500000 
-89.4458 -0.2392 29229.3 29277.4 48.0 16755668.500000 
-89.4461 -0.2446 29227.2 29285.9 58.7 16755848.500000 
-89.4465 -0.2501 29225.1 29290.9 65.7 16756028.500000 
-89.4468 -0.2556 29223.0 29289.0 66.0 16756208.500000 
-89.4471 -0.2613 29220.8 29278.1 57.3 16756388.500000 
-89.4474 -0.2667 29218.7 29257.3 38.6 16756568.500000 
-89.4477 -0.2722 29216.6 29225.1 8.5 16756748.500000 
-89.4479 -0.2776 29214.5 29192.1 -22.4 16756928.500000 
-89.4482 -0.2831 29212.4 29164.3 -48.1 16757108.500000 
-89.4484 -0.2885 29210.3 29148.2 -62.0 16757288.500000 
-89.4487 -0.2940 29208.2 29135.1 -73.1 16757468.500000 
-89.4489 -0.2995 29206.1 29113.6 -92.5 16757648.500000 
-89.4491 -0.3050 29203.9 29082.3 -121.7 16757828.500000 
-89.4493 -0.3105 29201.8 29051.9 -149.9 16758008.500000 
-89.4496 -0.3160 29199.7 29036.6 -163.1 16758188.500000 
-89.4498 -0.3215 29197.6 29040.5 -157.1 16758368.500000 
-89.4502 -0.3270 29195.5 29055.4 -140.1 16758548.500000 
-89.4507 -0.3324 29193.4 29069.4 -124.0 16758728.500000 
-89.4511 -0.3379 29191.3 29071.9 -119.4 16758908.500000 
-89.4515 -0.3433 29189.2 29063.6 -125.6 16759088.500000 
-89.4518 -0.3488 29187.1 29057.8 -129.3 16759268.500000 
-89.4522 -0.3543 29185.0 29058.9 -126.0 16759448.500000 
-89.4528 -0.3598 29182.9 29060.9 -122.0 16759628.500000 
-89.4534 -0.3653 29180.8 29055.4 -125.4 16759808.500000 
-89.4540 -0.3708 29178.7 29043.6 -135.1 16759988.500000 
-89.4546 -0.3764 29176.6 29036.4 -140.2 16760168.500000 
-89.4551 -0.3819 29174.5 29035.7 -138.8 16760348.500000 
-89.4554 -0.3875 29172.3 29046.4 -126.0 16760528.500000 
-89.4558 -0.3933 29170.2 29066.5 -103.6 16760708.500000 
-89.4560 -0.3990 29168.0 29089.6 -78.3 16760888.500000 
-89.4563 -0.4047 29165.8 29103.7 -62.0 16761068.500000 
-89.4566 -0.4104 29163.6 29100.0 -63.5 16761248.500000 
-89.4569 -0.4161 29161.4 29079.3 -82.0 16761428.500000 
-89.4572 -0.4219 29159.2 29046.0 -113.2 16761608.500000 
-89.4575 -0.4277 29157.0 29003.6 -153.3 16761788.500000 
-89.4579 -0.4335 29154.8 28965.2 -189.5 16761968.500000 
-89.4584 -0.4393 29152.5 28945.7 -206.8 16762148.500000 
-89.4590 -0.4452 29150.3 28968.0 -182.4 16762328.500000 
-89.4595 -0.4511 29148.1 29038.6 -109.5 16762508.500000 
-89.4601 -0.4569 29145.9 29119.1 -26.8 16762688.500000 
-89.4607 -0.4628 29143.7 29176.5 32.9 16762868.500000 
-89.4613 -0.4686 29141.4 29186.1 44.7 16763048.500000 
-89.4616 -0.4744 29139.2 29153.6 14.3 16763228.500000 
-89.4618 -0.4801 29137.1 29128.2 -8.9 16763408.500000 
-89.4621 -0.4857 29134.9 29125.2 -9.7 16763588.500000 
-89.4622 -0.4915 29132.7 29136.9 4.2 16763768.500000 
-89.4625 -0.4974 29130.4 29146.9 16.5 16763948.500000 
-89.4627 -0.5030 29128.3 29133.8 5.5 16764128.500000 
-89.4629 -0.5085 29126.2 29112.1 -14.1 16764308.500000 
-89.4630 -0.5137 29124.2 29105.4 -18.8 16764488.500000 
-89.4631 -0.5189 29122.2 29103.7 -18.5 16764668.500000 
-89.4631 -0.5239 29120.3 29085.0 -35.3 16764848.500000 
-89.4631 -0.5285 29118.5 29042.7 -75.7 16765028.500000 
-89.4632 -0.5331 29116.7 28994.9 -121.8 16765208.500000 
-89.4634 -0.5377 29114.9 29007.1 -107.8 16765388.500000 
-89.4634 -0.5423 29113.2 29100.6 -12.6 16765568.500000 
-89.4634 -0.5468 29111.4 29209.4 98.0 16765748.500000 
-89.4633 -0.5514 29109.7 29250.0 140.3 16765928.500000 
-89.4633 -0.5559 29107.9 29244.0 136.1 16766108.500000 
