-90.8426 2.1515 978117.1 NaN NaN 2153.369 0.0003 
-90.8500 2.1471 978117.9 -66.6 11.5 2190.635 0.0503 
-90.8574 2.1425 978118.5 -67.1 11.6 2237.686 0.1003 
-90.8650 2.1381 978120.2 -68.3 12.0 2187.184 0.1503 
-90.8726 2.1336 978122.0 -69.1 13.1 2137.428 0.2003 
-90.8804 2.1290 978122.8 -69.3 13.6 2154.117 0.2503 
-90.8882 2.1246 978122.9 -69.5 13.6 2185.990 0.3003 
-90.8959 2.1201 978123.2 -69.8 13.6 2199.554 0.3503 
-90.9037 2.1156 978123.2 -69.4 14.1 2178.828 0.4003 
-90.9115 2.1109 978122.3 -69.2 13.5 2180.637 0.4503 
-90.9192 2.1062 978122.0 -68.6 13.7 2199.484 0.5003 
-90.9268 2.1015 978121.1 -67.6 13.8 2213.568 0.5503 
-90.9343 2.0969 978120.3 -68.1 12.7 2205.468 0.6003 
-90.9420 2.0923 978121.2 -68.7 12.9 2189.630 0.6503 
-90.9497 2.0876 978122.0 -69.0 13.4 2165.651 0.7003 
-90.9574 2.0829 978122.5 -69.0 13.9 2085.039 0.7503 
-90.9652 2.0782 978122.6 -70.0 13.2 2055.541 0.8003 
-90.9732 2.0742 978126.5 -82.3 4.8 2146.640 0.8503 
-90.9819 2.0777 978133.9 -78.6 15.9 2154.834 0.9003 
-90.9908 2.0816 978132.2 -79.5 13.1 2110.374 0.9503 
-90.9997 2.0855 978132.9 -79.5 13.9 2089.716 1.0003 
-91.0086 2.0895 978132.6 -79.5 13.5 2097.332 1.0503 
-91.0175 2.0934 978132.0 -79.6 12.8 2151.054 1.1003 
-91.0264 2.0972 978131.6 -80.1 11.9 2198.837 1.1503 
-91.0354 2.1010 978131.4 -79.9 11.8 2216.817 1.2003 
-91.0443 2.1047 978130.6 -79.8 11.2 2222.336 1.2503 
-91.0532 2.1084 978130.5 -80.1 10.7 2169.077 1.3003 
-91.0622 2.1121 978130.1 -80.4 10.1 2138.946 1.3503 
-91.0712 2.1158 978129.6 -80.2 9.7 2169.309 1.4003 
-91.0802 2.1195 978129.1 -80.4 9.0 2204.012 1.4503 
-91.0892 2.1232 978129.0 -80.5 8.7 2214.215 1.5003 
-91.0982 2.1268 978128.7 -80.5 8.4 2235.515 1.5503 
-91.1072 2.1305 978128.5 -80.0 8.8 2236.221 1.6003 
-91.1161 2.1343 978127.6 -79.3 8.5 2196.815 1.6503 
-91.1249 2.1380 978127.1 -78.3 8.9 2157.530 1.7003 
-91.1337 2.1418 978126.2 -78.0 8.3 2155.347 1.7503 
-91.1424 2.1456 978126.0 -78.1 8.0 2160.526 1.8003 
-91.1512 2.1492 978126.4 -79.0 7.5 2202.668 1.8503 
-91.1600 2.1529 978127.1 -79.1 8.1 2220.124 1.9003 
-91.1689 2.1566 978127.0 -79.4 7.7 2227.608 1.9503 
-91.1778 2.1602 978127.6 -79.9 7.8 2234.357 2.0003 
-91.1867 2.1639 978128.2 -80.1 8.0 2215.807 2.0503 
-91.1957 2.1674 978128.1 -79.9 8.1 2158.235 2.1003 
-91.2046 2.1711 978127.3 -79.6 7.6 2153.020 2.1503 
-91.2135 2.1747 978126.5 -79.1 7.3 2186.730 2.2003 
-91.2223 2.1784 978125.6 -78.8 6.6 2206.158 2.2503 
-91.2311 2.1821 978124.3 -78.1 6.1 2171.293 2.3003 
-91.2398 2.1859 978122.9 -77.2 5.5 2187.417 2.3503 
-91.2484 2.1898 978121.8 -76.6 5.0 2202.908 2.4003 
-91.2570 2.1935 978121.0 -77.2 3.6 2216.464 2.4503 
-91.2656 2.1968 978121.4 -53.2 27.9 1955.728 2.5003 
-91.2666 2.2052 978077.7 2.2 39.6 2211.965 2.5503 
-91.2662 2.2147 978038.3 3.9 1.8 2292.319 2.6003 
-91.2658 2.2242 978039.7 3.9 3.1 2312.381 2.6503 
-91.2655 2.2337 978040.1 3.7 3.3 2287.760 2.7003 
-91.2651 2.2432 978040.9 3.8 4.1 2276.842 2.7503 
-91.2648 2.2526 978041.6 3.9 4.8 2272.664 2.8003 
-91.2644 2.2621 978041.9 2.9 4.1 2296.816 2.8503 
-91.2643 2.2715 978043.6 1.3 4.1 2316.645 2.9003 
-91.2642 2.2809 978045.2 -0.2 4.1 2284.872 2.9503 
-91.2644 2.2892 978046.9 -1.0 5.1 2321.186 3.0003 
-91.2645 2.2940 978046.5 -0.5 5.0 2385.719 3.0503 
-91.2645 2.2978 978045.4 -0.4 4.1 2204.037 3.1003 
-91.2645 2.3038 978044.8 2.3 6.1 456.897 3.1503 
-91.2642 2.3126 978041.6 2.9 3.4 -99.000 3.2003 
-91.2639 2.3217 978041.2 2.7 2.7 -99.000 3.2503 
-91.2637 2.3296 978041.8 -0.1 0.5 -99.000 3.3003 
-91.2641 2.3343 978048.0 -20.8 -14.1 -99.000 3.3503 
-91.2647 2.3332 978054.0 10.3 23.0 -99.000 3.4003 
-91.2645 2.3325 978042.0 2.0 2.8 -99.000 3.4503 
-91.2645 2.3325 978044.1 -0.2 2.7 -99.000 3.5003 
-91.2645 2.3325 978044.3 -0.1 3.0 -99.000 3.5503 
-91.2645 2.3325 978044.4 -0.0 3.1 -99.000 3.6003 
-91.2645 2.3325 978044.3 0.0 3.2 -99.000 3.6503 
-91.2645 2.3325 978044.4 0.0 3.2 -99.000 3.7003 
-91.2645 2.3325 978044.5 -0.0 3.2 -99.000 3.7503 
-91.2645 2.3325 978044.4 -0.0 3.1 -99.000 3.8003 
-91.2645 2.3325 978044.2 -0.0 3.0 -99.000 3.8503 
-91.2645 2.3325 978044.4 -0.0 3.1 -99.000 3.9003 
-91.2645 2.3325 978044.3 -0.0 3.1 -99.000 3.9503 
-91.2645 2.3325 978044.4 -0.0 3.1 -99.000 4.0003 
-91.2645 2.3325 978044.2 -0.1 2.9 -99.000 4.0503 
-91.2645 2.3325 978044.5 -0.0 3.2 -99.000 4.1003 
-91.2645 2.3325 978044.3 -0.0 3.0 -99.000 4.1503 
-91.2645 2.3325 978044.3 -0.0 3.0 -99.000 4.2003 
-91.2645 2.3325 978044.3 -0.0 3.1 -99.000 4.2503 
-91.2645 2.3325 978044.3 -0.0 3.1 -99.000 4.3003 
-91.2645 2.3325 978044.3 -0.0 3.0 -99.000 4.3503 
-91.2645 2.3325 978044.3 -0.0 3.0 -99.000 4.4003 
-91.2645 2.3325 978044.3 -0.0 3.0 -99.000 4.4503 
-91.2645 2.3325 978044.4 -0.0 3.2 -99.000 4.5003 
-91.2645 2.3325 978044.4 -0.0 3.1 -99.000 4.5503 
-91.2645 2.3325 978044.3 0.0 3.0 -99.000 4.6003 
-91.2645 2.3325 978044.4 -0.0 3.1 -99.000 4.6503 
-91.2645 2.3325 978044.4 0.0 3.2 -99.000 4.7003 
-91.2645 2.3325 978044.3 0.0 3.0 -99.000 4.7503 
-91.2645 2.3325 978044.3 0.0 3.1 -99.000 4.8003 
-91.2645 2.3325 978044.3 0.0 3.1 -99.000 4.8503 
-91.2645 2.3325 978044.3 -0.0 3.0 -99.000 4.9003 
-91.2645 2.3325 978044.3 -0.0 3.0 -99.000 4.9503 
-91.2645 2.3325 978044.5 -0.1 3.2 -99.000 5.0003 
-91.2645 2.3325 978044.4 -0.1 3.1 -99.000 5.0503 
-91.2645 2.3325 978044.4 -0.0 3.2 -99.000 5.1003 
-91.2645 2.3325 978044.2 -0.0 3.0 -99.000 5.1503 
-91.2645 2.3325 978044.4 -0.0 3.1 -99.000 5.2003 
-91.2645 2.3325 978044.4 -0.0 3.1 -99.000 5.2503 
-91.2645 2.3325 978044.3 -0.1 3.0 -99.000 5.3003 
-91.2645 2.3325 978044.4 -0.1 3.1 -99.000 5.3503 
-91.2645 2.3325 978044.4 -0.0 3.1 -99.000 5.4003 
-91.2645 2.3325 978044.3 -0.0 3.1 -99.000 5.4503 
-91.2645 2.3325 978044.4 -0.0 3.1 -99.000 5.5003 
-91.2645 2.3325 978044.3 0.0 3.1 -99.000 5.5503 
-91.2645 2.3325 978044.4 0.0 3.2 -99.000 5.6003 
-91.2645 2.3325 978044.2 -0.0 3.0 -99.000 5.6503 
-91.2645 2.3325 978044.1 -0.1 2.8 -99.000 5.7003 
-91.2645 2.3325 978044.2 -0.0 3.0 -99.000 5.7503 
-91.2644 2.3325 978044.0 -0.0 2.7 -99.000 5.8003 
-91.2645 2.3325 978044.2 -0.0 2.9 -99.000 5.8503 
-91.2644 2.3325 978044.3 -0.0 3.0 -99.000 5.9003 
-91.2645 2.3325 978044.3 -0.0 3.0 -99.000 5.9503 
-91.2645 2.3325 978044.4 -0.0 3.1 -99.000 6.0003 
-91.2645 2.3325 978044.2 -0.1 2.9 -99.000 6.0503 
-91.2645 2.3325 978044.2 -0.1 2.9 -99.000 6.1003 
-91.2645 2.3325 978044.3 -0.1 3.0 -99.000 6.1503 
-91.2645 2.3325 978044.3 -0.0 3.1 -99.000 6.2003 
-91.2644 2.3325 978044.1 0.0 2.9 -99.000 6.2503 
-91.2644 2.3325 978044.2 -0.1 2.9 -99.000 6.3003 
-91.2645 2.3325 978044.4 -0.0 3.1 -99.000 6.3503 
-91.2644 2.3325 978044.2 -0.0 2.9 -99.000 6.4003 
-91.2645 2.3325 978044.3 -0.1 3.0 -99.000 6.4503 
-91.2645 2.3325 978044.3 -0.0 3.0 -99.000 6.5003 
-91.2645 2.3325 978044.1 0.0 2.9 -99.000 6.5503 
-91.2644 2.3325 978043.9 0.0 2.7 -99.000 6.6003 
-91.2645 2.3325 978044.2 -0.0 3.0 -99.000 6.6503 
-91.2645 2.3325 978044.1 -0.0 2.9 -99.000 6.7003 
-91.2644 2.3325 978044.1 -0.0 2.8 -99.000 6.7503 
-91.2644 2.3325 978044.2 -0.1 2.9 -99.000 6.8003 
-91.2644 2.3325 978044.2 -0.1 2.9 -99.000 6.8503 
-91.2644 2.3325 978044.1 -0.1 2.8 -99.000 6.9003 
-91.2644 2.3325 978044.2 -0.0 3.0 -99.000 6.9503 
-91.2644 2.3325 978044.2 0.0 3.0 -99.000 7.0003 
-91.2644 2.3325 978044.1 -0.1 2.8 -99.000 7.0503 
-91.2644 2.3325 978044.0 -0.0 2.8 -99.000 7.1003 
-91.2644 2.3325 978044.2 -0.0 2.9 -99.000 7.1503 
-91.2644 2.3325 978044.1 -0.0 2.8 -99.000 7.2003 
-91.2644 2.3325 978044.2 0.0 3.0 -99.000 7.2503 
-91.2644 2.3325 978044.2 0.0 2.9 -99.000 7.3003 
-91.2644 2.3325 978044.1 0.0 2.9 -99.000 7.3503 
-91.2644 2.3325 978044.2 0.0 3.0 -99.000 7.4003 
-91.2644 2.3325 978044.2 -0.0 2.9 -99.000 7.4503 
-91.2644 2.3325 978044.2 -0.0 2.9 -99.000 7.5003 
-91.2644 2.3325 978044.1 -0.0 2.8 -99.000 7.5503 
-91.2644 2.3325 978044.0 0.0 2.8 -99.000 7.6003 
-91.2644 2.3325 978043.9 0.0 2.7 -99.000 7.6503 
-91.2644 2.3325 978043.8 -0.0 2.6 -99.000 7.7003 
-91.2644 2.3325 978044.0 -0.0 2.8 -99.000 7.7503 
-91.2644 2.3325 978044.0 -0.1 2.7 -99.000 7.8003 
-91.2645 2.3325 978043.9 -0.1 2.6 -99.000 7.8503 
-91.2644 2.3325 978043.9 -0.0 2.6 -99.000 7.9003 
-91.2644 2.3325 978043.9 -0.0 2.7 -99.000 7.9503 
-91.2644 2.3325 978044.0 -0.0 2.8 -99.000 8.0003 
-91.2644 2.3325 978044.0 -0.0 2.7 -99.000 8.0503 
-91.2644 2.3325 978044.0 -0.0 2.7 -99.000 8.1003 
-91.2644 2.3325 978044.0 -0.1 2.7 -99.000 8.1503 
-91.2644 2.3325 978044.1 -0.0 2.9 -99.000 8.2003 
-91.2644 2.3325 978044.1 -0.0 2.8 -99.000 8.2503 
-91.2644 2.3325 978044.0 -0.1 2.7 -99.000 8.3003 
-91.2644 2.3325 978044.0 1.3 4.1 -99.000 8.3503 
-91.2646 2.3314 978046.1 -18.8 -13.9 -85.463 8.4003 
-91.2680 2.3313 978068.7 -44.4 -16.9 1230.529 8.4503 
-91.2746 2.3320 978097.5 -70.8 -14.5 2388.053 8.5003 
-91.2833 2.3341 978120.4 -78.3 0.9 2408.309 8.5503 
-91.2921 2.3364 978123.6 -78.2 4.2 2422.741 8.6003 
-91.3008 2.3386 978124.1 -78.3 4.5 2409.225 8.6503 
-91.3096 2.3410 978124.5 -78.0 5.2 2400.055 8.7003 
-91.3183 2.3434 978124.9 -77.8 5.8 2376.671 8.7503 
-91.3270 2.3459 978125.3 -77.7 6.2 2352.687 8.8003 
-91.3357 2.3484 978125.8 -77.9 6.6 2359.909 8.8503 
-91.3444 2.3509 978126.6 -78.4 6.8 2353.963 8.9003 
-91.3532 2.3531 978127.5 -78.7 7.4 2353.632 8.9503 
-91.3620 2.3553 978127.9 -78.5 8.0 2351.312 9.0003 
-91.3708 2.3576 978128.2 -78.2 8.5 2351.212 9.0503 
-91.3796 2.3598 978128.4 -78.3 8.7 2344.067 9.1003 
-91.3883 2.3618 978128.5 -78.0 9.0 2337.708 9.1503 
-91.3970 2.3639 978128.1 -78.2 8.5 2334.577 9.2003 
-91.4058 2.3660 978128.5 -78.0 9.0 2332.549 9.2503 
-91.4145 2.3681 978128.2 -78.0 8.7 2328.830 9.3003 
-91.4232 2.3702 978128.0 -78.3 8.1 2334.603 9.3503 
-91.4320 2.3723 978128.5 -78.5 8.5 2352.627 9.4003 
-91.4408 2.3745 978128.0 -78.1 8.3 2365.746 9.4503 
-91.4495 2.3767 978127.1 -77.8 7.8 2377.474 9.5003 
-91.4582 2.3789 978127.0 -78.0 7.5 2393.496 9.5503 
-91.4669 2.3813 978127.0 -77.5 7.9 2405.574 9.6003 
-91.4756 2.3837 978126.5 -77.6 7.2 2409.651 9.6503 
-91.4843 2.3861 978126.4 -77.9 6.9 2429.846 9.7003 
-91.4930 2.3885 978126.3 -77.9 6.7 2423.697 9.7503 
-91.5017 2.3908 978126.2 -78.3 6.2 2387.813 9.8003 
-91.5105 2.3932 978126.6 -78.5 6.4 2376.454 9.8503 
-91.5193 2.3955 978126.3 -78.5 6.1 2380.008 9.9003 
-91.5281 2.3977 978126.5 -78.7 6.0 2378.241 9.9503 
-91.5369 2.3999 978126.4 -78.8 5.8 2364.610 10.0003 
-91.5457 2.4021 978126.5 -78.6 6.2 2365.020 10.0503 
-91.5545 2.4043 978126.1 -78.6 5.8 2378.734 10.1003 
-91.5633 2.4065 978126.1 -78.6 5.7 2384.725 10.1503 
-91.5721 2.4088 978126.1 -78.4 5.9 2386.717 10.2003 
-91.5809 2.4110 978126.0 -78.0 6.1 2379.869 10.2503 
-91.5896 2.4133 978125.2 -77.9 5.4 2383.338 10.3003 
-91.5983 2.4157 978125.3 -78.0 5.5 2392.011 10.3503 
-91.6070 2.4180 978125.3 -77.7 5.7 2379.257 10.4003 
-91.6157 2.4203 978124.9 -77.9 5.2 2369.627 10.4503 
-91.6244 2.4226 978125.4 -78.3 5.2 2380.822 10.5003 
-91.6332 2.4247 978125.2 -77.1 6.3 2389.544 10.5503 
-91.6417 2.4269 978123.2 -76.4 4.9 2396.915 10.6003 
-91.6503 2.4290 978123.1 -76.3 4.8 2409.621 10.6503 
-91.6588 2.4311 978122.8 -75.8 5.0 2392.928 10.7003 
-91.6672 2.4333 978122.4 -75.5 4.9 2392.722 10.7503 
-91.6757 2.4354 978121.9 -75.3 4.7 2423.607 10.8003 
-91.6841 2.4375 978121.7 -75.2 4.5 2407.772 10.8503 
-91.6925 2.4396 978122.1 -75.2 4.8 2395.587 10.9003 
-91.7009 2.4417 978122.4 -75.3 5.0 2415.046 10.9503 
-91.7093 2.4439 978122.3 -75.2 5.0 2417.602 11.0003 
-91.7177 2.4460 978121.6 -74.8 4.8 2429.904 11.0503 
-91.7261 2.4481 978121.2 -75.0 4.2 2421.590 11.1003 
-91.7345 2.4503 978121.6 -74.6 4.9 2409.230 11.1503 
-91.7428 2.4525 978121.0 -74.7 4.2 2407.578 11.2003 
-91.7512 2.4547 978121.7 -74.6 5.0 2416.522 11.2503 
-91.7595 2.4569 978121.5 -74.8 4.5 2419.200 11.3003 
-91.7679 2.4592 978122.4 -75.0 5.2 2414.061 11.3503 
-91.7763 2.4615 978122.7 -74.8 5.7 2382.808 11.4003 
-91.7846 2.4638 978122.3 -74.9 5.2 2398.873 11.4503 
-91.7931 2.4661 978123.1 -75.2 5.7 2414.857 11.5003 
-91.8015 2.4684 978123.4 -75.5 5.7 2419.540 11.5503 
-91.8099 2.4705 978123.7 -75.5 5.9 2423.452 11.6003 
-91.8183 2.4726 978123.4 -75.2 5.9 2415.640 11.6503 
-91.8268 2.4747 978123.5 -75.4 5.8 2386.355 11.7003 
-91.8352 2.4768 978123.7 -75.3 6.2 2391.903 11.7503 
-91.8436 2.4790 978123.7 -75.1 6.2 2396.341 11.8003 
-91.8520 2.4812 978123.7 -74.9 6.4 2416.785 11.8503 
-91.8604 2.4834 978123.5 -75.5 5.6 2433.035 11.9003 
-91.8689 2.4856 978123.9 -75.7 5.8 2431.776 11.9503 
-91.8773 2.4878 978123.5 -75.3 5.8 2470.217 12.0003 
-91.8858 2.4901 978123.0 -75.3 5.2 2464.332 12.0503 
-91.8942 2.4924 978123.3 -75.8 5.1 2473.343 12.1003 
-91.9027 2.4946 978123.9 -76.0 5.5 2484.550 12.1503 
-91.9112 2.4969 978123.7 -75.9 5.4 2465.365 12.2003 
-91.9197 2.4991 978123.9 -76.0 5.4 2476.688 12.2503 
-91.9282 2.5014 978124.0 -76.0 5.5 2460.828 12.3003 
-91.9367 2.5037 978124.1 -75.8 5.8 2446.242 12.3503 
-91.9452 2.5061 978124.2 -75.4 6.2 2446.420 12.4003 
-91.9536 2.5084 978123.9 -75.8 5.5 2440.217 12.4503 
-91.9621 2.5105 978124.5 -76.6 5.3 2438.328 12.5003 
-91.9707 2.5126 978124.8 -76.7 5.4 2428.951 12.5503 
-91.9793 2.5147 978124.7 -77.0 5.1 2421.036 12.6003 
-91.9879 2.5168 978125.0 -77.0 5.4 2423.466 12.6503 
-91.9966 2.5189 978124.8 -77.2 5.0 2436.952 12.7003 
-92.0052 2.5209 978124.8 -77.0 5.2 2452.620 12.7503 
-92.0138 2.5230 978124.1 -76.7 4.8 2465.094 12.8003 
-92.0224 2.5251 978123.6 -76.1 4.8 2497.124 12.8503 
-92.0308 2.5272 978122.8 -75.7 4.4 2524.387 12.9003 
-92.0393 2.5293 978122.2 -75.7 3.8 2524.422 12.9503 
-92.0478 2.5313 978122.3 -75.7 3.9 2522.075 13.0003 
-92.0562 2.5337 978122.3 -75.4 4.2 2533.175 13.0503 
-92.0646 2.5361 978122.1 -75.4 3.9 2518.925 13.1003 
-92.0731 2.5385 978122.4 -75.9 3.7 2508.893 13.1503 
-92.0816 2.5407 978123.4 -76.3 4.3 2520.044 13.2003 
-92.0902 2.5429 978124.0 -76.5 4.6 2527.832 13.2503 
-92.0987 2.5451 978124.4 -76.2 5.4 2496.110 13.3003 
-92.1072 2.5474 978124.4 -75.5 6.0 2480.226 13.3503 
-92.1157 2.5496 978124.4 -75.7 5.8 2490.832 13.4003 
-92.1241 2.5518 978125.4 -75.7 6.8 2487.465 13.4503 
-92.1326 2.5541 978125.6 -75.4 7.3 2487.006 13.5003 
-92.1410 2.5563 978125.7 -75.4 7.4 2489.390 13.5503 
-92.1495 2.5585 978126.6 -75.4 8.3 2490.441 13.6003 
-92.1579 2.5607 978126.8 -75.1 8.7 2496.942 13.6503 
-92.1663 2.5630 978126.8 -74.8 9.1 2508.621 13.7003 
-92.1746 2.5652 978126.8 -74.9 8.8 2532.139 13.7503 
-92.1830 2.5674 978127.9 -75.5 9.4 2531.387 13.8003 
-92.1915 2.5695 978128.9 -76.2 9.7 2484.714 13.8503 
-92.2001 2.5716 978130.2 -76.4 10.8 2463.495 13.9003 
-92.2086 2.5736 978130.3 -71.5 15.7 2441.254 13.9503 
-92.2157 2.5754 978122.1 -47.7 31.3 2450.271 14.0003 
-92.2195 2.5764 978095.4 -29.7 22.6 2440.658 14.0503 
-92.2225 2.5772 978083.4 -27.7 12.6 1030.605 14.1003 
-92.2260 2.5782 978087.2 -50.7 -6.6 -99.000 14.1503 
-92.2336 2.5805 978116.7 -69.6 4.0 -99.000 14.2003 
-92.2414 2.5837 978125.9 -64.5 18.2 -99.000 14.2503 
-92.2477 2.5873 978117.1 -44.7 29.2 -99.000 14.3003 
-92.2505 2.5879 978091.2 -12.5 35.5 -99.000 14.3503 
-92.2508 2.5876 978063.4 -3.9 16.2 -99.000 14.4003 
-92.2512 2.5881 978059.9 -1.2 15.5 -99.000 14.4503 
-92.2512 2.5881 978057.8 0.1 14.7 -99.000 14.5003 
-92.2511 2.5881 978057.1 0.1 13.9 -99.000 14.5503 
-92.2511 2.5881 978057.1 -0.0 13.9 -99.000 14.6003 
-92.2511 2.5881 978057.2 -0.0 13.9 -99.000 14.6503 
-92.2511 2.5881 978057.1 -0.0 13.9 -99.000 14.7003 
-92.2511 2.5881 978057.3 -0.0 14.1 -99.000 14.7503 
-92.2511 2.5881 978057.3 -0.0 14.1 -99.000 14.8003 
-92.2511 2.5881 978057.0 -0.0 13.8 -99.000 14.8503 
-92.2511 2.5881 978057.0 -0.0 13.8 -99.000 14.9003 
-92.2511 2.5881 978057.1 -0.0 13.9 -99.000 14.9503 
-92.2511 2.5881 978057.2 -0.0 14.0 -99.000 15.0003 
-92.2511 2.5881 978057.2 0.0 14.0 -99.000 15.0503 
-92.2511 2.5881 978057.2 0.0 14.1 -99.000 15.1003 
-92.2511 2.5881 978057.1 0.0 14.0 -99.000 15.1503 
-92.2511 2.5881 978057.0 -0.0 13.8 -99.000 15.2003 
-92.2511 2.5881 978057.1 -0.0 13.9 -99.000 15.2503 
-92.2511 2.5881 978057.2 -0.0 14.0 -99.000 15.3003 
-92.2511 2.5881 978056.9 3.6 17.3 -99.000 15.3503 
-92.2512 2.5868 978057.3 -11.2 2.8 -99.000 15.4003 
-92.2516 2.5855 978061.0 -10.6 7.2 -99.000 15.4503 
-92.2516 2.5844 978057.7 8.6 23.1 -99.000 15.5003 
-92.2515 2.5836 978056.4 -7.1 6.1 -99.000 15.5503 
-92.2520 2.5829 978060.4 -5.3 11.9 -99.000 15.6003 
-92.2522 2.5817 978059.9 6.7 23.4 -9.548 15.6503 
-92.2520 2.5790 978056.5 23.5 36.8 1575.197 15.7003 
-92.2520 2.5768 978056.6 6.2 19.7 2419.529 15.7503 
-92.2519 2.5757 978057.2 -11.1 3.0 2430.355 15.8003 
-92.2522 2.5730 978059.7 -19.2 -2.6 2434.079 15.8503 
-92.2534 2.5654 978066.8 -11.6 12.2 2416.374 15.9003 
-92.2548 2.5568 978068.2 -12.4 12.8 2432.464 15.9503 
-92.2562 2.5481 978068.1 -12.3 12.9 2471.906 16.0003 
-92.2577 2.5394 978067.9 -13.3 11.9 2469.615 16.0503 
-92.2592 2.5306 978068.1 -13.2 12.1 2439.287 16.1003 
-92.2607 2.5219 978066.8 -13.2 11.0 2423.352 16.1503 
-92.2622 2.5132 978065.0 -13.5 8.9 2450.991 16.2003 
-92.2638 2.5045 978063.9 -13.6 7.8 2489.797 16.2503 
-92.2653 2.4957 978062.3 -13.9 5.9 2518.659 16.3003 
-92.2670 2.4870 978060.3 -14.0 3.9 2550.532 16.3503 
-92.2685 2.4782 978058.3 -13.7 2.2 2572.220 16.4003 
-92.2701 2.4694 978055.9 -12.8 0.8 2580.687 16.4503 
-92.2715 2.4605 978053.1 -12.1 -1.2 2611.850 16.5003 
-92.2729 2.4517 978051.1 -12.0 -3.0 2663.901 16.5503 
-92.2743 2.4429 978050.2 -12.2 -4.0 2687.468 16.6003 
-92.2757 2.4341 978049.8 -12.1 -4.3 2712.832 16.6503 
-92.2771 2.4253 978049.7 -15.8 -8.0 2626.401 16.7003 
-92.2800 2.4175 978066.3 -66.3 -41.8 2563.111 16.7503 
-92.2881 2.4187 978110.4 -74.2 -5.7 2564.749 16.8003 
-92.2965 2.4209 978114.3 -75.2 -2.8 2572.155 16.8503 
-92.3049 2.4230 978115.5 -75.4 -1.9 2567.018 16.9003 
-92.3134 2.4252 978115.3 -75.4 -2.0 2569.201 16.9503 
-92.3218 2.4273 978116.3 -75.5 -1.2 2570.573 17.0003 
-92.3302 2.4295 978116.7 -75.2 -0.5 2537.561 17.0503 
-92.3386 2.4316 978117.2 -75.2 0.0 2497.275 17.1003 
-92.3471 2.4337 978117.8 -75.6 0.2 2489.516 17.1503 
-92.3555 2.4358 978118.3 -75.7 0.6 2499.653 17.2003 
-92.3640 2.4379 978118.7 -75.6 1.1 2499.011 17.2503 
-92.3725 2.4400 978118.1 -75.4 0.7 2528.135 17.3003 
-92.3809 2.4420 978117.5 -75.3 0.1 2512.037 17.3503 
-92.3893 2.4440 978117.0 -75.2 -0.3 2490.270 17.4003 
-92.3977 2.4460 978116.7 -75.0 -0.5 2536.795 17.4503 
-92.4061 2.4481 978116.3 -75.3 -1.1 2594.567 17.5003 
-92.4146 2.4502 978116.5 -75.6 -1.3 2675.390 17.5503 
-92.4230 2.4523 978116.9 -75.7 -0.9 2678.562 17.6003 
-92.4315 2.4545 978117.1 -75.6 -0.6 2609.471 17.6503 
-92.4399 2.4567 978117.6 -75.5 -0.1 2559.395 17.7003 
-92.4484 2.4589 978118.1 -76.0 -0.0 2538.273 17.7503 
-92.4569 2.4611 978118.9 -75.6 1.2 2522.245 17.8003 
-92.4653 2.4633 978118.8 -74.9 1.7 2541.927 17.8503 
-92.4737 2.4654 978117.7 -74.6 0.9 2558.761 17.9003 
-92.4820 2.4676 978117.6 -74.1 1.3 2530.072 17.9503 
-92.4903 2.4697 978116.9 -73.8 0.9 2555.766 18.0003 
-92.4985 2.4718 978116.5 -73.8 0.5 2662.562 18.0503 
-92.5068 2.4739 978116.3 -74.2 -0.2 2635.145 18.1003 
-92.5151 2.4761 978117.2 -74.8 0.1 2590.340 18.1503 
-92.5236 2.4783 978118.0 -75.9 -0.2 2633.068 18.2003 
-92.5321 2.4805 978119.3 -76.1 0.8 2616.839 18.2503 
-92.5406 2.4827 978119.8 -75.9 1.5 2545.756 18.3003 
-92.5491 2.4848 978119.5 -75.8 1.3 2558.127 18.3503 
-92.5576 2.4870 978120.1 -76.1 1.6 2576.468 18.4003 
-92.5661 2.4892 978121.0 -76.4 2.2 2586.296 18.4503 
-92.5747 2.4914 978121.8 -76.5 2.8 2521.189 18.5003 
-92.5832 2.4936 978122.6 -76.6 3.5 2511.541 18.5503 
-92.5918 2.4958 978123.8 -76.6 4.7 2532.931 18.6003 
-92.6004 2.4980 978124.1 -76.9 4.7 2511.347 18.6503 
-92.6090 2.5002 978124.6 -77.2 4.9 2475.799 18.7003 
-92.6177 2.5024 978125.1 -77.3 5.3 2504.176 18.7503 
-92.6263 2.5045 978125.7 -77.3 5.9 2497.078 18.8003 
-92.6349 2.5066 978126.4 -76.9 6.9 2457.283 18.8503 
-92.6435 2.5087 978126.7 -76.9 7.2 2441.951 18.9003 
-92.6522 2.5108 978127.9 -77.2 8.2 2425.453 18.9503 
-92.6608 2.5128 978128.4 -77.3 8.6 2429.159 19.0003 
-92.6695 2.5149 978129.2 -77.2 9.4 2479.900 19.0503 
-92.6781 2.5169 978129.9 -77.3 10.0 2492.462 19.1003 
-92.6868 2.5190 978130.7 -77.9 10.2 2427.812 19.1503 
-92.6955 2.5211 978131.6 -77.9 11.0 2401.683 19.2003 
-92.7042 2.5233 978132.4 -77.6 12.1 2369.701 19.2503 
-92.7129 2.5254 978132.4 -77.1 12.6 2346.580 19.3003 
-92.7215 2.5275 978132.8 -77.2 12.9 2302.372 19.3503 
-92.7301 2.5296 978133.7 -77.4 13.6 2292.887 19.4003 
-92.7388 2.5318 978133.5 -77.3 13.5 2331.012 19.4503 
-92.7474 2.5340 978132.8 -77.2 12.9 2361.533 19.5003 
-92.7561 2.5361 978133.0 -77.3 12.8 2393.911 19.5503 
-92.7647 2.5383 978133.1 -77.5 12.8 2396.828 19.6003 
-92.7734 2.5405 978133.7 -77.6 13.3 2403.362 19.6503 
-92.7821 2.5427 978134.0 -78.0 13.1 2423.282 19.7003 
-92.7909 2.5450 978134.3 -78.1 13.3 2474.728 19.7503 
-92.7996 2.5473 978134.3 -78.2 13.2 2498.426 19.8003 
-92.8084 2.5495 978134.4 -78.5 13.0 2446.637 19.8503 
-92.8172 2.5518 978134.5 -78.4 13.2 2419.626 19.9003 
-92.8259 2.5542 978134.7 -78.7 13.1 2423.424 19.9503 
-92.8348 2.5565 978135.0 -78.8 13.2 2440.562 20.0003 
-92.8436 2.5587 978135.1 -78.8 13.4 2465.834 20.0503 
-92.8524 2.5610 978134.8 -78.9 12.9 2481.278 20.1003 
-92.8612 2.5632 978134.6 -78.6 13.0 2482.050 20.1503 
-92.8700 2.5654 978134.2 -78.3 12.9 2512.648 20.2003 
-92.8788 2.5676 978134.2 -78.8 12.4 2484.376 20.2503 
-92.8876 2.5698 978134.7 -79.2 12.5 2440.770 20.3003 
-92.8965 2.5720 978134.9 -79.2 12.6 2450.202 20.3503 
-92.9054 2.5742 978134.8 -79.0 12.8 2442.482 20.4003 
-92.9142 2.5764 978134.6 -78.8 12.6 2443.473 20.4503 
-92.9230 2.5786 978134.4 -78.7 12.6 2452.705 20.5003 
-92.9318 2.5808 978133.8 -78.8 11.9 2473.681 20.5503 
-92.9406 2.5829 978133.8 -79.0 11.7 2522.444 20.6003 
-92.9495 2.5851 978133.9 -78.8 11.9 2537.680 20.6503 
-92.9583 2.5873 978133.2 -78.7 11.4 2481.149 20.7003 
-92.9671 2.5895 978133.6 -79.0 11.4 2478.012 20.7503 
-92.9759 2.5917 978133.9 -79.0 11.6 2495.028 20.8003 
-92.9848 2.5939 978133.8 -79.0 11.6 2508.992 20.8503 
-92.9936 2.5961 978133.6 -79.2 11.1 2504.121 20.9003 
-93.0025 2.5984 978133.8 -79.3 11.2 2483.920 20.9503 
-93.0114 2.6008 978133.5 -79.4 10.7 2503.084 21.0003 
-93.0203 2.6031 978133.5 -79.6 10.6 2502.255 21.0503 
-93.0292 2.6055 978133.6 -79.8 10.5 2466.902 21.1003 
-93.0382 2.6078 978133.6 -79.9 10.3 2457.755 21.1503 
-93.0471 2.6100 978133.4 -80.2 9.9 2485.522 21.2003 
-93.0561 2.6123 978133.7 -79.9 10.3 2499.776 21.2503 
-93.0650 2.6146 978132.9 -80.0 9.6 2554.072 21.3003 
-93.0740 2.6170 978132.9 -79.6 9.8 2566.790 21.3503 
-93.0828 2.6194 978132.4 -79.2 9.7 2538.339 21.4003 
-93.0917 2.6215 978132.1 -79.8 8.8 2538.766 21.4503 
-93.1007 2.6237 978133.1 -80.0 9.6 2573.406 21.5003 
-93.1096 2.6258 978133.3 -79.6 10.2 2538.313 21.5503 
-93.1185 2.6281 978133.0 -79.1 10.4 2508.441 21.6003 
-93.1274 2.6303 978133.0 -79.1 10.3 2460.940 21.6503 
-93.1362 2.6325 978133.5 -78.9 11.0 2465.501 21.7003 
-93.1450 2.6347 978132.7 -78.5 10.6 2491.025 21.7503 
-93.1538 2.6369 978132.1 -78.6 9.9 2542.051 21.8003 
-93.1626 2.6390 978131.7 -78.4 9.7 2582.446 21.8503 
-93.1714 2.6411 978131.3 -78.0 9.6 2570.549 21.9003 
-93.1801 2.6432 978130.6 -78.1 8.9 2605.208 21.9503 
-93.1888 2.6454 978130.5 -78.2 8.6 2618.966 22.0003 
-93.1976 2.6475 978130.0 -78.0 8.2 2618.338 22.0503 
-93.2063 2.6496 978129.4 -72.3 13.4 2622.169 22.1003 
-93.2129 2.6552 978117.5 -53.3 20.5 2624.157 22.1503 
-93.2186 2.6619 978102.6 -50.3 8.5 2631.983 22.2003 
-93.2242 2.6687 978101.6 -49.0 8.7 2614.435 22.2503 
-93.2296 2.6755 978100.8 -48.9 8.0 2557.259 22.3003 
-93.2351 2.6823 978101.4 -49.1 8.3 2534.157 22.3503 
-93.2406 2.6892 978101.7 -48.7 9.0 2537.683 22.4003 
-93.2460 2.6960 978101.3 -50.0 7.2 2584.653 22.4503 
-93.2517 2.7028 978102.8 -50.6 8.0 2611.131 22.5003 
-93.2574 2.7095 978102.5 -50.7 7.6 2601.270 22.5503 
-93.2631 2.7163 978102.3 -50.6 7.4 2652.106 22.6003 
-93.2687 2.7230 978102.1 -51.1 6.7 2682.610 22.6503 
-93.2745 2.7298 978102.1 -50.9 6.9 2680.663 22.7003 
-93.2801 2.7366 978101.7 -50.4 6.9 2660.291 22.7503 
-93.2857 2.7435 978101.4 -50.1 6.7 2627.594 22.8003 
-93.2914 2.7503 978101.7 -50.2 7.0 2584.087 22.8503 
-93.2970 2.7571 978101.7 -50.4 6.7 2622.092 22.9003 
-93.3026 2.7640 978101.8 -43.4 13.7 2608.618 22.9503 
-93.3063 2.7684 978090.2 -25.1 20.4 2612.729 23.0003 
-93.3085 2.7711 978073.4 -23.1 5.6 2631.524 23.0503 
-93.3119 2.7752 978079.2 -41.1 -6.6 2588.426 23.1003 
-93.3173 2.7817 978096.9 -48.9 3.2 825.985 23.1503 
-93.3228 2.7883 978100.0 -48.2 6.9 -99.000 23.2003 
-93.3279 2.7945 978097.9 -36.3 16.6 -99.000 23.2503 
-93.3306 2.7990 978082.8 16.5 54.2 -99.000 23.3003 
-93.3301 2.7986 978052.1 6.4 13.5 -99.000 23.3503 
-93.3299 2.7984 978049.6 0.8 5.4 -99.000 23.4003 
-93.3298 2.7984 978050.6 0.9 6.5 -99.000 23.4503 
-93.3297 2.7985 978050.0 1.0 6.0 -99.000 23.5003 
-93.3296 2.7985 978050.3 0.4 5.7 -99.000 23.5503 
-93.3295 2.7985 978050.8 0.4 6.3 -99.000 23.6003 
-93.3295 2.7985 978051.1 -0.0 6.1 -99.000 23.6503 
-93.3294 2.7986 978051.2 0.4 6.7 -99.000 23.7003 
-93.3293 2.7986 978050.6 0.2 5.8 -99.000 23.7503 
-93.3293 2.7986 978051.2 -0.1 6.2 -99.000 23.8003 
-93.3293 2.7986 978051.6 -0.2 6.5 -99.000 23.8503 
-93.3294 2.7986 978051.8 -0.3 6.5 -99.000 23.9003 
-93.3295 2.7985 978052.2 NaN NaN -163.194 23.9503 
