-91.8546	-1.3416	977947.6	NaN	NaN	3356.531	0.0003	-24.4958078928
-91.8473	-1.3425	977947.3	67.1	-21.2	3355.43	0.0503	-24.59744911
-91.8399	-1.3434	977946.8	66.9	-21.9	3357.429	0.1003	-24.8203168734
-91.8325	-1.3444	977946.5	66.5	-22.5	3364.797	0.1503	-25.1916509389
-91.8252	-1.3454	977946.9	66.4	-22.2	3369.46	0.2003	-25.7428014353
-91.8178	-1.3465	977946.5	66.5	-22.5	3369.581	0.2503	-26.5410489496
-91.8105	-1.3475	977945.9	66.1	-23.5	3365.297	0.3003	-27.4755927897
-91.8032	-1.3486	977945.6	65.7	-24.2	3364.69	0.3503	-28.4970879477
-91.7959	-1.3497	977945.4	65.9	-24.2	3366.33	0.4003	-29.6047574155
-91.7886	-1.3509	977945.1	65.8	-24.6	3375.627	0.4503	-30.5278240319
-91.7814	-1.352	977945	64.9	-25.7	3384.704	0.5003	-31.2122783754
-91.7743	-1.3532	977945.6	64.6	-25.4	3400.898	0.5503	-31.7815041501
-91.7671	-1.3543	977945.1	64.8	-25.6	3424.244	0.6003	-32.2878284934
-91.7599	-1.3555	977944.3	65.1	-26.2	3438.84	0.6503	-32.6877309252
-91.7527	-1.3567	977943.8	65.2	-26.6	3443.569	0.7003	-33.0068891115
-91.7455	-1.3579	977943.6	65.3	-26.7	3442.91	0.7503	-33.2508402733
-91.7383	-1.3591	977942.8	65.3	-27.5	3445.872	0.8003	-33.4448431469
-91.7311	-1.3604	977942.7	65	-27.9	3451.2	0.8503	-33.6083954282
-91.7239	-1.3616	977942.7	65.1	-27.8	3459.123	0.9003	-33.6062801705
-91.7167	-1.3629	977941.4	65.6	-28.5	3457.562	0.9503	-33.3261744463
-91.7094	-1.3642	977940.7	66.2	-28.7	3454.238	1.0003	-32.9983216841
-91.7021	-1.3654	977940.1	66.3	-29.2	3453.228	1.0503	-32.7720602832
-91.6947	-1.3667	977939.5	66.8	-29.3	3451.973	1.1003	-32.6186575929
-91.6873	-1.3676	977938.5	67.4	-29.7	3452.875	1.1503	-32.6861635639
-91.6799	-1.3684	977936.9	67.6	-31.1	3453.377	1.2003	-32.9024359437
-91.6724	-1.3693	977936.3	67.7	-31.7	3452.066	1.2503	-33.4444630756
-91.6649	-1.3701	977935.9	68.2	-31.5	3456.934	1.3003	-34.4074666132
-91.6573	-1.371	977934.8	68.8	-32.1	3470.073	1.3503	-35.4706311782
-91.6497	-1.3719	977933.9	69.2	-32.6	3480.161	1.4003	-36.5862100035
-91.642	-1.3729	977933	69.2	-33.4	3489.568	1.4503	-37.6380843946
-91.6344	-1.3738	977932.7	69.2	-33.7	3497.922	1.5003	-38.5460521757
-91.6267	-1.3746	977932.2	69.4	-34	3505.657	1.5503	-39.2783475259
-91.619	-1.3755	977932	69.4	-34.2	3515.091	1.6003	-39.5397383352
-91.6114	-1.3764	977931.8	69.3	-34.6	3526.405	1.6503	-39.4481083925
-91.6037	-1.3773	977931.9	69.3	-34.4	3536.093	1.7003	-39.1008952463
-91.5961	-1.3783	977931.8	69.2	-34.7	3535.404	1.7503	-38.486134718
-91.5884	-1.3795	977931.3	69.1	-35.3	3540.147	1.8003	-37.9033133576
-91.5808	-1.3807	977931.3	68.8	-35.5	3548.551	1.8503	-37.3650711468
-91.5732	-1.382	977931.9	69	-34.8	3548.978	1.9003	-37.0346862554
-91.5655	-1.3832	977931.2	69.2	-35.3	3555.883	1.9503	-36.9620792002
-91.5579	-1.3845	977930.5	69.1	-36.2	3555.342	2.0003	-37.1596575566
-91.5502	-1.3857	977929.6	69.7	-36.3	3564.935	2.0503	-37.7597354524
-91.5425	-1.387	977929	70.1	-36.5	3574.713	2.1003	-38.5656686135
-91.5348	-1.3881	977928.6	69.9	-37.2	3571.567	2.1503	-39.4875777656
-91.527	-1.3893	977928.5	69.6	-37.6	3566.634	2.2003	-40.5131034222
-91.5194	-1.3904	977928.4	69.6	-37.7	3562.466	2.2503	-41.5150652834
-91.5117	-1.3916	977927.6	69.4	-38.8	3577.41	2.3003	-42.5323009135
-91.504	-1.3927	977927.7	69.3	-38.8	3581.398	2.3503	-43.4434581284
-91.4964	-1.3938	977927.7	69	-39.1	3577.605	2.4003	-44.2381954985
-91.4887	-1.395	977927	69.2	-39.5	3582.635	2.4503	-44.848406688
-91.4811	-1.3961	977926.2	69.2	-40.3	3589.8	2.5003	-45.221153119
-91.4734	-1.3973	977925.5	69.3	-40.9	3599.069	2.5503	-45.4760078451
-91.4658	-1.3984	977925.3	69.5	-41	3590.373	2.6003	-45.6060132334
-91.4581	-1.3996	977924.7	69.8	-41.2	3593.166	2.6503	-45.7429610862
-91.4503	-1.4008	977924.7	69.8	-41.3	3602.848	2.7003	-46.0646005977
-91.4426	-1.402	977924.4	69.8	-41.6	3608.901	2.7503	-46.3584480383
-91.435	-1.4031	977924.1	69.4	-42.3	3616.805	2.8003	-46.4900083392
-91.4273	-1.4043	977923.8	69.2	-42.8	3618.316	2.8503	-46.5112557585
-91.4196	-1.4053	977923.3	69.6	-42.8	3626.038	2.9003	-46.363461549
-91.4119	-1.4064	977922.9	69.6	-43.3	3629.473	2.9503	-46.0459907102
-91.4042	-1.4074	977922.6	70	-43.2	3630.588	3.0003	-45.7211115805
-91.3965	-1.4084	977921.6	69.9	-44.3	3630.876	3.0503	-45.3685193133
-91.3887	-1.4094	977921.6	70.2	-44	3630.308	3.1003	-45.4103172827
-91.381	-1.4104	977921.5	70.1	-44.2	3629.888	3.1503	-45.9268419899
-91.3732	-1.4115	977921	70	-44.8	3629.655	3.2003	-46.5468846706
-91.3655	-1.4126	977920.6	70.4	-44.8	3630.337	3.2503	-47.2454205158
-91.3577	-1.4138	977919.7	70.7	-45.4	3628.979	3.3003	-47.8326785728
-91.3498	-1.4149	977919.2	71	-45.6	3627.045	3.3503	-48.0935530818
-91.342	-1.4161	977918.6	70.7	-46.5	3628.054	3.4003	-48.1696149168
-91.3342	-1.4173	977918.1	70.6	-47.1	3627.66	3.4503	-48.0864919331
-91.3264	-1.4185	977917.6	70.7	-47.5	3627.807	3.5003	-47.9827747606
-91.3185	-1.4198	977917.3	71.1	-47.5	3627.687	3.5503	-48.1697701387
-91.3107	-1.4209	977916.3	71.8	-47.8	3628.592	3.6003	-48.6856994587
-91.3027	-1.422	977915.5	72.2	-48.2	3627.548	3.6503	-49.7444539508
-91.2947	-1.423	977915	72	-48.8	3628.896	3.7003	-51.2371154395
-91.2868	-1.424	977914.5	72.2	-49.2	3628.863	3.7503	-52.9280764922
-91.2788	-1.4251	977913.7	72.1	-50.1	3628.464	3.8003	-54.8096856322
-91.2708	-1.4262	977913.6	71.9	-50.4	3626.883	3.8503	-56.2808559414
-91.2629	-1.4273	977913.3	72.5	-50	3627.001	3.9003	-57.3453901078
-91.2548	-1.4285	977912.1	73.1	-50.7	3629.025	3.9503	-57.7917955748
-91.2467	-1.4297	977911.1	73.3	-51.5	3629.044	4.0003	-57.5714425209
-91.2386	-1.4309	977910.2	74.2	-51.6	3630.206	4.0503	-57.2333693988
-91.2304	-1.432	977909.2	74.3	-52.4	3630.801	4.1003	-56.7817020102
-91.2222	-1.4332	977908	74.6	-53.3	3629.921	4.1503	-56.6257094261
-91.2139	-1.4343	977907.6	74.9	-53.4	3629.898	4.2003	-56.9224379636
-91.2056	-1.4355	977906.8	74.5	-54.6	3633.571	4.2503	-57.4981446732
-91.1974	-1.4367	977906.7	73.9	-55.3	3633.87	4.3003	-58.3763193631
-91.1893	-1.438	977906.6	73.8	-55.5	3633.628	4.3503	-59.1721198815
-91.1811	-1.4393	977906	74.6	-55.4	3632.598	4.4003	-59.8524768297
-91.1728	-1.4407	977904.9	74.4	-56.6	3631.976	4.4503	-60.4161158366
-91.1646	-1.442	977904.6	74	-57.3	3630.403	4.5003	-60.7976313577
-91.1565	-1.4432	977904.5	74.2	-57.3	3629.608	4.5503	-61.1517607431
-91.1483	-1.4444	977903.9	73.8	-58.2	3628.792	4.6003	-61.5240967647
-91.1402	-1.4456	977903.5	73.4	-59.1	3629.184	4.6503	-61.9065217765
-91.1321	-1.4468	977903.9	73.1	-58.9	3630.191	4.7003	-62.2890127468
-91.124	-1.448	977903.7	72.3	-60	3629.826	4.7503	-62.6694118449
-91.1161	-1.4492	977903.8	72.6	-59.6	3630.318	4.8003	-63.0807967034
-91.108	-1.4504	977902.3	73.6	-60.1	3628.351	4.8503	-63.5397128624
-91.0998	-1.4515	977901	73.6	-61.3	3628.738	4.9003	-64.0020876304
-91.0917	-1.4526	977900.8	73.7	-61.6	3629.522	4.9503	-64.4839484705
-91.0835	-1.4538	977900.1	73.8	-62.1	3628.877	5.0003	-65.0443388571
-91.0753	-1.4549	977899.4	74.4	-62.2	3629.968	5.0503	-65.7215861752
-91.0671	-1.4561	977898.8	74.5	-62.8	3630.911	5.1003	-66.5063877828
-91.0589	-1.4573	977898.1	74.4	-63.5	3630.559	5.1503	-67.4057723789
-91.0506	-1.4585	977897.6	75	-63.4	3629.688	5.2003	-68.4802122691
-91.0424	-1.4598	977897	74.7	-64.3	3627.569	5.2503	-69.5131394492
-91.0341	-1.461	977896.1	74.9	-65	3624.468	5.3003	-70.3427683933
-91.0258	-1.4621	977895.5	75.5	-65	3624.145	5.3503	-71.0045830575
-91.0174	-1.4633	977894.7	75.5	-65.9	3622.344	5.4003	-71.4422979727
-91.0091	-1.4644	977893.9	74.1	-68	3623.789	5.4503	-71.6705794577
-91.0013	-1.4656	977898.3	56.1	-81.7	3622.608	5.5003	-71.6363645235
-90.9969	-1.4664	977922.7	29.3	-84	3621.868	5.5503	-71.5188038609
-90.9945	-1.4667	977944.5	20.7	-70.9	3621.75	5.6003	-71.4648473841
-90.9918	-1.4671	977945.5	41.2	-49.4	3620.412	5.6503	-71.3918506369
-90.9852	-1.467	977917.2	65.1	-53.7	1785.405	5.7003	-71.324894679
-90.9782	-1.4666	977903.8	50.5	-81.7	-94.277	5.7503	-71.2886723384
-90.9741	-1.4668	977925.4	25.8	-84.8	-99	5.8003	-71.2575095801
-90.9724	-1.4676	977948.6	8	-79.4	-99	5.8503	-71.1260711283
-90.9723	-1.4677	977964.4	0	-71.6	-99	5.9003	-71.108641552
-90.9723	-1.4677	977967.8	-0	-68.3	-99	5.9503	-71.108641552
-90.9723	-1.4677	977967.6	0	-68.4	-99	6.0003	-71.108641552
-90.9723	-1.4677	977967.5	-0.1	-68.6	-99	6.0503	-71.108641552
-90.9723	-1.4677	977967.8	-0	-68.3	-99	6.1003	-71.108641552
-90.9723	-1.4677	977968	-0	-68.1	-99	6.1503	-71.108641552
-90.9723	-1.4677	977968.2	-0.1	-67.9	-99	6.2003	-71.108641552
-90.9723	-1.4677	977968.2	-0.1	-68	-99	6.2503	-71.108641552
-90.9723	-1.4677	977968	-0.1	-68.1	-99	6.3003	-71.108641552
-90.9723	-1.4677	977967.7	-0.1	-68.5	-99	6.3503	-71.108641552
-90.9723	-1.4677	977967.9	-0.1	-68.2	-99	6.4003	-71.108641552
-90.9723	-1.4677	977968	-0.1	-68.2	-99	6.4503	-71.108641552
-90.9723	-1.4677	977968.1	-0.1	-68	-99	6.5003	-71.108641552
-90.9723	-1.4677	977967.8	-0.1	-68.3	-99	6.5503	-71.108641552
-90.9723	-1.4677	977968	-0	-68.1	-99	6.6003	-71.108641552
-90.9723	-1.4677	977967.9	-0.1	-68.3	-99	6.6503	-71.108641552
-90.9723	-1.4677	977968	-0	-68.2	-99	6.7003	-71.108641552
-90.9723	-1.4677	977968.2	-0	-67.9	-99	6.7503	-71.108641552
-90.9723	-1.4677	977968.1	-0.1	-68	-99	6.8003	-71.108641552
-90.9723	-1.4677	977968.2	-0.1	-67.9	-99	6.8503	-71.108641552
-90.9723	-1.4677	977968.4	-0	-67.7	-99	6.9003	-71.108641552
-90.9723	-1.4677	977968.2	-0.1	-67.9	-99	6.9503	-71.108641552
-90.9723	-1.4677	977968.1	-0.1	-68.1	-99	7.0003	-71.108641552
-90.9723	-1.4677	977968	-0.1	-68.2	-99	7.0503	-71.108641552
-90.9723	-1.4677	977967.9	1	-67.1	-99	7.1003	-71.108641552
-90.972	-1.4681	977966.6	4.7	-64.8	-99	7.1503	-71.0378376602
-90.9719	-1.4687	977966.5	5.1	-64.4	-99	7.2003	-70.9276063585
-90.9717	-1.4691	977967.3	1.8	-67	-99	7.2503	-70.8554980906
-90.9718	-1.4694	977968.2	-1.3	-69.2	-99	7.3003	-70.7985890339
-90.9719	-1.4692	977969.1	-1	-68	434.709	7.3503	-70.8346949962
-90.9713	-1.4689	977964.5	15.2	-56.4	3086.883	7.4003	-70.8973941192
-90.9689	-1.4698	977949.9	26.4	-59.8	3611.655	7.4503	-70.7645365552
-90.9652	-1.4719	977937.1	48.4	-50.5	3608.565	7.5003	-70.4514514901
-90.9585	-1.4758	977912.9	63	-60.3	3606.836	7.5503	-69.9845544516
-90.9515	-1.4799	977904.1	63.4	-68.7	3604.905	7.6003	-69.7642347868
-90.9445	-1.4838	977904.1	62.9	-69.1	3602.72	7.6503	-69.961154763
-90.9376	-1.4877	977904.4	62.6	-69.2	3596.327	7.7003	-70.4690812718
-90.9308	-1.4915	977905.1	61.9	-69.2	3592.896	7.7503	-71.3310327787
-90.924	-1.4954	977905.6	61.7	-68.9	3591.749	7.8003	-72.1212308988
-90.9171	-1.4992	977905.7	62.3	-68.2	3589.266	7.8503	-72.6735959488
-90.9102	-1.5032	977905.5	62	-68.7	3588.315	7.9003	-72.9932591377
-90.9035	-1.507	977906.1	60.6	-69.5	3578.958	7.9503	-73.1112940339
-90.8968	-1.5108	977907.7	60.2	-68.4	3577.127	8.0003	-73.0029474985
-90.8902	-1.5146	977908.2	60.2	-67.9	3577.103	8.0503	-72.7685545383
-90.8836	-1.5184	977907.9	60.8	-67.5	3569.547	8.1003	-72.4415213628
-90.8768	-1.5222	977907.3	61.3	-67.8	3563.66	8.1503	-72.1008779839
-90.8701	-1.526	977907.2	60.5	-68.6	3562.362	8.2003	-71.7622779961
-90.8634	-1.5298	977908	60.6	-67.8	3561.733	8.2503	-71.377706159
-90.8567	-1.5336	977907.5	61.7	-67.2	3561.525	8.3003	-71.0208813239
-90.8499	-1.5373	977906.6	61.1	-68.7	3557.587	8.3503	-70.7534566042
-90.8432	-1.5411	977907.9	61.4	-67.1	3549.351	8.4003	-70.5368420198
-90.8363	-1.5449	977907.3	61.8	-67.3	3537.961	8.4503	-70.4115320537
-90.8296	-1.5487	977907.7	61.4	-67.4	3536.421	8.5003	-70.3357994962
-90.8227	-1.5525	977907.4	62.2	-66.8	3533.788	8.5503	-70.333686536
-90.8159	-1.5563	977907.2	61.6	-67.8	3529.329	8.6003	-70.3588226395
-90.8091	-1.5601	977907.7	62	-66.9	3527.262	8.6503	-70.3723678842
-90.8023	-1.564	977907.8	61.5	-67.2	3529.477	8.7003	-70.3468091323
-90.7955	-1.5679	977908.9	61.7	-65.9	3524.745	8.7503	-70.2136846623
-90.7887	-1.5718	977908.1	61.9	-66.5	3522.365	8.8003	-69.9666604321
-90.7818	-1.5757	977908.1	61.7	-66.7	3519.211	8.8503	-69.7484445272
-90.775	-1.5795	977908.8	61.8	-66	3516.85	8.9003	-69.5346840787
-90.7683	-1.5834	977909.2	61	-66.4	3503.73	8.9503	-69.2702974968
-90.7615	-1.5874	977910.1	61.3	-65.2	3489.501	9.0003	-69.0289308287
-90.7548	-1.5912	977910.1	61.7	-64.9	3481.179	9.0503	-68.8132605017
-90.7479	-1.595	977910.1	62.2	-64.3	3472.489	9.1003	-68.5710751584
-90.741	-1.5988	977909.9	61.9	-64.9	3466.894	9.1503	-68.383404769
-90.7343	-1.6027	977910.8	61.5	-64.4	3457.259	9.2003	-68.1780472347
-90.7275	-1.6066	977911.2	61.6	-64	3444.219	9.2503	-68.0094732148
-90.7207	-1.6104	977911.7	60.4	-64.6	3431.947	9.3003	-68.0642787043
-90.7141	-1.6144	977913.5	59.6	-63.7	3426.285	9.3503	-68.2468134677
-90.7076	-1.6187	977915	57.5	-64.2	3420.338	9.4003	-68.3767382862
-90.7013	-1.6231	977917.3	57.3	-62.2	3420.673	9.4503	-68.4685644447
-90.695	-1.6275	977918.1	57.5	-61.3	3438.944	9.5003	-68.4650278433
-90.6887	-1.6319	977918.5	57.9	-60.5	3447.685	9.5503	-68.2443119034
-90.6823	-1.6364	977918.7	58.4	-59.8	3441.757	9.6003	-67.8836130756
-90.6758	-1.6409	977918.3	58.4	-60.2	3422.309	9.6503	-67.4445525966
-90.6694	-1.6454	977918.8	59.1	-59.1	3404.467	9.7003	-66.9118307944
-90.6628	-1.6499	977919.3	58.8	-58.9	3401.161	9.7503	-66.3641993891
-90.6564	-1.6545	977920.3	57.6	-59.2	3394.284	9.8003	-65.8491405974
-90.6501	-1.6591	977921.1	57.1	-58.8	3389.063	9.8503	-65.3540358046
-90.6439	-1.6637	977921.7	56.6	-58.7	3387.896	9.9003	-64.7640577201
-90.6376	-1.6683	977923	56.7	-57.3	3384.712	9.9503	-64.0903969546
-90.6314	-1.6729	977923.7	56.7	-56.7	3382.512	10.0003	-63.4718777066
-90.6251	-1.6775	977923.6	57	-56.4	3378.086	10.0503	-62.9080653242
-90.6189	-1.6821	977923.1	57.2	-56.9	3368.379	10.1003	-62.2549434365
-90.6125	-1.6867	977923.9	57.7	-55.6	3363.339	10.1503	-61.6241417852
-90.6062	-1.6914	977924.8	57.4	-55	3365.162	10.2003	-61.062377124
-90.5999	-1.6961	977924.8	57.4	-55	3362.526	10.2503	-60.547066648
-90.5935	-1.7006	977925.1	57.7	-54.4	3362.045	10.3003	-60.1286947774
-90.5871	-1.705	977925.4	57.5	-54.3	3353.922	10.3503	-59.7797056445
-90.5808	-1.7094	977926.1	57.1	-54.1	3346.762	10.4003	-59.4035454235
-90.5745	-1.7138	977926.6	57.2	-53.5	3347.746	10.4503	-59.0010699695
-90.5682	-1.7181	977927.7	57.3	-52.3	3342.661	10.5003	-58.5527401642
-90.5619	-1.7225	977927.8	57.5	-52	3336.409	10.5503	-57.9430784586
-90.5556	-1.727	977928.1	57.7	-51.6	3332.065	10.6003	-57.1510543454
-90.5492	-1.7316	977928.9	57.7	-50.8	3333.585	10.6503	-56.1861379659
-90.5428	-1.7361	977929.3	57.8	-50.3	3326.46	10.7003	-55.281755124
-90.5365	-1.7405	977929.9	58	-49.6	3321.612	10.7503	-54.545998373
-90.5301	-1.745	977930.5	57.6	-49.3	3318.546	10.8003	-53.933791286
-90.5237	-1.7495	977931	57.6	-48.9	3322.255	10.8503	-53.4983366787
-90.5174	-1.754	977931.1	57.9	-48.5	3324.487	10.9003	-53.3687585932
-90.511	-1.7585	977931.2	58.1	-48.2	3326.682	10.9503	-53.4015096236
-90.5045	-1.7629	977931.2	58.7	-47.7	3327.883	11.0003	-53.3404687093
-90.4981	-1.7674	977930.9	58.3	-48.3	3331.097	11.0503	-53.2211596388
-90.4917	-1.772	977931.5	58.1	-48.1	3333.369	11.1003	-52.9619216221
-90.4853	-1.7766	977931.9	58.2	-47.5	3341.572	11.1503	-52.4469487674
-90.4789	-1.7812	977932.5	58.4	-46.8	3344.367	11.2003	-51.881401537
-90.4724	-1.7858	977932.5	58.3	-46.9	3345.974	11.2503	-51.4847971409
-90.466	-1.7903	977932.9	57.6	-47.2	3348.649	11.3003	-51.1763571765
-90.4597	-1.7949	977934.1	57.8	-45.9	3352.702	11.3503	-50.9563606682
-90.4533	-1.7996	977934.3	58.4	-45.1	3356.858	11.4003	-50.8062962294
-90.4468	-1.8043	977934	58.9	-44.8	3357.969	11.4503	-50.5504483252
-90.4403	-1.8089	977933.5	58.9	-45.4	3356.298	11.5003	-50.0511230458
-90.4338	-1.8135	977933.5	59	-45.4	3357.796	11.5503	-49.2430954643
-90.4273	-1.8181	977933.6	59.4	-44.9	3356.989	11.6003	-48.2529468477
-90.4208	-1.8227	977933.2	59.7	-45	3356.075	11.6503	-47.2524567634
-90.4141	-1.8273	977932.8	59.9	-45.2	3354.263	11.7003	-46.2582145422
-90.4076	-1.8319	977933.2	59.7	-45.1	3354.386	11.7503	-45.5269875604
-90.401	-1.8366	977933.4	59.6	-45	3352.961	11.8003	-45.1165885916
-90.3944	-1.8413	977933.4	59.7	-44.9	3354.173	11.8503	-45.0787669661
-90.3878	-1.8459	977933.6	60.2	-44.2	3352.112	11.9003	-45.3682916915
-90.3812	-1.8505	977933.6	60.8	-43.7	3351.493	11.9503	-45.8990765176
-90.3745	-1.8551	977932.9	60.7	-44.5	3352.618	12.0003	-46.5512980649
-90.3678	-1.8597	977933.6	60.7	-43.9	3352.45	12.0503	-47.2658518376
-90.3611	-1.8643	977933.6	61	-43.5	3353.064	12.1003	-47.8832727221
-90.3544	-1.8691	977933.3	60.5	-44.4	3352.747	12.1503	-48.2201513345
-90.3477	-1.8739	977934.3	59.4	-44.5	3352.828	12.2003	-48.3162761755
-90.3413	-1.8786	977935	58.7	-44.6	3354.33	12.2503	-48.0893765406
-90.3348	-1.8832	977935.9	58.3	-44.1	3352.86	12.3003	-47.5822641779
-90.3284	-1.8878	977936.2	58	-44.1	3352.544	12.3503	-46.8414390121
-90.322	-1.8925	977936.7	58	-43.7	3352.01	12.4003	-45.9301203286
-90.3156	-1.8972	977937.1	58.2	-43	3351.534	12.4503	-44.9042035887
-90.3092	-1.9019	977937.1	58.5	-42.8	3351.172	12.5003	-43.8075007367
-90.3028	-1.9066	977937.5	58.9	-42	3359.305	12.5503	-42.7251017165
-90.2963	-1.9114	977938.3	66.8	-33.3	3380.972	12.6003	-41.7678068195
-90.2943	-1.9184	977975.9	-68.2	-130.8	3390.877	12.6503	-40.5450046755
-90.3022	-1.9226	978059.4	-70	-49.1	3372.445	12.7003	-39.6088825962
-90.3092	-1.9256	978066.2	-56.3	-28.6	3274.731	12.7503	-38.9858534376
-90.3149	-1.928	978053.4	-47.7	-32.8	3199.821	12.8003	-38.5921669907
-90.3198	-1.93	978046.6	-39.2	-31.1	3190.405	12.8503	-38.3512209039
-90.3237	-1.9315	978037.9	-36.7	-37.4	2454.779	12.9003	-38.2311145086
-90.3284	-1.9333	978041.3	-48.8	-46.1	167.206	12.9503	-38.173928905
-90.3343	-1.9357	978053.9	-54.5	-39.1	-99	13.0003	-38.2449557386
-90.3405	-1.9382	978056.9	-51.6	-33.3	-99	13.0503	-38.3663742386
-90.3455	-1.9403	978050.2	-27.5	-15.9	-99	13.1003	-38.4130673017
-90.3466	-1.941	978020.1	-1.8	-20.3	-99	13.1503	-38.3946812347
-90.3462	-1.9413	978001.4	-1	-38.2	-99	13.2003	-38.3210985019
-90.3463	-1.9413	978002.6	-0	-36.1	-99	13.2503	-38.3287260876
-90.3462	-1.9413	978002.6	-0.1	-36.1	-99	13.3003	-38.3210985019
-90.3462	-1.9413	978002.6	-0.1	-36.1	-99	13.3503	-38.3210985019
-90.3462	-1.9413	978002.7	-0.1	-36	-99	13.4003	-38.3210985019
-90.3462	-1.9413	978002.6	-0.1	-36	-99	13.4503	-38.3210985019
-90.3462	-1.9413	978002.6	-0.1	-36.1	-99	13.5003	-38.3210985019
-90.3462	-1.9413	978002.4	-0.2	-36.3	-99	13.5503	-38.3210985019
-90.3462	-1.9413	978002.8	-0.1	-35.9	-99	13.6003	-38.3210985019
-90.3462	-1.9413	978002.5	-0.1	-36.2	-99	13.6503	-38.3210985019
-90.3462	-1.9413	978002.7	0	-35.9	-99	13.7003	-38.3210985019
-90.3462	-1.9413	978002.6	-0.1	-36.1	-99	13.7503	-38.3210985019
-90.3462	-1.9413	978002.8	-0.1	-35.9	-99	13.8003	-38.3210985019
-90.3462	-1.9413	978002.6	-0.1	-36	-99	13.8503	-38.3210985019
-90.3462	-1.9413	978002.7	-0.1	-36	-99	13.9003	-38.3210985019
-90.3462	-1.9413	978002.8	-0.1	-35.8	-99	13.9503	-38.3210985019
-90.3462	-1.9413	978002.8	-0.1	-35.9	-99	14.0003	-38.3210985019
-90.3462	-1.9413	978002.7	-0.2	-36.1	-99	14.0503	-38.3210985019
-90.3462	-1.9413	978002.6	-0.1	-36.1	-99	14.1003	-38.3210985019
-90.3462	-1.9413	978002.6	-0.1	-36.1	-99	14.1503	-38.3210985019
-90.3462	-1.9413	978002.6	-0.1	-36.1	-99	14.2003	-38.3210985019
-90.3462	-1.9413	978002.4	-0.1	-36.3	-99	14.2503	-38.3210985019
-90.3462	-1.9413	978002.9	-0.1	-35.8	-99	14.3003	-38.3210985019
-90.3462	-1.9413	978002.6	-0	-36	-99	14.3503	-38.3210985019
-90.3462	-1.9413	978002.8	-0.2	-36	-99	14.4003	-38.3210985019
-90.346	-1.9412	978001.2	5.8	-31.6	-99	14.4503	-38.3202756023
-90.3448	-1.9408	977993.8	7.7	-37.1	-99	14.5003	-38.2871080835
-90.3444	-1.9403	977997	-2.2	-43.7	-99	14.5503	-38.330415109
-90.345	-1.9404	978005.8	-6.6	-39.4	-99	14.6003	-38.360812639
-90.3459	-1.9407	978009.7	-6.4	-35.3	-99	14.6503	-38.3850691579
-90.3463	-1.9408	978007.9	-5.7	-36.4	-99	14.7003	-38.4008373564
-90.347	-1.9409	978008.5	-3.7	-33.8	-99	14.7503	-38.4391453797
-90.3471	-1.9409	978004.5	1	-33.1	-99	14.8003	-38.4466345279
-90.3468	-1.9409	978001	3.9	-33.7	233.185	14.8503	-38.4241291078
-90.3461	-1.941	977998	12	-28.6	1452.44	14.9003	-38.356796366
-90.3471	-1.9425	978008	-29.5	-60.1	1889.858	14.9503	-38.2180192983
-90.3517	-1.9421	978040.5	-63.4	-61.6	3145.759	15.0003	-38.6007361879
-90.3608	-1.9417	978078.6	-83.7	-43.8	3180.264	15.0503	-38.9298239026
-90.3703	-1.9414	978088.3	-85.3	-35.6	3192.321	15.1003	-38.6571378685
-90.3799	-1.9412	978088.7	-85.6	-35.5	3198.053	15.1503	-37.9970818251
-90.3894	-1.941	978089.4	-85.2	-34.4	3200.165	15.2003	-37.0451067537
-90.3989	-1.9408	978089.3	-85.2	-34.5	3218.093	15.2503	-36.1414154051
-90.4085	-1.9406	978089.3	-85.3	-34.6	3217.383	15.3003	-35.452334107
-90.418	-1.9403	978089.6	-84.9	-33.9	3219.324	15.3503	-35.3859354017
-90.4275	-1.9404	978089.4	-84.7	-33.8	3222.152	15.4003	-35.8354641495
-90.437	-1.9404	978089.6	-84.9	-33.9	3239.333	15.4503	-36.9268281065
-90.4465	-1.9406	978090.1	-84.7	-33.2	3236.09	15.5003	-38.0483621481
-90.4559	-1.9407	978090.2	-83.8	-32.2	3245.111	15.5503	-39.0924364089
-90.4652	-1.9408	978089.1	-80.5	-30	3256.672	15.6003	-39.4041377451
-90.474	-1.9407	978086.1	-76.6	-29.2	3262.967	15.6503	-39.1342658264
-90.4823	-1.9406	978082.1	-72.5	-29	3255.834	15.7003	-38.2913956698
-90.4903	-1.9405	978079.4	-73	-32.2	3258.303	15.7503	-37.0938617242
-90.4985	-1.9404	978080.9	-73.6	-31.4	3262.418	15.8003	-35.6975873701
-90.5068	-1.9404	978081.8	-73.5	-30.3	3243.578	15.8503	-34.1670819163
-90.515	-1.9403	978081.8	-73.4	-30.2	3243.322	15.9003	-32.8596866239
-90.5232	-1.9403	978082.5	-73.4	-29.6	3244.416	15.9503	-31.7141096747
-90.5314	-1.9402	978082.7	-73.5	-29.3	3231.433	16.0003	-30.8758817311
-90.5396	-1.94	978083.4	-73.8	-29	3223.023	16.0503	-30.3628363654
-90.5479	-1.9398	978084.1	-74.1	-28.6	3224.181	16.1003	-30.3699903691
-90.5562	-1.9396	978085.1	-74.3	-27.8	3238.963	16.1503	-30.786468653
-90.5645	-1.9394	978085.2	-74	-27.4	3229.29	16.2003	-31.4015334431
-90.5727	-1.9393	978084.9	-73.6	-27.3	3219.788	16.2503	-32.1330561036
-90.581	-1.9392	978084.7	-73.8	-27.6	3228.113	16.3003	-32.6178425061
-90.5892	-1.9392	978085.2	-74.1	-27.6	3249.964	16.3503	-32.8732289348
-90.5975	-1.9391	978085.7	-74.2	-27.1	3262.939	16.4003	-32.7239686372
-90.6058	-1.9391	978085.9	-74.1	-26.7	3254.705	16.4503	-32.2331268169
-90.6141	-1.9391	978086.1	-73.9	-26.4	3257.156	16.5003	-31.5500830443
-90.6223	-1.9391	978086.2	-73.8	-26.2	3260.716	16.5503	-30.7331829537
-90.6306	-1.939	978086.5	-74	-26.1	3261.977	16.6003	-30.1203494975
-90.6389	-1.9389	978087.3	-74.2	-25.6	3259.314	16.6503	-29.6633778861
-90.6472	-1.9389	978087.6	-74.4	-25.4	3262.257	16.7003	-29.3657896149
-90.6555	-1.9388	978088	-74.5	-25	3252.694	16.7503	-29.208999229
-90.6639	-1.9389	978088.5	-74.7	-24.8	3253.129	16.8003	-29.0036625203
-90.6722	-1.9389	978088.9	-74.9	-24.5	3257.164	16.8503	-28.7978107395
-90.6806	-1.9389	978089.4	-74.9	-24.1	3257.736	16.9003	-28.5937996791
-90.689	-1.9388	978089.6	-75.1	-24.1	3258.555	16.9503	-28.3978971849
-90.6974	-1.9387	978089.8	-75.4	-24.2	3257.408	17.0003	-28.2039200887
-90.7058	-1.9386	978090.3	-75.8	-24	3257.439	17.0503	-28.003605084
-90.7143	-1.9384	978090.7	-76	-23.9	3263.204	17.1003	-27.7582561045
-90.7228	-1.9382	978091.5	-76.1	-23.2	3257.794	17.1503	-27.4713274655
-90.7313	-1.9381	978091.7	-76	-22.9	3265.897	17.2003	-27.1023181163
-90.7398	-1.938	978091.7	-76.1	-23	3276.899	17.2503	-26.708677658
-90.7484	-1.9378	978092.2	-76.5	-23	3289.005	17.3003	-26.4488069081
-90.7569	-1.9376	978092.8	-76.5	-22.3	3299.96	17.3503	-26.2940019333
-90.7655	-1.9375	978093	-76.4	-22	3293.413	17.4003	-26.2547333239
-90.774	-1.9375	978093	-76.5	-22	3268.47	17.4503	-26.291403888
-90.7826	-1.9376	978093.6	-76.5	-21.5	3251.553	17.5003	-26.3831250322
-90.7911	-1.9376	978093.8	-76.6	-21.4	3234.501	17.5503	-26.4267132295
-90.7997	-1.9377	978094.5	-77	-21	3221.671	17.6003	-26.1899863506
-90.8083	-1.9377	978095.4	-76.8	-20	3211.823	17.6503	-25.7767641075
-90.8169	-1.9377	978095.5	-76.9	-20	3210.36	17.7003	-25.1981484611
-90.8255	-1.9376	978095.8	-76.8	-19.6	3215.853	17.7503	-24.5263361693
-90.8341	-1.9376	978096	-76.7	-19.3	3221.061	17.8003	-23.8208692011
-90.8427	-1.9375	978096.6	-76.7	-18.7	3223.632	17.8503	-23.0734854694
-90.8513	-1.9375	978096.9	-76.8	-18.5	3222.722	17.9003	-22.2672330395
-90.8599	-1.9375	978097.4	-76.8	-18	3226.84	17.9503	-21.4521062588
-90.8684	-1.9374	978097.8	-76.3	-17.1	3219.092	18.0003	-20.6274933724
-90.8769	-1.9373	978098	-75.8	-16.5	3214.059	18.0503	-19.9514427862
-90.8854	-1.9371	978097.7	-75.6	-16.5	3209.726	18.1003	-19.4897491214
-90.8938	-1.9371	978097.9	-75.7	-16.3	3193.943	18.1503	-19.2429527669
-90.9023	-1.937	978098.7	-75.8	-15.7	3182.856	18.2003	-19.2669091995
-90.9108	-1.9369	978098.9	-76	-15.7	3172.285	18.2503	-19.4273034689
-90.9193	-1.9368	978099.4	-76.1	-15.3	3170.224	18.3003	-19.7291936436
-90.9278	-1.9368	978099.9	-76	-14.7	3162.514	18.3503	-19.9358753246
-90.9363	-1.9367	978099.8	-76	-14.8	3160.987	18.4003	-19.9865552618
-90.9448	-1.9367	978100	-76.1	-14.6	3180.035	18.4503	-20.0137359516
-90.9533	-1.9367	978100	-76.3	-14.8	3211.744	18.5003	-20.0347695739
-90.9619	-1.9366	978099.8	-76.4	-15.2	3225.887	18.5503	-20.0576801692
-90.9704	-1.9366	978099.8	-76.6	-15.3	3232.125	18.6003	-20.087692429
-90.979	-1.9365	978100.2	-76.4	-14.9	3247.351	18.6503	-20.0229489431
-90.9875	-1.9364	978099.6	-76.3	-15.3	3249.651	18.7003	-19.8606415402
-90.9961	-1.9363	978099.6	-76.5	-15.5	3237.201	18.7503	-19.5075198882
-91.0046	-1.9362	978100.1	-76.7	-15.2	3236.56	18.8003	-18.9803304139
-91.0132	-1.9361	978100	-76.7	-15.3	3230.102	18.8503	-18.5499930004
-91.0218	-1.936	978100.1	-76.7	-15.2	3230.986	18.9003	-18.2336204722
-91.0304	-1.9359	978100.6	-77.1	-15	3242.261	18.9503	-18.2635730305
-91.039	-1.9357	978101.1	-76.9	-14.4	3251.547	19.0003	-18.5906234661
-91.0476	-1.9355	978101.4	-76.8	-14	3252.017	19.0503	-19.0402957805
-91.0561	-1.9353	978101.9	-76.3	-13	3239.175	19.1003	-19.5479025029
-91.0647	-1.9351	978101.7	-76	-12.8	3228.257	19.1503	-19.8044656987
-91.0731	-1.9349	978101.5	-73.9	-11	3238.588	19.2003	-19.808694389
-91.0811	-1.9347	978098.7	-69.5	-9.3	3224.939	19.2503	-19.4189151122
-91.0887	-1.9346	978095.1	-64.7	-8.1	3202.122	19.3003	-18.7214377954
-91.0956	-1.9346	978090.7	-61.1	-8.9	3185.071	19.3503	-17.8203639859
-91.1023	-1.9346	978088.4	-59.9	-10.1	3179.307	19.4003	-16.6890979347
-91.109	-1.9346	978088.4	-59.6	-9.8	3173.885	19.4503	-15.5507633432
-91.1157	-1.9346	978088.8	-59.8	-9.6	3180.741	19.5003	-14.4298029913
-91.1224	-1.9347	978089.5	-60.1	-9.1	3193.954	19.5503	-13.3686644304
-91.1291	-1.9348	978090.1	-60	-8.5	3206.989	19.6003	-12.5422496693
-91.1358	-1.9349	978090.1	-59.9	-8.4	3183.406	19.6503	-11.9121271625
-91.1425	-1.935	978090.7	-60.1	-7.9	3162.446	19.7003	-11.4601457993
-91.1492	-1.935	978090.9	-60.4	-8.1	3161.848	19.7503	-11.2321406347
-91.156	-1.9351	978091.4	-60.3	-7.5	3171.53	19.8003	-11.1246068688
-91.1627	-1.9352	978091.9	-60.2	-6.9	3176.72	19.8503	-11.0316742722
-91.1694	-1.9353	978092	-60.7	-7.2	3183.751	19.9003	-10.983559097
-91.1762	-1.9353	978092.9	-60.9	-6.6	3184.255	19.9503	-10.9560990819
-91.183	-1.9354	978093.1	-60.6	-6.1	3170.727	20.0003	-10.9305291176
-91.1898	-1.9354	978092.9	-60.4	-6	3171.548	20.0503	-10.9141033145
-91.1965	-1.9355	978093	-60.6	-6.1	3177.7	20.1003	-10.8415313644
-91.2033	-1.9355	978093.2	-60.7	-6.1	3173.658	20.1503	-10.7551698289
-91.2101	-1.9355	978093.8	-61.1	-5.9	3179.401	20.2003	-10.7675301128
-91.2169	-1.9355	978094.3	-61.1	-5.4	3179.047	20.2503	-10.9197581831
-91.2237	-1.9354	978094.5	-61.2	-5.3	3163.096	20.3003	-11.125907629
-91.2306	-1.9353	978094.9	-61.1	-4.8	3149.279	20.3503	-11.3120431258
-91.2374	-1.9352	978095.1	-61.1	-4.5	3150.713	20.4003	-11.49202225
-91.2442	-1.9351	978094.8	-61	-4.8	3150.784	20.4503	-11.6306023917
-91.251	-1.935	978095.3	-61.3	-4.6	3151.739	20.5003	-11.7542964948
-91.2579	-1.9349	978096.2	-61.4	-3.8	3158.051	20.5503	-11.755805184
-91.2648	-1.9348	978096.2	-61.4	-3.8	3162.342	20.6003	-11.5345013357
-91.2716	-1.9347	978096.2	-61.5	-3.9	3156.315	20.6503	-11.1748033404
-91.2785	-1.9345	978096.8	-61.7	-3.4	3130.743	20.7003	-10.7759527728
-91.2854	-1.9344	978097	-61.9	-3.5	3122.107	20.7503	-10.3003391627
-91.2923	-1.9343	978097.7	-62	-2.8	3118.637	20.8003	-9.79636879402
-91.2993	-1.9341	978098.4	-62.3	-2.4	3115.338	20.8503	-9.22364668707
-91.3062	-1.934	978098.4	-62.2	-2.3	3114.166	20.9003	-8.70003885879
-91.3132	-1.934	978098.2	-62.2	-2.5	3103.719	20.9503	-8.39321349564
-91.3201	-1.9339	978098.4	-62.2	-2.4	3109.292	21.0003	-8.28677744426
-91.3271	-1.9339	978098.7	-62.7	-2.5	3132.474	21.0503	-8.36661572586
-91.3341	-1.9339	978099.6	-63	-1.9	3149.971	21.1003	-8.71198066633
-91.3411	-1.9339	978099.5	-63.2	-2.2	3145.672	21.1503	-9.10398303559
-91.3482	-1.9339	978100.1	-52.5	9	2186.026	21.2003	-9.41891531306
-91.3505	-1.93	978073.5	9.5	44.5	2422.083	21.2503	-9.8393503348
-91.3474	-1.9256	978015.9	34.9	12.3	3145.954	21.3003	-10.0928391511
-91.3429	-1.9212	977997.6	42.7	1.7	3144.06	21.3503	-10.2910970922
-91.3381	-1.9168	977991.6	44.2	-2.6	3155.491	21.4003	-10.4646968647
-91.3332	-1.9122	977990.1	44.7	-3.6	3162.928	21.4503	-10.6236601764
-91.3283	-1.9077	977988.7	45.5	-4.2	3167.22	21.5003	-10.8406854688
-91.3232	-1.9033	977987.4	46.2	-4.8	3165.311	21.5503	-11.1769690569
-91.3181	-1.8989	977985.8	46.7	-5.8	3150.516	21.6003	-11.6095614589
-91.3129	-1.8944	977984.8	46.7	-6.9	3140.331	21.6503	-12.1261053491
-91.3078	-1.89	977984.7	46.6	-6.9	3143.548	21.7003	-12.7229933241
-91.3027	-1.8856	977984.5	46.7	-7.1	3132.886	21.7503	-13.4632789871
-91.2975	-1.8812	977983.7	46.8	-7.7	3119.254	21.8003	-14.2873184367
-91.2923	-1.8766	977983.1	46.4	-8.8	3110.377	21.8503	-15.0485112087
-91.2873	-1.8722	977983.2	45.9	-9.1	3104.292	21.9003	-15.6332754511
-91.2822	-1.8678	977983.4	46	-8.8	3107.151	21.9503	-16.1140422877
-91.2772	-1.8634	977983.1	45.4	-9.7	3105.372	22.0003	-16.4720225307
-91.2722	-1.859	977983.8	44.9	-9.4	3116.187	22.0503	-16.7047427267
-91.2673	-1.8546	977983.5	44.7	-9.9	3135.258	22.1003	-16.7916681052
-91.2624	-1.8503	977982.9	44.6	-10.5	3152.615	22.1503	-16.7844034594
-91.2575	-1.8459	977983	44.1	-10.9	3161.357	22.2003	-16.8267848121
-91.2527	-1.8416	977983	43.7	-11.3	3166.093	22.2503	-17.0401826268
-91.2479	-1.8373	977982.3	44	-11.7	3176.079	22.3003	-17.4123455865
-91.243	-1.833	977981.9	43.9	-12.1	3192.771	22.3503	-17.8579223636
-91.2382	-1.8287	977982	42.5	-13.5	3222.713	22.4003	-18.3561965023
-91.2337	-1.8247	977984	38.8	-15.1	3238.396	22.4503	-18.9215026602
-91.2296	-1.821	977986.8	37.7	-13.4	3244.187	22.5003	-19.4700469806
-91.2254	-1.8173	977987.2	38.4	-12.3	3243.81	22.5503	-19.9598123954
-91.2211	-1.8136	977986	38.4	-13.4	3234.174	22.6003	-20.3116365154
-91.2169	-1.8099	977985.6	38.4	-13.8	3202.691	22.6503	-20.5378506668
-91.2127	-1.8062	977985	38.4	-14.4	3192.167	22.7003	-20.7025430047
-91.2085	-1.8026	977984.8	37.9	-15.1	3199.876	22.7503	-20.8558866293
-91.2043	-1.7989	977985	37.8	-15	3205.083	22.8003	-20.9993872841
-91.2002	-1.7951	977984.4	38.2	-15.2	3209.658	22.8503	-21.1015293963
-91.1959	-1.7914	977983.5	38.3	-16	3213.938	22.9003	-21.1898326351
-91.1917	-1.7876	977982.8	38.3	-16.6	3221.837	22.9503	-21.3982050947
-91.1875	-1.7838	977982.3	37.9	-17.4	3224.086	23.0003	-21.7117920773
-91.1834	-1.78	977982.3	37.7	-17.7	3232.688	23.0503	-22.0901552395
-91.1792	-1.7762	977981.4	37.9	-18.3	3234.697	23.1003	-22.541247004
-91.175	-1.7724	977981	37.6	-19.1	3240.689	23.1503	-23.0927427472
-91.1709	-1.7686	977980.2	38	-19.4	3263.008	23.2003	-23.7590917483
-91.1666	-1.7649	977978.7	38.8	-20	3303.595	23.2503	-24.5195565984
-91.1624	-1.7611	977977.8	38.8	-20.9	3335.975	23.3003	-25.3878368711
-91.1581	-1.7574	977976.4	39.5	-21.6	3359.925	23.3503	-26.3217190396
-91.1537	-1.7537	977974.8	39.7	-23	3395.996	23.4003	-27.3517696285
-91.1493	-1.7499	977973.7	40.1	-23.7	3411.21	23.4503	-28.4660807807
-91.1449	-1.7461	977972.8	40	-24.7	3431.043	23.5003	-29.6115982261
-91.1405	-1.7423	977971.9	39.8	-25.7	3454.403	23.5503	-30.7681322956
-91.1361	-1.7385	977971.3	39.6	-26.6	3472.341	23.6003	-31.9643691
-91.1318	-1.7347	977970.5	39.5	-27.4	3468.64	23.6503	-33.1754063957
-91.1274	-1.7308	977969.9	39.7	-27.8	3457.278	23.7003	-34.3931964319
-91.1231	-1.727	977969.2	39.3	-28.9	3447.952	23.7503	-35.5236616318
-91.1188	-1.7231	977969.2	38.9	-29.2	3440.22	23.8003	-36.6290878509
-91.1145	-1.7193	977968.2	39	-30.2	3448.115	23.8503	-37.6388723384
-91.1102	-1.7154	977967.5	38.6	-31.2	3455.139	23.9003	-38.5264092619
-91.106	-1.7116	977967.3	NaN	NaN	3392.555	23.9503	-39.2736721367
