-95.7543 0.6421 978030.3 NaN NaN -99.000 0.0003 
-95.7543 0.6422 978030.1 0.3 -2.9 -99.000 0.0503 
-95.7542 0.6422 978030.6 0.0 -2.7 -99.000 0.1003 
-95.7543 0.6422 978030.7 -0.0 -2.6 -99.000 0.1503 
-95.7543 0.6422 978030.8 -0.1 -2.6 -99.000 0.2003 
-95.7543 0.6421 978031.3 -0.0 -2.1 -99.000 0.2503 
-95.7543 0.6421 978031.1 0.1 -2.1 -99.000 0.3003 
-95.7543 0.6421 978030.8 0.2 -2.3 -99.000 0.3503 
-95.7542 0.6422 978030.7 0.2 -2.4 -99.000 0.4003 
-95.7542 0.6423 978030.3 0.4 -2.5 -99.000 0.4503 
-95.7541 0.6425 978030.4 0.0 -2.9 -99.000 0.5003 
-95.7542 0.6424 978031.2 -0.3 -2.5 -99.000 0.5503 
-95.7542 0.6423 978031.5 -0.1 -1.9 -99.000 0.6003 
-95.7542 0.6423 978031.2 0.1 -2.0 -99.000 0.6503 
-95.7542 0.6424 978030.6 0.1 -2.6 -99.000 0.7003 
-95.7541 0.6425 978030.7 0.2 -2.4 -99.000 0.7503 
-95.7541 0.6426 978030.5 0.1 -2.7 -99.000 0.8003 
-95.7541 0.6426 978030.7 0.1 -2.5 -99.000 0.8503 
-95.7540 0.6426 978030.8 0.1 -2.4 -99.000 0.9003 
-95.7540 0.6427 978030.4 0.3 -2.7 -99.000 0.9503 
-95.7540 0.6427 978030.3 0.2 -2.9 -99.000 1.0003 
-95.7539 0.6428 978030.4 0.0 -2.9 -99.000 1.0503 
-95.7540 0.6427 978031.0 -0.2 -2.5 -99.000 1.1003 
-95.7540 0.6427 978031.1 0.0 -2.3 -99.000 1.1503 
-95.7540 0.6426 978030.9 -0.0 -2.4 -99.000 1.2003 
-95.7540 0.6426 978031.5 -0.1 -1.9 -99.000 1.2503 
-95.7541 0.6426 978031.3 -0.4 -2.5 -99.000 1.3003 
-95.7541 0.6425 978031.4 -0.6 -2.5 -99.000 1.3503 
-95.7542 0.6424 978031.4 -0.3 -2.2 -99.000 1.4003 
-95.7542 0.6423 978031.0 0.1 -2.3 -99.000 1.4503 
-95.7542 0.6424 978030.6 0.1 -2.6 -99.000 1.5003 
-95.7542 0.6424 978030.6 -0.0 -2.7 -99.000 1.5503 
-95.7543 0.6423 978030.7 -0.2 -2.8 -99.000 1.6003 
-95.7543 0.6422 978031.3 -0.5 -2.6 -99.000 1.6503 
-95.7544 0.6421 978031.8 -1.0 -2.6 -99.000 1.7003 
-95.7544 0.6420 978031.8 -0.4 -1.9 -99.000 1.7503 
-95.7545 0.6420 978031.4 -0.2 -2.2 -99.000 1.8003 
-95.7545 0.6419 978030.8 -0.1 -2.7 -99.000 1.8503 
-95.7546 0.6418 978031.3 -0.4 -2.4 -99.000 1.9003 
-95.7546 0.6418 978031.3 -0.1 -2.2 -99.000 1.9503 
-95.7546 0.6418 978031.0 -0.0 -2.3 -99.000 2.0003 
-95.7546 0.6417 978030.5 0.0 -2.8 -99.000 2.0503 
-95.7546 0.6418 978030.3 0.1 -2.9 -99.000 2.1003 
-95.7546 0.6418 978030.8 0.1 -2.5 -99.000 2.1503 
-95.7546 0.6418 978030.8 0.0 -2.5 -99.000 2.2003 
-95.7546 0.6418 978030.8 0.0 -2.5 -99.000 2.2503 
-95.7546 0.6418 978030.9 -0.0 -2.5 -99.000 2.3003 
-95.7546 0.6418 978031.2 -0.0 -2.2 -99.000 2.3503 
-95.7546 0.6417 978030.9 -0.0 -2.4 -99.000 2.4003 
-95.7546 0.6417 978031.1 0.1 -2.1 -99.000 2.4503 
-95.7546 0.6417 978030.3 0.1 -3.0 -99.000 2.5003 
-95.7546 0.6417 978030.7 0.0 -2.5 -99.000 2.5503 
-95.7546 0.6417 978031.1 0.1 -2.2 -99.000 2.6003 
-95.7546 0.6417 978031.2 0.1 -2.1 -99.000 2.6503 
-95.7546 0.6417 978031.1 -0.0 -2.3 -99.000 2.7003 
-95.7546 0.6417 978031.3 -0.0 -2.1 -99.000 2.7503 
-95.7546 0.6417 978030.7 0.1 -2.5 -99.000 2.8003 
-95.7546 0.6417 978030.6 0.1 -2.6 -99.000 2.8503 
-95.7546 0.6417 978030.8 0.0 -2.5 -99.000 2.9003 
-95.7546 0.6416 978031.0 7.2 4.9 -99.000 2.9503 
-95.7533 0.6404 978022.2 24.5 13.3 1272.583 3.0003 
-95.7499 0.6356 978004.8 30.0 1.5 3264.530 3.0503 
-95.7467 0.6290 978000.3 31.9 -1.1 3321.390 3.1003 
-95.7431 0.6223 977998.3 30.9 -4.1 3332.719 3.1503 
-95.7398 0.6155 977999.8 31.0 -2.5 3308.983 3.2003 
-95.7364 0.6087 978000.3 30.8 -2.2 3281.596 3.2503 
-95.7331 0.6018 978001.4 30.9 -1.0 3270.878 3.3003 
-95.7297 0.5950 978001.4 31.1 -0.8 3263.610 3.3503 
-95.7263 0.5881 978001.6 31.2 -0.4 3248.374 3.4003 
-95.7229 0.5812 978001.5 31.0 -0.7 3244.381 3.4503 
-95.7195 0.5743 978002.2 30.3 -0.7 3254.286 3.5003 
-95.7163 0.5672 978003.6 29.7 0.1 3250.814 3.5503 
-95.7130 0.5601 978004.1 29.6 0.5 3258.523 3.6003 
-95.7098 0.5530 978003.8 29.3 -0.1 3286.873 3.6503 
-95.7067 0.5461 978002.9 29.6 -0.7 3280.696 3.7003 
-95.7034 0.5390 978003.2 30.0 0.1 3299.574 3.7503 
-95.7001 0.5320 978003.0 30.1 -0.0 3321.679 3.8003 
-95.6968 0.5249 978002.5 29.7 -0.8 3318.851 3.8503 
-95.6936 0.5181 978001.8 30.0 -1.3 3332.454 3.9003 
-95.6903 0.5110 978002.3 30.4 -0.4 3279.294 3.9503 
-95.6869 0.5041 978002.1 31.0 0.0 3238.654 4.0003 
-95.6835 0.4971 978001.8 30.5 -0.7 3260.898 4.0503 
-95.6803 0.4902 978001.4 30.2 -1.4 3259.179 4.1003 
-95.6769 0.4831 978002.4 31.0 0.3 3249.167 4.1503 
-95.6735 0.4761 978001.7 31.0 -0.3 3276.441 4.2003 
-95.6702 0.4690 978001.8 30.6 -0.7 3296.627 4.2503 
-95.6669 0.4620 978001.6 30.8 -0.6 3305.649 4.3003 
-95.6635 0.4549 978001.6 31.3 -0.2 3303.503 4.3503 
-95.6600 0.4478 978000.9 31.1 -1.1 3283.674 4.4003 
-95.6567 0.4407 978000.5 30.6 -1.9 3278.137 4.4503 
-95.6534 0.4338 978000.8 30.0 -2.1 3284.475 4.5003 
-95.6501 0.4268 978001.2 29.9 -1.8 3297.163 4.5503 
-95.6469 0.4197 978001.8 30.1 -1.1 3291.322 4.6003 
-95.6436 0.4127 978001.5 30.4 -1.1 3285.379 4.6503 
-95.6402 0.4055 978001.6 30.4 -1.0 3293.849 4.7003 
-95.6370 0.3985 978001.7 30.2 -1.0 3296.579 4.7503 
-95.6336 0.3914 978002.2 29.9 -0.8 3296.350 4.8003 
-95.6304 0.3844 978001.8 30.0 -1.1 3479.017 4.8503 
-95.6271 0.3773 978001.8 29.8 -1.3 3875.160 4.9003 
-95.6239 0.3703 978002.2 29.8 -0.9 3407.013 4.9503 
-95.6206 0.3634 978002.2 29.8 -0.8 3637.382 5.0003 
-95.6174 0.3565 978002.1 30.5 -0.3 3437.698 5.0503 
-95.6140 0.3497 978002.0 30.2 -0.6 4862.403 5.1003 
-95.6107 0.3428 978002.0 30.6 -0.3 4567.993 5.1503 
-95.6073 0.3358 978002.4 30.6 0.1 3290.271 5.2003 
-95.6040 0.3289 978002.5 30.9 0.5 3291.245 5.2503 
-95.6006 0.3219 978002.9 30.9 0.9 3291.620 5.3003 
-95.5973 0.3149 978002.9 31.0 1.0 3286.630 5.3503 
-95.5939 0.3078 978003.8 42.3 13.2 3280.017 5.4003 
-95.5920 0.3003 978013.5 -39.2 -58.5 3283.932 5.4503 
-95.5921 0.2919 978032.9 -39.1 -39.0 3285.801 5.5003 
-95.5921 0.2835 978034.0 38.7 39.9 3290.498 5.5503 
-95.5921 0.2750 978034.1 47.4 48.7 3282.586 5.6003 
-95.5920 0.2668 978032.5 53.9 53.6 3271.843 5.6503 
-95.5920 0.2583 978033.3 75.0 75.5 3267.379 5.7003 
-95.5919 0.2498 978033.4 76.4 77.0 3270.167 5.7503 
-95.5918 0.2413 978033.3 57.2 57.7 3270.983 5.8003 
-95.5918 0.2329 978033.1 -25.2 -24.8 3258.172 5.8503 
-95.5918 0.2245 978033.2 1.2 1.7 3257.463 5.9003 
-95.5918 0.2160 978033.6 2.5 3.3 3268.367 5.9503 
-95.5918 0.2074 978033.4 67.0 67.7 3276.633 6.0003 
-95.5917 0.1988 978032.6 56.6 56.5 3282.412 6.0503 
-95.5917 0.1901 978032.6 -76.2 -76.4 3285.825 6.1003 
-95.5918 0.1815 978033.7 -67.6 -66.6 3289.534 6.1503 
-95.5919 0.1729 978033.9 -77.7 -76.5 3292.903 6.2003 
-95.5921 0.1642 978034.0 -73.3 -72.1 3299.521 6.2503 
-95.5922 0.1556 978033.9 -75.2 -74.1 3308.235 6.3003 
-95.5923 0.1470 978034.4 -77.6 -75.9 3281.277 6.3503 
-95.5924 0.1383 978034.7 -77.5 -75.5 3231.344 6.4003 
-95.5925 0.1295 978034.7 -54.9 -52.9 3219.041 6.4503 
-95.5927 0.1208 978035.5 -33.1 -30.4 3226.166 6.5003 
-95.5929 0.1123 978035.6 -26.5 -23.6 3231.352 6.5503 
-95.5931 0.1037 978036.1 -63.5 -60.1 3226.881 6.6003 
-95.5932 0.0950 978035.8 -11.1 -8.0 3223.930 6.6503 
-95.5932 0.0863 978034.5 15.7 17.6 3228.623 6.7003 
-95.5931 0.0776 978034.8 79.2 81.4 3229.994 6.7503 
-95.5930 0.0689 978033.6 67.8 68.6 3257.355 6.8003 
-95.5929 0.0601 978033.5 54.7 55.5 3301.694 6.8503 
-95.5927 0.0514 978033.0 72.8 73.1 3321.154 6.9003 
-95.5926 0.0429 978031.7 48.0 47.1 3335.657 6.9503 
-95.5924 0.0342 978032.2 42.9 42.4 3336.918 7.0003 
-95.5922 0.0254 978032.4 51.4 51.1 3327.499 7.0503 
-95.5921 0.0168 978031.8 48.8 47.8 3320.018 7.1003 
-95.5919 0.0081 978031.7 71.2 70.3 3317.855 7.1503 
-95.5918 -0.0006 978032.8 -19.7 -19.6 3317.853 7.2003 
-95.5918 -0.0095 978033.8 56.0 57.2 2646.533 7.2503 
-95.5864 -0.0122 978006.0 66.6 39.9 2869.428 7.3003 
-95.5790 -0.0108 977970.1 67.6 5.0 3323.424 7.3503 
-95.5714 -0.0095 977968.5 67.9 3.6 3338.271 7.4003 
-95.5640 -0.0081 977968.6 67.4 3.3 3344.805 7.4503 
-95.5565 -0.0068 977969.0 67.7 4.0 3337.612 7.5003 
-95.5490 -0.0055 977969.1 68.0 4.4 3303.558 7.5503 
-95.5415 -0.0042 977968.9 68.4 4.6 3276.371 7.6003 
-95.5339 -0.0028 977968.2 68.7 4.2 3296.121 7.6503 
-95.5263 -0.0014 977968.2 68.6 4.2 3309.951 7.7003 
-95.5188 0.0001 977968.7 68.6 4.6 3291.822 7.7503 
-95.5112 0.0016 977969.4 68.8 5.4 3280.592 7.8003 
-95.5036 0.0031 977969.5 68.5 5.3 3261.558 7.8503 
-95.4961 0.0046 977970.3 68.2 5.8 3237.805 7.9003 
-95.4885 0.0062 977971.0 68.1 6.5 3250.695 7.9503 
-95.4810 0.0078 977970.9 67.9 6.1 3243.592 8.0003 
-95.4735 0.0093 977971.1 68.5 6.9 3226.262 8.0503 
-95.4660 0.0108 977971.4 67.9 6.6 3242.069 8.1003 
-95.4585 0.0123 977971.6 68.1 7.1 3235.008 8.1503 
-95.4509 0.0137 977972.0 68.1 7.4 3232.511 8.2003 
-95.4434 0.0152 977972.1 67.8 7.3 3237.123 8.2503 
-95.4359 0.0166 977971.8 67.9 7.0 3242.440 8.3003 
-95.4284 0.0178 977971.2 68.6 7.1 3240.322 8.3503 
-95.4208 0.0191 977970.7 68.6 6.6 3244.700 8.4003 
-95.4133 0.0206 977970.5 68.3 6.2 3248.262 8.4503 
-95.4057 0.0220 977970.3 69.1 6.7 3250.380 8.5003 
-95.3980 0.0235 977969.8 69.2 6.3 3259.085 8.5503 
-95.3904 0.0249 977969.9 69.4 6.6 3270.074 8.6003 
-95.3827 0.0263 977969.5 69.2 6.0 3265.546 8.6503 
-95.3751 0.0276 977968.9 69.4 5.5 3268.425 8.7003 
-95.3674 0.0290 977968.1 70.0 5.4 3274.039 8.7503 
-95.3596 0.0303 977967.6 70.4 5.3 3272.674 8.8003 
-95.3518 0.0317 977967.0 70.4 4.7 3297.145 8.8503 
-95.3441 0.0333 977966.8 70.4 4.5 3316.801 8.9003 
-95.3363 0.0349 977966.7 70.2 4.2 3313.616 8.9503 
-95.3286 0.0365 977966.2 70.3 3.8 3297.677 9.0003 
-95.3208 0.0381 977966.5 70.6 4.4 3286.239 9.0503 
-95.3130 0.0396 977966.2 70.4 4.0 3287.147 9.1003 
-95.3052 0.0411 977965.7 69.9 2.9 3309.516 9.1503 
-95.2975 0.0426 977967.0 70.0 4.3 3286.707 9.2003 
-95.2898 0.0442 977967.0 70.1 4.4 3258.884 9.2503 
-95.2821 0.0457 977966.7 70.0 4.1 3273.637 9.3003 
-95.2743 0.0472 977966.1 70.3 3.7 3296.995 9.3503 
-95.2665 0.0486 977965.9 70.1 3.3 3289.465 9.4003 
-95.2588 0.0498 977965.9 70.2 3.4 3302.238 9.4503 
-95.2510 0.0511 977965.8 70.7 3.8 3318.533 9.5003 
-95.2432 0.0524 977964.5 71.1 2.9 3323.972 9.5503 
-95.2353 0.0537 977963.8 71.0 2.1 3331.480 9.6003 
-95.2275 0.0551 977963.4 71.0 1.7 3342.279 9.6503 
-95.2196 0.0566 977962.6 71.5 1.5 3348.743 9.7003 
-95.2117 0.0580 977962.1 71.7 1.1 3363.868 9.7503 
-95.2038 0.0595 977961.8 71.6 0.7 3377.081 9.8003 
-95.1959 0.0609 977962.1 72.1 1.6 3382.367 9.8503 
-95.1879 0.0624 977961.3 72.4 1.1 3380.418 9.9003 
-95.1799 0.0638 977961.1 72.3 0.7 3348.314 9.9503 
-95.1719 0.0653 977961.8 72.1 1.3 3300.893 10.0003 
-95.1640 0.0668 977962.8 72.4 2.4 3291.682 10.0503 
-95.1560 0.0683 977961.8 72.4 1.5 3274.459 10.1003 
-95.1480 0.0698 977962.0 72.2 1.5 3286.087 10.1503 
-95.1400 0.0713 977962.8 71.8 1.9 3286.252 10.2003 
-95.1321 0.0729 977963.0 70.9 1.2 3276.176 10.2503 
-95.1244 0.0744 977963.8 70.6 1.7 3273.962 10.3003 
-95.1166 0.0760 977964.8 70.4 2.5 3286.294 10.3503 
-95.1088 0.0774 977964.8 70.4 2.5 3278.992 10.4003 
-95.1010 0.0790 977965.4 70.3 3.0 3246.366 10.4503 
-95.0933 0.0805 977965.6 70.3 3.2 3256.878 10.5003 
-95.0855 0.0821 977966.1 70.6 4.1 3259.869 10.5503 
-95.0777 0.0836 977965.6 70.3 3.2 3256.168 10.6003 
-95.0700 0.0851 977965.7 69.7 2.7 3255.151 10.6503 
-95.0623 0.0865 977965.5 69.7 2.6 3268.537 10.7003 
-95.0546 0.0879 977965.7 69.2 2.2 3272.005 10.7503 
-95.0470 0.0894 977966.0 66.7 0.0 3274.962 10.8003 
-95.0401 0.0908 977971.8 52.2 -8.7 3301.134 10.8503 
-95.0355 0.0920 977989.8 33.9 -9.1 3305.520 10.9003 
-95.0325 0.0929 978005.8 23.3 -3.5 3303.292 10.9503 
-95.0302 0.0936 978013.6 24.2 5.1 3301.631 11.0003 
-95.0266 0.0945 978007.1 40.9 15.3 3313.659 11.0503 
-95.0215 0.0955 977990.3 47.0 4.7 3268.478 11.1003 
-95.0163 0.0963 977987.7 46.4 1.4 1283.225 11.1503 
-95.0113 0.0962 977990.9 30.7 -11.0 -99.000 11.2003 
-95.0099 0.0961 978014.7 5.1 -12.9 -99.000 11.2503 
-95.0099 0.0964 978033.1 0.3 0.8 -99.000 11.3003 
-95.0099 0.0967 978034.8 0.4 2.5 -99.000 11.3503 
-95.0099 0.0970 978035.1 -0.0 2.4 -99.000 11.4003 
-95.0099 0.0971 978035.3 0.0 2.6 -99.000 11.4503 
-95.0098 0.0971 978034.4 0.3 2.0 -99.000 11.5003 
-95.0098 0.0973 978034.3 0.1 1.7 -99.000 11.5503 
-95.0098 0.0974 978034.9 0.2 2.4 -99.000 11.6003 
-95.0098 0.0976 978034.8 0.2 2.3 -99.000 11.6503 
-95.0097 0.0977 978034.5 0.0 1.8 -99.000 11.7003 
-95.0097 0.0978 978035.1 0.1 2.5 -99.000 11.7503 
-95.0097 0.0978 978035.1 0.1 2.4 -99.000 11.8003 
-95.0097 0.0979 978034.6 0.1 2.0 -99.000 11.8503 
-95.0097 0.0979 978034.6 0.1 2.0 -99.000 11.9003 
-95.0097 0.0980 978034.5 0.1 1.9 -99.000 11.9503 
-95.0096 0.0980 978034.7 0.1 2.1 -99.000 12.0003 
-95.0096 0.0981 978034.6 0.2 2.1 -99.000 12.0503 
-95.0096 0.0981 978034.4 0.0 1.7 -99.000 12.1003 
-95.0096 0.0981 978034.8 0.0 2.1 -99.000 12.1503 
-95.0096 0.0981 978034.7 -0.0 2.0 -99.000 12.2003 
-95.0096 0.0981 978035.0 0.0 2.3 -99.000 12.2503 
-95.0096 0.0981 978034.9 0.0 2.3 -99.000 12.3003 
-95.0096 0.0981 978034.1 0.0 1.4 -99.000 12.3503 
-95.0096 0.0982 978034.7 0.1 2.0 -99.000 12.4003 
-95.0096 0.0982 978034.6 0.1 2.0 -99.000 12.4503 
-95.0096 0.0982 978034.7 0.1 2.1 -99.000 12.5003 
-95.0096 0.0983 978035.1 0.0 2.4 -99.000 12.5503 
-95.0096 0.0982 978035.6 -2.1 0.7 -99.000 12.6003 
-95.0100 0.0980 978038.0 -4.4 1.0 -99.000 12.6503 
-95.0105 0.0976 978039.9 -4.8 2.3 -99.000 12.7003 
-95.0110 0.0973 978039.6 -2.8 4.1 -99.000 12.7503 
-95.0110 0.0972 978035.9 -0.0 3.1 -99.000 12.8003 
-95.0110 0.0972 978034.7 0.1 2.2 -99.000 12.8503 
-95.0110 0.0973 978034.5 0.2 2.0 -99.000 12.9003 
-95.0109 0.0974 978034.6 0.4 2.3 -99.000 12.9503 
-95.0109 0.0975 978034.7 0.1 2.1 -99.000 13.0003 
-95.0106 0.0977 978032.9 11.7 11.9 -99.000 13.0503 
-95.0081 0.0981 978017.6 19.4 4.3 -99.000 13.1003 
-95.0085 0.0964 978033.4 -30.4 -29.7 -99.000 13.1503 
-95.0118 0.0980 978063.9 -7.5 23.7 -99.000 13.2003 
-95.0106 0.1003 978037.1 21.7 26.1 -99.000 13.2503 
-95.0096 0.0984 978023.8 13.2 4.3 -99.000 13.3003 
-95.0093 0.0974 978031.3 -5.2 -6.6 -99.000 13.3503 
-95.0100 0.0970 978039.4 -8.2 -1.5 -99.000 13.4003 
-95.0109 0.0965 978043.7 -7.8 3.2 -99.000 13.4503 
-95.0114 0.0953 978040.3 2.3 9.8 -99.000 13.5003 
-95.0096 0.0941 978025.1 28.8 21.2 911.143 13.5503 
-95.0078 0.0979 978017.3 19.0 3.7 3174.861 13.6003 
-95.0051 0.1049 978015.2 27.4 9.9 3344.646 13.6503 
-95.0020 0.1128 978007.4 28.9 3.6 3338.588 13.7003 
-94.9989 0.1207 978006.6 29.1 3.0 3336.344 13.7503 
-94.9957 0.1285 978006.7 28.9 2.9 3342.434 13.8003 
-94.9926 0.1364 978006.5 29.0 2.8 3345.380 13.8503 
-94.9894 0.1442 978006.1 28.8 2.2 3346.006 13.9003 
-94.9863 0.1521 978006.6 28.6 2.5 3354.488 13.9503 
-94.9832 0.1600 978007.3 27.8 2.4 3354.648 14.0003 
-94.9803 0.1680 978007.9 27.0 2.3 3351.372 14.0503 
-94.9774 0.1760 978009.3 25.7 2.3 3352.371 14.1003 
-94.9747 0.1840 978010.7 25.3 3.3 3358.325 14.1503 
-94.9719 0.1920 978010.4 25.8 3.5 3348.082 14.2003 
-94.9691 0.2001 978010.2 25.6 3.1 3338.081 14.2503 
-94.9663 0.2081 978010.8 25.6 3.7 3339.248 14.3003 
-94.9635 0.2161 978010.8 25.4 3.4 3357.924 14.3503 
-94.9608 0.2242 978010.8 26.0 4.0 3355.749 14.4003 
-94.9579 0.2322 978010.5 26.4 4.1 3354.842 14.4503 
-94.9551 0.2402 978010.9 26.1 4.2 3350.722 14.5003 
-94.9522 0.2482 978010.5 26.4 4.1 3356.117 14.5503 
-94.9494 0.2563 978010.4 26.7 4.3 3352.179 14.6003 
-94.9464 0.2642 978009.8 27.5 4.6 3342.012 14.6503 
-94.9434 0.2722 978009.8 27.3 4.3 3320.080 14.7003 
-94.9405 0.2802 978009.6 27.6 4.4 3317.122 14.7503 
-94.9374 0.2883 978008.7 28.1 3.9 3320.639 14.8003 
-94.9344 0.2964 978008.5 31.9 7.6 3090.684 14.8503 
-94.9302 0.3025 978005.2 64.1 36.6 2557.525 14.9003 
-94.9228 0.3024 977972.6 68.3 8.1 3337.717 14.9503 
-94.9152 0.3023 977964.4 69.7 1.3 3376.343 15.0003 
-94.9075 0.3023 977964.2 69.4 0.9 3380.733 15.0503 
-94.8998 0.3022 977963.8 69.2 0.2 3366.297 15.1003 
-94.8922 0.3021 977963.8 69.4 0.4 3353.849 15.1503 
-94.8845 0.3021 977963.6 69.6 0.4 3348.651 15.2003 
-94.8768 0.3020 977963.4 69.1 -0.3 3347.964 15.2503 
-94.8692 0.3021 977963.7 68.9 -0.2 3348.338 15.3003 
-94.8616 0.3020 977964.0 69.1 0.3 3344.269 15.3503 
-94.8539 0.3019 977964.1 68.9 0.1 3342.572 15.4003 
-94.8464 0.3019 977964.1 68.4 -0.3 3340.562 15.4503 
-94.8388 0.3018 977964.7 68.8 0.7 3338.864 15.5003 
-94.8312 0.3017 977964.6 68.6 0.4 3327.147 15.5503 
-94.8236 0.3017 977964.6 68.6 0.4 3292.561 15.6003 
-94.8160 0.3018 977965.0 69.5 1.7 3301.157 15.6503 
-94.8083 0.3019 977964.2 69.4 0.8 3339.482 15.7003 
-94.8007 0.3019 977963.9 69.5 0.5 3360.012 15.7503 
-94.7929 0.3020 977964.0 69.7 0.9 3327.221 15.8003 
-94.7853 0.3020 977963.8 69.4 0.3 3337.428 15.8503 
-94.7776 0.3019 977963.4 69.4 -0.0 3362.550 15.9003 
-94.7699 0.3018 977964.1 69.2 0.4 3348.729 15.9503 
-94.7623 0.3018 977964.5 69.1 0.8 3298.547 16.0003 
-94.7547 0.3017 977964.3 68.9 0.4 3258.034 16.0503 
-94.7471 0.3017 977964.0 68.5 -0.3 3261.240 16.1003 
-94.7395 0.3018 977964.2 68.6 -0.0 3311.523 16.1503 
-94.7319 0.3017 977964.2 68.5 -0.1 3328.695 16.2003 
-94.7244 0.3017 977963.6 68.6 -0.6 3321.368 16.2503 
-94.7168 0.3016 977963.1 68.6 -1.1 3297.042 16.3003 
-94.7092 0.3016 977962.9 69.0 -0.9 3308.281 16.3503 
-94.7016 0.3016 977962.4 68.4 -2.0 3316.755 16.4003 
-94.6941 0.3016 977962.4 67.6 -2.7 3307.010 16.4503 
-94.6866 0.3016 977962.5 67.3 -3.0 3304.997 16.5003 
-94.6792 0.3016 977962.7 67.3 -2.8 3288.648 16.5503 
-94.6718 0.3016 977963.0 66.9 -2.9 3270.916 16.6003 
-94.6644 0.3015 977963.5 66.9 -2.4 3268.952 16.6503 
-94.6570 0.3014 977963.9 67.1 -1.9 3269.466 16.7003 
-94.6496 0.3013 977963.8 66.9 -2.1 3254.818 16.7503 
-94.6422 0.3012 977964.1 66.8 -1.9 3244.282 16.8003 
-94.6348 0.3011 977964.1 66.5 -2.2 3230.213 16.8503 
-94.6275 0.3011 977964.5 66.3 -2.0 3227.022 16.9003 
-94.6201 0.3011 977964.8 66.4 -1.6 3226.851 16.9503 
-94.6128 0.3010 977964.6 66.8 -1.4 3231.733 17.0003 
-94.6054 0.3010 977965.0 66.6 -1.2 3236.658 17.0503 
-94.5981 0.3010 977964.3 66.2 -2.3 3233.228 17.1003 
-94.5908 0.3010 977964.1 66.0 -2.8 3231.993 17.1503 
-94.5835 0.3010 977964.3 66.0 -2.5 3225.182 17.2003 
-94.5762 0.3009 977964.6 66.1 -2.2 3218.254 17.2503 
-94.5689 0.3009 977964.3 66.3 -2.2 3207.712 17.3003 
-94.5615 0.3008 977963.7 66.6 -2.5 3188.371 17.3503 
-94.5541 0.3007 977963.5 66.9 -2.4 3163.727 17.4003 
-94.5468 0.3006 977963.4 66.5 -3.0 3165.920 17.4503 
-94.5394 0.3005 977963.0 66.4 -3.4 3195.009 17.5003 
-94.5321 0.3006 977962.5 66.8 -3.5 3218.544 17.5503 
-94.5247 0.3007 977961.9 66.8 -4.1 3235.042 17.6003 
-94.5173 0.3008 977961.8 67.3 -3.7 3243.790 17.6503 
-94.5098 0.3007 977961.6 67.2 -4.0 3238.267 17.7003 
-94.5024 0.3007 977961.6 67.0 -4.2 3230.566 17.7503 
-94.4950 0.3006 977961.3 66.9 -4.5 3232.122 17.8003 
-94.4876 0.3005 977961.2 67.1 -4.6 3228.832 17.8503 
-94.4802 0.3005 977960.5 67.0 -5.2 3220.948 17.9003 
-94.4728 0.3004 977960.3 67.2 -5.3 3200.862 17.9503 
-94.4654 0.3003 977960.6 67.0 -5.2 3192.223 18.0003 
-94.4580 0.3002 977960.6 66.5 -5.8 3191.420 18.0503 
-94.4507 0.3000 977961.4 66.1 -5.3 3191.065 18.1003 
-94.4434 0.2997 977961.8 65.9 -5.1 3194.247 18.1503 
-94.4361 0.2996 977961.6 65.5 -5.7 3198.816 18.2003 
-94.4289 0.2996 977962.6 65.7 -4.5 3199.563 18.2503 
-94.4216 0.2996 977962.1 66.1 -4.6 3200.692 18.3003 
-94.4143 0.2996 977962.0 66.0 -4.8 3197.354 18.3503 
-94.4070 0.2996 977961.6 65.8 -5.4 3185.810 18.4003 
-94.3997 0.2995 977962.4 65.7 -4.7 3181.314 18.4503 
-94.3925 0.2994 977962.7 65.0 -5.1 3180.162 18.5003 
-94.3854 0.2995 977963.1 64.7 -5.0 3192.866 18.5503 
-94.3782 0.2995 977963.5 65.4 -4.0 3199.203 18.6003 
-94.3709 0.2995 977962.5 65.8 -4.5 3205.375 18.6503 
-94.3636 0.2996 977962.7 65.9 -4.3 3215.953 18.7003 
-94.3564 0.2996 977962.9 65.6 -4.3 3218.762 18.7503 
-94.3491 0.2997 977963.1 65.7 -4.0 3219.869 18.8003 
-94.3419 0.2997 977963.2 65.7 -3.9 3229.395 18.8503 
-94.3346 0.2997 977962.7 65.3 -4.9 3237.228 18.9003 
-94.3274 0.2999 977962.7 65.1 -5.1 3230.605 18.9503 
-94.3203 0.3000 977962.9 64.7 -5.2 3228.718 19.0003 
-94.3131 0.3001 977963.4 65.5 -3.9 3233.064 19.0503 
-94.3058 0.3002 977963.4 66.4 -3.0 3231.454 19.1003 
-94.2984 0.3001 977962.6 66.6 -3.6 3227.023 19.1503 
-94.2911 0.3002 977962.1 66.3 -4.5 3215.621 19.2003 
-94.2838 0.3004 977963.2 66.1 -3.5 3211.303 19.2503 
-94.2764 0.3005 977963.5 66.4 -2.9 3213.308 19.3003 
-94.2691 0.3007 977962.9 66.7 -3.3 3199.990 19.3503 
-94.2617 0.3009 977963.1 66.0 -3.7 3192.100 19.4003 
-94.2545 0.3006 977963.5 65.9 -3.4 3207.725 19.4503 
-94.2472 0.3004 977963.6 66.4 -2.8 3197.744 19.5003 
-94.2398 0.3001 977962.9 66.6 -3.4 3189.420 19.5503 
-94.2324 0.2999 977962.9 66.7 -3.2 3201.231 19.6003 
-94.2251 0.2996 977962.8 66.9 -3.1 3196.021 19.6503 
-94.2176 0.2994 977962.7 67.3 -2.8 3195.322 19.7003 
-94.2102 0.2993 977962.7 67.4 -2.7 3192.206 19.7503 
-94.2027 0.2992 977961.8 67.7 -3.3 3191.522 19.8003 
-94.1953 0.2992 977961.5 66.9 -4.4 3193.995 19.8503 
-94.1893 0.2964 977977.0 18.6 -37.2 3189.979 19.9003 
-94.1913 0.2883 978035.8 -31.6 -28.6 3193.824 19.9503 
-94.1942 0.2801 978054.1 -25.6 -4.3 3197.820 20.0003 
-94.1970 0.2718 978054.4 -25.2 -3.6 3195.061 20.0503 
-94.1998 0.2637 978054.2 -25.4 -3.9 3179.771 20.1003 
-94.2027 0.2554 978055.2 -24.9 -2.4 3171.320 20.1503 
-94.2054 0.2471 978054.3 -23.5 -2.0 3189.510 20.2003 
-94.2080 0.2388 978052.9 -23.3 -3.1 3215.896 20.2503 
-94.2107 0.2306 978052.4 -23.2 -3.6 3223.545 20.3003 
-94.2133 0.2225 978052.2 -23.5 -4.1 3226.027 20.3503 
-94.2160 0.2143 978052.9 -24.1 -3.9 3220.997 20.4003 
-94.2187 0.2062 978053.5 -23.8 -3.0 3215.527 20.4503 
-94.2213 0.1982 978051.8 -23.0 -4.0 3220.315 20.5003 
-94.2238 0.1901 978051.2 -22.8 -4.3 3229.116 20.5503 
-94.2264 0.1817 978051.8 -23.1 -4.0 3245.365 20.6003 
-94.2290 0.1734 978051.9 -23.1 -4.0 3254.622 20.6503 
-94.2316 0.1650 978052.0 -23.7 -4.4 3258.811 20.7003 
-94.2343 0.1567 978052.1 -23.9 -4.5 3265.157 20.7503 
-94.2370 0.1485 978052.0 -24.7 -5.4 3269.892 20.8003 
-94.2399 0.1403 978053.0 -25.1 -4.8 3272.515 20.8503 
-94.2427 0.1320 978053.0 -25.3 -5.0 3277.857 20.9003 
-94.2455 0.1237 978052.8 -25.4 -5.2 3288.581 20.9503 
-94.2484 0.1153 978052.7 -25.2 -5.1 3297.991 21.0003 
-94.2512 0.1070 978052.3 -24.7 -5.0 3292.215 21.0503 
-94.2539 0.0986 978051.3 -24.0 -5.4 3288.459 21.1003 
-94.2566 0.0901 978050.4 -23.4 -5.7 3291.340 21.1503 
-94.2592 0.0817 978050.2 -23.4 -5.9 3290.138 21.2003 
-94.2619 0.0735 978049.7 -23.8 -6.8 3279.972 21.2503 
-94.2646 0.0652 978050.2 -24.0 -6.5 3263.294 21.3003 
-94.2673 0.0569 978050.6 -23.9 -6.0 3271.328 21.3503 
-94.2699 0.0485 978050.3 -23.4 -5.8 3287.742 21.4003 
-94.2726 0.0402 978049.8 -24.2 -7.1 3270.492 21.4503 
-94.2753 0.0318 978051.1 -25.4 -7.0 3262.116 21.5003 
-94.2782 0.0237 978051.8 -25.8 -6.6 3292.727 21.5503 
-94.2811 0.0155 978051.6 -25.3 -6.3 3323.049 21.6003 
-94.2839 0.0073 978050.8 -25.2 -7.2 3344.811 21.6503 
-94.2868 -0.0009 978050.5 -25.2 -7.4 3361.151 21.7003 
-94.2896 -0.0090 978049.4 -25.2 -8.4 3374.662 21.7503 
-94.2924 -0.0171 978049.9 -25.3 -8.1 3380.426 21.8003 
-94.2952 -0.0252 978049.6 -25.0 -8.0 3382.248 21.8503 
-94.2981 -0.0334 978049.7 -25.3 -8.3 3381.940 21.9003 
-94.3009 -0.0415 978049.2 -24.2 -7.6 3380.002 21.9503 
-94.3035 -0.0496 978047.9 -23.8 -8.6 3387.027 22.0003 
-94.3062 -0.0578 978048.6 -23.6 -7.7 3387.140 22.0503 
-94.3089 -0.0660 978048.7 -23.6 -7.6 3384.577 22.1003 
-94.3115 -0.0742 978048.9 -23.9 -7.7 3382.955 22.1503 
-94.3142 -0.0824 978049.3 -24.1 -7.5 3382.646 22.2003 
-94.3169 -0.0906 978049.9 -24.0 -6.8 3384.340 22.2503 
-94.3196 -0.0990 978049.6 -23.3 -6.4 3375.017 22.3003 
-94.3222 -0.1071 978048.3 -23.4 -7.7 3369.619 22.3503 
-94.3248 -0.1153 978049.2 -23.2 -6.7 3369.247 22.4003 
-94.3274 -0.1235 978049.4 -23.1 -6.3 3351.686 22.4503 
-94.3300 -0.1318 978049.6 -22.8 -5.9 3355.186 22.5003 
-94.3326 -0.1399 978049.6 -22.5 -5.6 3343.162 22.5503 
-94.3351 -0.1481 978049.3 -22.3 -5.8 3321.450 22.6003 
-94.3376 -0.1561 978048.8 -22.6 -6.5 3308.711 22.6503 
-94.3402 -0.1642 978049.9 -22.9 -5.7 3332.526 22.7003 
-94.3428 -0.1724 978050.2 -23.0 -5.6 3352.789 22.7503 
-94.3453 -0.1807 978050.8 -23.0 -4.9 3360.966 22.8003 
-94.3479 -0.1890 978051.1 -23.1 -4.7 3367.837 22.8503 
-94.3505 -0.1974 978050.7 -23.4 -5.5 3373.760 22.9003 
-94.3533 -0.2057 978051.3 -25.4 -6.8 3373.932 22.9503 
-94.3562 -0.2141 978053.3 -26.1 -5.6 3371.934 23.0003 
-94.3591 -0.2224 978053.1 -25.9 -5.6 3368.406 23.0503 
-94.3620 -0.2308 978053.2 -26.5 -6.0 3370.485 23.1003 
-94.3650 -0.2391 978053.7 -26.1 -5.3 3380.128 23.1503 
-94.3679 -0.2473 978053.4 -25.8 -5.2 3368.716 23.2003 
-94.3708 -0.2555 978052.4 -25.7 -6.1 3357.003 23.2503 
-94.3737 -0.2637 978053.1 -26.4 -6.1 3358.646 23.3003 
-94.3767 -0.2720 978053.7 -72.6 -51.7 3349.610 23.3503 
-94.3762 -0.2798 978033.5 70.3 71.0 3350.407 23.4003 
-94.3699 -0.2843 977979.8 58.9 5.8 3385.609 23.4503 
-94.3634 -0.2887 977967.3 59.0 -6.4 3408.418 23.5003 
-94.3568 -0.2932 977967.1 59.9 -5.8 3375.376 23.5503 
-94.3502 -0.2976 977966.7 60.2 -5.9 3374.734 23.6003 
-94.3436 -0.3021 977965.9 59.6 -7.4 3368.058 23.6503 
-94.3371 -0.3065 977966.1 59.6 -7.1 3361.467 23.7003 
-94.3305 -0.3109 977965.7 60.1 -7.0 3357.447 23.7503 
-94.3238 -0.3152 977964.7 60.2 -8.0 3345.078 23.8003 
-94.3172 -0.3196 977964.4 59.4 -9.0 3331.137 23.8503 
-94.3107 -0.3239 977964.5 59.4 -8.9 3333.554 23.9003 
-94.3041 -0.3283 977963.9 NaN NaN 3278.409 23.9503 
