-94.2974	-0.3326	977963.6	NaN	NaN	3320.198	0.0003	-13.3200892594
-94.291	-0.337	977964.6	59	-9.3	3335.081	0.0503	-13.7839630573
-94.2845	-0.3417	977964.9	59.3	-8.6	3371.732	0.1003	-13.8679058051
-94.2779	-0.3463	977964.1	58.8	-9.9	3370.2	0.1503	-13.6700781723
-94.2715	-0.3508	977964.2	58.1	-10.6	3378.941	0.2003	-13.3528373065
-94.2651	-0.3554	977964.9	58.8	-9.2	3368.809	0.2503	-12.9305928302
-94.2586	-0.3599	977964.5	58.4	-9.9	3349.68	0.3003	-12.597679477
-94.2523	-0.3647	977964.9	57.8	-10.2	3362.083	0.3503	-12.4585257934
-94.2459	-0.3695	977964.9	57.1	-10.9	3377.824	0.4003	-12.431195714
-94.2397	-0.3743	977965.5	57.3	-10.1	3388.125	0.4503	-12.3908594608
-94.2333	-0.3792	977965.3	57.5	-10.1	3389.752	0.5003	-12.3479677933
-94.227	-0.3841	977965	57.7	-10.2	3392.513	0.5503	-12.3535596002
-94.2207	-0.3889	977965.3	57.2	-10.4	3426.105	0.6003	-12.2951151264
-94.2144	-0.3938	977965.6	56.9	-10.4	3449.228	0.6503	-12.071786887
-94.2081	-0.3987	977965.8	57.2	-10	3448.233	0.7003	-11.7154375272
-94.2018	-0.4035	977965.3	57	-10.7	3435.97	0.7503	-11.3072023935
-94.1956	-0.4083	977965.3	57.1	-10.5	3422.833	0.8003	-10.9518660934
-94.1893	-0.4131	977965.3	57.3	-10.3	3435.823	0.8503	-10.7255104075
-94.183	-0.418	977965.3	56.9	-10.7	3456.816	0.9003	-10.6214812634
-94.1767	-0.4228	977965.1	57.8	-10	3461.656	0.9503	-10.6005104832
-94.1703	-0.4278	977965	57.2	-10.8	3454.997	1.0003	-10.712973568
-94.1641	-0.4325	977965.2	57.2	-10.6	3454.669	1.0503	-10.9204408151
-94.1577	-0.4375	977965.5	58.5	-9	3444.937	1.1003	-10.9947831272
-94.1512	-0.4424	977964.9	58.4	-9.8	3417.616	1.1503	-10.9207277062
-94.1449	-0.4473	977965.5	52.7	-14.8	3435.166	1.2003	-10.7245909681
-94.1402	-0.4509	977978.8	28.4	-25.8	3451.79	1.2503	-10.5000403162
-94.1381	-0.4525	978003.3	16.1	-13.6	3438.753	1.3003	-10.3863021686
-94.1366	-0.4537	978010.6	17.5	-4.9	3005.215	1.3503	-10.2984384399
-94.1339	-0.4559	978004.1	36.9	8.1	483.362	1.4003	-10.1302771693
-94.1285	-0.46	977982	51.5	0.5	-99	1.4503	-9.76282258114
-94.1232	-0.4641	977977.7	28.6	-26.8	-99	1.5003	-9.27437418342
-94.122	-0.4654	978009	6.9	-17.1	-99	1.5503	-9.12027870043
-94.1222	-0.4654	978027.8	-6.8	-12	-99	1.6003	-9.12717006736
-94.1235	-0.4646	978036.7	-10.7	-7.1	-99	1.6503	-9.2407909453
-94.1245	-0.464	978036.7	-2.7	1	-99	1.7003	-9.32521678621
-94.1245	-0.464	978028.9	0.2	-3.9	-99	1.7503	-9.32521678621
-94.1244	-0.4639	978026.6	0.5	-5.9	-99	1.8003	-9.33090598123
-94.1244	-0.4638	978026.3	0.3	-6.4	-99	1.8503	-9.33964585302
-94.1244	-0.4638	978026.6	0.2	-6.2	-99	1.9003	-9.33964585302
-94.1244	-0.4638	978026.9	0.1	-6	-99	1.9503	-9.33964585302
-94.1244	-0.4638	978026.7	0.1	-6.2	-99	2.0003	-9.33964585302
-94.1244	-0.4638	978027.1	0.1	-5.7	-99	2.0503	-9.33964585302
-94.1244	-0.4638	978026.9	0.2	-5.9	-99	2.1003	-9.33964585302
-94.1244	-0.4638	978027	0.1	-5.9	-99	2.1503	-9.33964585302
-94.1244	-0.4638	978026.9	0.1	-6	-99	2.2003	-9.33964585302
-94.1244	-0.4638	978026.6	0.3	-6.1	-99	2.2503	-9.33964585302
-94.1244	-0.4638	978027	0.2	-5.8	-99	2.3003	-9.33964585302
-94.1244	-0.4638	978026.9	0.1	-6	-99	2.3503	-9.33964585302
-94.1244	-0.4638	978026.5	0.2	-6.3	-99	2.4003	-9.33964585302
-94.1244	-0.4638	978026.9	0.1	-6	-99	2.4503	-9.33964585302
-94.1244	-0.4639	978027.1	0.1	-5.8	-99	2.5003	-9.33090598123
-94.1244	-0.4639	978026.7	0.1	-6.3	-99	2.5503	-9.33090598123
-94.1244	-0.4638	978027	0.1	-6	-99	2.6003	-9.33964585302
-94.1244	-0.4638	978027	0.1	-5.9	-99	2.6503	-9.33964585302
-94.1244	-0.4638	978027.1	0.2	-5.7	-99	2.7003	-9.33964585302
-94.1244	-0.4638	978027	0.3	-5.7	-99	2.7503	-9.33964585302
-94.1243	-0.4639	978026.2	6.3	-0.5	-99	2.8003	-9.32778519869
-94.1232	-0.4645	978018.9	10.6	-3.5	-99	2.8503	-9.23966003954
-94.122	-0.465	978015.9	8.8	-8.3	-99	2.9003	-9.15488152154
-94.1216	-0.4652	978022	-3	-14.1	-99	2.9503	-9.123403936
-94.122	-0.4655	978030.1	-6	-9	-99	3.0003	-9.11158525597
-94.122	-0.4663	978028.2	9.3	4.5	-99	3.0503	-9.04154129169
-94.1212	-0.4673	978020.7	13.9	1.6	-99	3.1003	-8.92788826104
-94.1186	-0.4699	978007.4	36.5	10.9	-99	3.1503	-8.62954590721
-94.1136	-0.4758	977986.3	45	-1.7	-99	3.2003	-8.11433934145
-94.1088	-0.4823	977981.1	44.4	-7.5	649.514	3.2503	-7.71307893153
-94.1039	-0.4889	977981.8	43.8	-7.5	3109.267	3.3003	-7.4198808971
-94.0992	-0.4955	977982.3	43.3	-7.5	3445.657	3.3503	-7.29334959012
-94.0944	-0.502	977982.7	44.2	-6.1	3394.618	3.4003	-7.32281451292
-94.0895	-0.5087	977982.6	44.8	-5.7	3405.986	3.4503	-7.38025474781
-94.0846	-0.5153	977982.8	43.7	-6.6	3393.175	3.5003	-7.31953539779
-94.0799	-0.522	977984.4	43.4	-5.3	3353.138	3.5503	-7.16615148406
-94.0752	-0.5288	977985.1	42.8	-5.3	3354.547	3.6003	-6.97735286892
-94.0705	-0.5355	977985.5	42.6	-5	3374.895	3.6503	-6.76846621652
-94.0658	-0.5423	977985.7	43	-4.5	3392.717	3.7003	-6.49969715937
-94.0611	-0.5491	977986	42.7	-4.4	3402.371	3.7503	-6.18291483246
-94.0564	-0.5558	977986.7	42.5	-4	3386.667	3.8003	-5.8804193843
-94.0518	-0.5625	977986.1	42.5	-4.6	3369.252	3.8503	-5.6490245761
-94.0471	-0.5691	977986.6	43.1	-3.5	3379.21	3.9003	-5.47846287604
-94.0424	-0.5758	977986.1	43.9	-3.1	3386.232	3.9503	-5.36270111514
-94.0374	-0.5825	977985	46.1	-2.1	3392.561	4.0003	-5.26441693575
-94.0324	-0.589	977982.7	46.1	-4.4	3377.494	4.0503	-5.16560282359
-94.0273	-0.5954	977983	45.7	-4.5	3408.268	4.1003	-5.09379167618
-94.0223	-0.6018	977982.9	45.2	-5.2	3811.669	4.1503	-5.05023356493
-94.0174	-0.6083	977983.5	44.4	-5.3	5338.84	4.2003	-5.00236219384
-94.0125	-0.6149	977984.1	45.4	-3.8	3994.826	4.2503	-4.98137042565
-94.0076	-0.6215	977984.2	44.5	-4.6	3384.864	4.3003	-4.99026767914
-94.0028	-0.6282	977984.7	44.2	-4.4	3373.682	4.3503	-4.96466922293
-93.9979	-0.6348	977984.6	44.7	-4	3378.032	4.4003	-4.97197329457
-93.993	-0.6415	977984.1	45	-4.3	3396.238	4.4503	-4.99963355378
-93.988	-0.6483	977984	44.7	-4.7	3443.427	4.5003	-4.90785567963
-93.9832	-0.655	977984	43.7	-5.6	3438.587	4.5503	-4.80416822617
-93.9784	-0.6614	977984	44	-5.4	3404.061	4.6003	-4.78430745786
-93.9736	-0.668	977984.4	44.2	-4.8	3378.636	4.6503	-4.78129091759
-93.9688	-0.6746	977984.8	43.4	-5.2	3347.987	4.7003	-4.7226149666
-93.964	-0.6812	977985.4	43.5	-4.6	3340.605	4.7503	-4.68591276485
-93.9592	-0.6878	977985	43.9	-4.5	3357.971	4.8003	-4.7496215986
-93.9544	-0.6944	977984.7	43.9	-4.8	3375.353	4.8503	-4.78119918066
-93.9496	-0.7011	977985.3	43.3	-4.8	3390.129	4.9003	-4.75627811405
-93.9449	-0.7076	977984.7	43	-5.7	3391.114	4.9503	-4.79926468732
-93.9402	-0.7141	977985.2	43.6	-4.6	3384.291	5.0003	-4.98198981872
-93.9354	-0.7207	977985.5	44.1	-3.9	3357.336	5.0503	-5.29302494861
-93.9305	-0.7274	977985.4	43.8	-4.2	3323.352	5.1003	-5.66451892711
-93.9257	-0.7341	977985.6	43.8	-4.1	3324.169	5.1503	-6.05307691219
-93.921	-0.7406	977984.6	43.7	-5.2	3323.812	5.2003	-6.31691284482
-93.9161	-0.7471	977984.3	44.8	-4.4	3332.457	5.2503	-6.38274915412
-93.9112	-0.7536	977984.6	44.5	-4.5	3357.809	5.3003	-6.29420444988
-93.9063	-0.7601	977984.6	44.6	-4.4	3380.537	5.3503	-6.10154470183
-93.9014	-0.7667	977983.9	44.9	-4.8	3422.948	5.4003	-5.79392789312
-93.8965	-0.7732	977983.8	44.6	-5.1	3447.716	5.4503	-5.47961825808
-93.8916	-0.7797	977984	43.6	-6.1	3425.49	5.5003	-5.30727309815
-93.8869	-0.7862	977984.9	43.1	-5.6	3399.229	5.5503	-5.26652951652
-93.8822	-0.7928	977985.3	42.4	-6	3408.932	5.6003	-5.22543714391
-93.8776	-0.7994	977985.8	42	-5.9	3411.413	5.6503	-5.16300726756
-93.8731	-0.806	977986.5	41.4	-5.9	3166.946	5.7003	-5.14165266812
-93.8684	-0.8125	977986.8	42.2	-4.7	3372.126	5.7503	-5.13726597504
-93.8638	-0.8189	977985.7	42.9	-5.1	3356.582	5.8003	-5.14051903548
-93.8591	-0.8256	977986.3	43.3	-4.2	3308.919	5.8503	-5.1838075576
-93.8544	-0.8322	977985.7	42.8	-5.3	3288.666	5.9003	-5.2948490882
-93.8496	-0.8388	977985.8	43	-4.9	3300.346	5.9503	-5.46545206441
-93.8449	-0.8455	977985.5	43.5	-4.8	3310.373	6.0003	-5.76618075303
-93.8402	-0.852	977985	43.3	-5.5	3304.397	6.0503	-6.24065536392
-93.8354	-0.8585	977985.1	43.4	-5.4	3314.363	6.1003	-6.86577719534
-93.8307	-0.8651	977985	43	-5.8	3328.028	6.1503	-7.52151160671
-93.826	-0.8716	977984.5	43.1	-6.3	3340.896	6.2003	-8.10567605275
-93.8212	-0.8782	977984.7	43.4	-5.8	3359.094	6.2503	-8.55425715762
-93.8165	-0.8848	977983.8	43.7	-6.4	3379.177	6.3003	-8.90640461309
-93.8117	-0.8912	977983	44.1	-6.8	3385.771	6.3503	-9.14947591252
-93.8068	-0.8977	977982.5	44.5	-6.9	3399.864	6.4003	-9.26045835511
-93.8019	-0.9043	977982.2	44.2	-7.6	3439.124	6.4503	-9.33211075551
-93.7971	-0.9107	977982	43.8	-8.2	3458.829	6.5003	-9.46807639301
-93.7923	-0.9172	977982.5	43.9	-7.6	3463.357	6.5503	-9.62936130054
-93.7875	-0.9237	977982.4	44	-7.7	3445.401	6.6003	-9.7242225958
-93.7827	-0.9301	977982.1	44.2	-7.8	3421.274	6.6503	-9.76714980686
-93.7778	-0.9365	977982	43.3	-8.7	3424.56	6.7003	-9.8955371009
-93.7731	-0.9428	977982.4	43	-8.7	3421.348	6.7503	-10.1282107295
-93.7684	-0.9494	977982.6	43.6	-7.8	3378.605	6.8003	-10.4331231427
-93.7636	-0.956	977982.3	44	-7.8	3391.344	6.8503	-10.8036429038
-93.7588	-0.9627	977982.2	44.3	-7.6	3409.278	6.9003	-11.1448825135
-93.7539	-0.9694	977981.8	44.1	-8.3	3426.96	6.9503	-11.3737349007
-93.7491	-0.976	977981.8	43.9	-8.5	3435.024	7.0003	-11.3471089476
-93.7443	-0.9826	977982	44	-8.2	3404.924	7.0503	-11.0605481382
-93.7394	-0.9892	977981.6	43.9	-8.7	3374.248	7.1003	-10.5739916129
-93.7347	-0.9958	977982.3	43.8	-8.1	3367.625	7.1503	-9.89413791586
-93.7298	-1.0025	977982.9	44.4	-7.1	3369.998	7.2003	-9.1210149029
-93.725	-1.009	977981.8	44.2	-8.3	3381.694	7.2503	-8.51989007617
-93.7202	-1.0157	977982.6	44.3	-7.4	3393.558	7.3003	-8.11636390484
-93.7153	-1.0225	977982.9	44.8	-6.6	3379.858	7.3503	-7.83250111399
-93.7104	-1.0293	977982.8	43.8	-7.7	3568.59	7.4003	-7.59909247506
-93.7056	-1.036	977983.4	43.5	-7.4	3530.845	7.4503	-7.41402425191
-93.7008	-1.0427	977983.6	44.3	-6.5	3382.042	7.5003	-7.34239950128
-93.6959	-1.0493	977982.7	44.4	-7.3	3380.382	7.5503	-7.38890162022
-93.6911	-1.056	977983.4	43.4	-7.7	3381.989	7.6003	-7.49855168064
-93.6868	-1.0617	977989.1	26.5	-18.9	3377.289	7.6503	-7.68796475548
-93.685	-1.0643	978007.9	15.5	-11	3425.829	7.7003	-7.79125491623
-93.6832	-1.0668	978013.7	16	-4.7	3426.046	7.7503	-7.91253025815
-93.6815	-1.0692	978012.6	19	-2.8	3449.232	7.8003	-8.03981687004
-93.6788	-1.0729	978006.8	31.5	3.9	3028.844	7.8503	-8.26220174194
-93.6748	-1.0781	977994.8	31.2	-8.5	527.178	7.9003	-8.60542331623
-93.672	-1.0819	978000.1	20.6	-13.8	-99	7.9503	-8.85451038593
-93.6704	-1.0842	978012	9.7	-12.8	-99	8.0003	-8.99413516825
-93.67	-1.0847	978023.7	1.8	-9	-99	8.0503	-9.02804462295
-93.67	-1.0847	978028.8	0.3	-5.4	-99	8.1003	-9.02804462295
-93.67	-1.0847	978029.1	0.2	-5.2	-99	8.1503	-9.02804462295
-93.67	-1.0847	978029.2	0.1	-5.3	-99	8.2003	-9.02804462295
-93.67	-1.0847	978029.3	0.1	-5.2	-99	8.2503	-9.02804462295
-93.67	-1.0847	978029.4	0.1	-5.1	-99	8.3003	-9.02804462295
-93.67	-1.0847	978029.1	0.2	-5.2	-99	8.3503	-9.02804462295
-93.67	-1.0847	978029.3	0.2	-5	-99	8.4003	-9.02804462295
-93.67	-1.0847	978029.7	0.2	-4.6	-99	8.4503	-9.02804462295
-93.67	-1.0847	978029.2	0.1	-5.2	-99	8.5003	-9.02804462295
-93.67	-1.0847	978029.1	0.1	-5.4	-99	8.5503	-9.02804462295
-93.67	-1.0847	978029.2	0.1	-5.2	-99	8.6003	-9.02804462295
-93.67	-1.0847	978029.6	0.2	-4.7	-99	8.6503	-9.02804462295
-93.67	-1.0847	978029.5	0.2	-4.9	-99	8.7003	-9.02804462295
-93.67	-1.0847	978029.6	0.1	-4.8	-99	8.7503	-9.02804462295
-93.67	-1.0847	978029.6	0.2	-4.7	-99	8.8003	-9.02804462295
-93.67	-1.0847	978029.6	0.2	-4.8	-99	8.8503	-9.02804462295
-93.67	-1.0847	978029.1	0.1	-5.3	-99	8.9003	-9.02804462295
-93.67	-1.0847	978029.2	0.1	-5.3	-99	8.9503	-9.02804462295
-93.67	-1.0847	978029.3	0	-5.1	-99	9.0003	-9.02804462295
-93.67	-1.0847	978029.5	0.1	-4.9	-99	9.0503	-9.02804462295
-93.67	-1.0847	978029.5	0.2	-4.9	-99	9.1003	-9.02804462295
-93.67	-1.0847	978029.6	0.1	-4.8	-99	9.1503	-9.02804462295
-93.67	-1.0847	978029.6	0.1	-4.8	-99	9.2003	-9.02804462295
-93.67	-1.0847	978029.3	0.2	-5	-99	9.2503	-9.02804462295
-93.67	-1.0847	978029.3	0.1	-5.1	-99	9.3003	-9.02804462295
-93.67	-1.0847	978029.2	0.1	-5.2	-99	9.3503	-9.02804462295
-93.67	-1.0847	978029	1.6	-3.9	-99	9.4003	-9.02804462295
-93.6696	-1.0852	978026.6	7	-1	-99	9.4503	-9.0612978282
-93.6689	-1.086	978022.8	5.8	-5.8	-99	9.5003	-9.11831161872
-93.6684	-1.0865	978023.9	5.2	-5.5	-99	9.5503	-9.15828656982
-93.6677	-1.0871	978023.7	6.1	-4.7	-99	9.6003	-9.21342068147
-93.6674	-1.0874	978025.1	-1.3	-10.8	-99	9.6503	-9.23589331648
-93.6678	-1.0876	978031.8	-4.9	-7.7	-99	9.7003	-9.19920682623
-93.6678	-1.0881	978030	11.2	6.7	17.494	9.7503	-9.19358152301
-93.6657	-1.089	978014.6	22.9	3	2217.464	9.8003	-9.35543251079
-93.6628	-1.0904	978002.9	35.8	4.2	3404.729	9.8503	-9.55025319566
-93.6576	-1.0929	977986	57.2	8.7	3402.796	9.9003	-9.79930889409
-93.6504	-1.0964	977966	67.2	-1.5	3416.177	9.9503	-9.95985291399
-93.6429	-1.1	977959.4	68.2	-7	3399.791	10.0003	-9.97754527521
-93.6354	-1.1034	977958.7	67.7	-8.2	3390.012	10.0503	-9.89491051078
-93.6279	-1.1068	977959.1	67.1	-8.5	3396.996	10.1003	-9.71415312408
-93.6206	-1.1103	977960.3	66.6	-7.7	3380.011	10.1503	-9.39594762326
-93.6132	-1.1138	977960.7	67.2	-6.8	3390.049	10.2003	-8.99026940943
-93.6058	-1.1173	977960.9	67.1	-6.6	3395.883	10.2503	-8.69342090069
-93.5984	-1.1208	977961.3	66.5	-6.8	3413.404	10.3003	-8.53009576091
-93.5911	-1.1243	977961.9	66.2	-6.6	3384.45	10.3503	-8.5946738438
-93.5838	-1.1278	977962.1	65.8	-6.8	3374.416	10.4003	-9.04669146617
-93.5766	-1.1312	977962.7	65.3	-6.7	3383.157	10.4503	-9.59920811643
-93.5694	-1.1346	977963.3	64.6	-6.8	3380.866	10.5003	-9.91827257791
-93.5623	-1.1379	977963.6	64.8	-6.3	3402.851	10.5503	-10.0263101778
-93.5551	-1.1413	977962.9	66	-5.8	3452.107	10.6003	-9.71766103357
-93.5478	-1.1448	977963.2	66.6	-4.9	3432.84	10.6503	-8.87667649877
-93.5404	-1.1481	977962.9	66.8	-5.1	3388.515	10.7003	-7.91425029818
-93.533	-1.1514	977962.8	67.2	-4.7	3343.823	10.7503	-6.92892523479
-93.5256	-1.1548	977962.9	67.2	-4.7	3350.497	10.8003	-6.17476075613
-93.5182	-1.1581	977963.4	67.5	-3.9	3382.461	10.8503	-5.90065570201
-93.5107	-1.1614	977962.7	67.6	-4.5	3424.046	10.9003	-5.91619917929
-93.5033	-1.1647	977962.2	67.5	-5.1	3397.716	10.9503	-6.060782532
-93.4958	-1.1681	977962.5	67.5	-4.8	3389.434	11.0003	-6.30984054633
-93.4884	-1.1714	977962.4	67.1	-5.3	3443.561	11.0503	-6.45547879711
-93.481	-1.1748	977962.4	66.9	-5.6	3450.86	11.1003	-6.53328524292
-93.4736	-1.1782	977963	67.1	-4.8	3411.966	11.1503	-6.56214840402
-93.4662	-1.1817	977962.5	67.1	-5.3	3405.496	11.2003	-6.5035227296
-93.4588	-1.1852	977962.9	67.4	-4.5	3403.972	11.2503	-6.44204730196
-93.4514	-1.1887	977963.2	67.4	-4.3	3397.077	11.3003	-6.43069900743
-93.444	-1.1922	977962.6	67.8	-4.5	3385.443	11.3503	-6.48310140182
-93.4364	-1.1957	977962.4	68.3	-4.2	3380.702	11.4003	-6.74100090352
-93.4289	-1.1992	977962.7	68.3	-3.9	3374.056	11.4503	-7.12537092924
-93.4214	-1.2026	977961.8	68.3	-4.8	3382.523	11.5003	-7.47798336533
-93.4138	-1.206	977960	68.2	-6.8	3383.844	11.5503	-7.83473798682
-93.4063	-1.2094	977960.2	68.7	-6.1	3401.317	11.6003	-8.08210288676
-93.3987	-1.2127	977960.1	68.3	-6.6	3445.409	11.6503	-8.17585727403
-93.3912	-1.2163	977960.4	67.7	-6.9	3465.998	11.7003	-8.21853137841
-93.3838	-1.2199	977960.4	67.7	-6.9	3460.995	11.7503	-8.13984237162
-93.3763	-1.2235	977960.2	68.2	-6.6	3439.767	11.8003	-7.85658146731
-93.3687	-1.2271	977960	68.1	-6.9	3440.552	11.8503	-7.40082622063
-93.3612	-1.2307	977959.6	68.4	-7.1	3448.286	11.9003	-6.97456319252
-93.3537	-1.2344	977959.9	68.6	-6.6	3437.07	11.9503	-6.87353489627
-93.3461	-1.2379	977959.4	67.5	-8.1	3459.829	12.0003	-7.016033034
-93.3387	-1.2415	977960	67.8	-7.3	3496.857	12.0503	-7.28587355821
-93.3312	-1.2451	977960.8	67.4	-6.9	3469.847	12.1003	-7.72701198533
-93.3239	-1.2486	977960.6	66.7	-7.8	3445.674	12.1503	-8.15918782884
-93.3165	-1.2522	977961.2	67.1	-6.8	3446.716	12.2003	-8.40691542874
-93.3091	-1.2557	977961.1	67.3	-6.7	3406.626	12.2503	-8.37492662462
-93.3016	-1.2593	977961.5	67.5	-6.1	3377.918	12.3003	-8.05102989473
-93.2942	-1.2628	977961.4	66.4	-7.4	3368.206	12.3503	-7.54320889722
-93.2869	-1.2663	977962.1	65.8	-7.3	3379.693	12.4003	-7.11016392718
-93.2797	-1.2699	977962.3	65.3	-7.6	3421.526	12.4503	-6.80033691355
-93.2725	-1.2734	977962.8	66.3	-6.1	3430.417	12.5003	-6.78853547967
-93.265	-1.2769	977961.7	68.1	-5.5	3435.076	12.5503	-7.10818012915
-93.2575	-1.2804	977960.5	67.8	-7	3471.874	12.6003	-7.5799408723
-93.2501	-1.2839	977960	68	-7.3	3455.722	12.6503	-8.1060251368
-93.2426	-1.2874	977960.1	67.7	-7.4	3447	12.7003	-8.44038359785
-93.2351	-1.2908	977959.9	67.5	-7.8	3433.192	12.7503	-8.42623800737
-93.2276	-1.2943	977960.9	67.7	-6.7	3468.876	12.8003	-8.20141522183
-93.2202	-1.2978	977960.8	66.4	-8.1	3473.89	12.8503	-7.84815947739
-93.213	-1.3012	977960.9	66.6	-7.8	3471.589	12.9003	-7.44529665194
-93.2055	-1.3048	977961.5	67.1	-6.7	3455.327	12.9503	-7.15872989959
-93.1982	-1.3083	977961	67.3	-7.1	3440.321	13.0003	-7.01614948389
-93.1907	-1.3118	977961.4	68	-6	3431.589	13.0503	-7.05235320972
-93.1832	-1.3153	977961.2	66.6	-7.7	3423.687	13.1003	-7.27330693688
-93.1759	-1.3187	977962.8	66	-6.6	3401.192	13.1503	-7.53175910114
-93.1686	-1.3222	977963.4	66.8	-5.2	3378.401	13.2003	-7.76142696876
-93.1612	-1.3257	977963.9	67.6	-3.9	3320.42	13.2503	-7.93745925501
-93.1537	-1.3293	977963.6	68	-3.9	3272.521	13.3003	-7.96824682077
-93.1462	-1.3329	977963.2	67.8	-4.6	3332.818	13.3503	-7.88065463767
-93.1388	-1.3363	977962.3	68.2	-5	3401.982	13.4003	-7.81792141155
-93.1312	-1.3398	977961.5	68.3	-5.7	3417.704	13.4503	-7.82545167905
-93.1237	-1.3432	977960.2	67.8	-7.5	3425.156	13.5003	-8.04357860452
-93.1162	-1.3465	977959.6	67.6	-8.3	3425.735	13.5503	-8.56925992388
-93.1088	-1.3501	977960.2	67.8	-7.5	3446.46	13.6003	-9.1995381722
-93.1013	-1.3537	977959.3	67.5	-8.8	3445.432	13.6503	-9.81110498372
-93.0939	-1.3573	977958.9	68.1	-8.6	3450.093	13.7003	-10.4189820599
-93.0863	-1.3609	977958.2	69	-8.4	3458.373	13.7503	-11.0433403068
-93.0786	-1.3645	977957.3	68.4	-9.9	3459.963	13.8003	-11.591349111
-93.0712	-1.3681	977957.6	67.3	-10.8	3462.03	13.8503	-11.9072217558
-93.0638	-1.3717	977958.5	66.7	-10.4	3434.299	13.9003	-12.1005479856
-93.0565	-1.3753	977958.3	66.6	-10.8	3422.35	13.9503	-12.2370146749
-93.0491	-1.379	977959.2	66.9	-9.6	3448.579	14.0003	-12.2963283534
-93.0418	-1.3827	977958.7	66.2	-10.8	3500.738	14.0503	-12.229025256
-93.0345	-1.3864	977959.3	67.1	-9.3	3501.614	14.1003	-12.0589017552
-93.027	-1.3899	977958.5	67.7	-9.6	3489.77	14.1503	-11.8611227569
-93.0195	-1.3933	977958	67.3	-10.4	3459.142	14.2003	-11.5798322296
-93.0122	-1.3968	977959	66.7	-10.1	3401.227	14.2503	-11.1688813408
-93.0048	-1.4001	977958.5	67.3	-9.9	3433.796	14.3003	-10.7389639926
-92.9973	-1.4036	977958.7	67.4	-9.7	3478.389	14.3503	-10.2745896611
-92.9899	-1.4071	977958.6	66.5	-10.7	3508.481	14.4003	-9.94020441313
-92.9827	-1.4105	977958.2	66.1	-11.5	3508.033	14.4503	-9.84931597211
-92.9753	-1.414	977959.2	67.1	-9.5	3501.011	14.5003	-9.84792718773
-92.9678	-1.4174	977959.5	68.2	-8.1	3488.569	14.5503	-9.87013204483
-92.9603	-1.4209	977959.5	67.6	-8.7	3460.899	14.6003	-9.84608239424
-92.9529	-1.4244	977959.9	66.7	-9.3	3400.97	14.6503	-9.59413776705
-92.9456	-1.4278	977962.1	58.3	-15.4	3373.624	14.7003	-9.17285843452
-92.9406	-1.4302	977979.3	31.2	-25.4	3347.777	14.7503	-8.81494859665
-92.9382	-1.4315	978003.4	22	-10.5	3348.063	14.8003	-8.60703980364
-92.9357	-1.4327	978007.3	23.7	-4.9	3352.06	14.8503	-8.37235548955
-92.9329	-1.434	978004.3	38.9	7.2	3338.092	14.9003	-8.09600643561
-92.9268	-1.4364	977981.9	60	6	1483.961	14.9503	-7.52471319864
-92.9199	-1.4392	977965.1	60.4	-10.5	-99	15.0003	-6.98599935771
-92.914	-1.4413	977973	36.7	-26.3	-99	15.0503	-6.60730409861
-92.9115	-1.4426	978002.3	14.8	-18.8	-99	15.1003	-6.45519964181
-92.9112	-1.4435	978023.9	0.3	-11.7	-99	15.1503	-6.408773104
-92.9113	-1.4436	978031.3	0.2	-4.5	-99	15.2003	-6.40858483709
-92.9113	-1.4436	978030.6	0.1	-5.3	-99	15.2503	-6.40858483709
-92.9113	-1.4436	978030.1	0	-5.8	-99	15.3003	-6.40858483709
-92.9113	-1.4436	978030.3	0.2	-5.5	-99	15.3503	-6.40858483709
-92.9113	-1.4436	978030.6	0.1	-5.2	-99	15.4003	-6.40858483709
-92.9113	-1.4436	978030.6	0	-5.3	-99	15.4503	-6.40858483709
-92.9113	-1.4436	978030.6	0.1	-5.3	-99	15.5003	-6.40858483709
-92.9113	-1.4436	978030.1	0	-5.8	-99	15.5503	-6.40858483709
-92.9113	-1.4436	978030.2	0.1	-5.7	-99	15.6003	-6.40858483709
-92.9113	-1.4436	978030.5	0.1	-5.4	-99	15.6503	-6.40858483709
-92.9113	-1.4436	978030.5	0	-5.5	-99	15.7003	-6.40858483709
-92.9113	-1.4436	978030.5	0	-5.5	-99	15.7503	-6.40858483709
-92.9113	-1.4436	978030.3	0	-5.6	-99	15.8003	-6.40858483709
-92.9113	-1.4436	978030.3	0.1	-5.6	-99	15.8503	-6.40858483709
-92.9113	-1.4436	978030	0.1	-5.9	-99	15.9003	-6.40858483709
-92.9113	-1.4436	978030.6	0	-5.4	-99	15.9503	-6.40858483709
-92.9113	-1.4436	978030.4	0	-5.6	-99	16.0003	-6.40858483709
-92.9113	-1.4436	978030.6	0	-5.4	-99	16.0503	-6.40858483709
-92.9113	-1.4436	978030.8	0.1	-5	-99	16.1003	-6.40858483709
-92.9113	-1.4436	978030.5	0.1	-5.3	-99	16.1503	-6.40858483709
-92.9113	-1.4436	978030.1	0.1	-5.8	-99	16.2003	-6.40858483709
-92.9113	-1.4436	978030.2	0.1	-5.7	-99	16.2503	-6.40858483709
-92.9113	-1.4436	978030.6	-0	-5.4	-99	16.3003	-6.40858483709
-92.9113	-1.4436	978030.7	0.1	-5.2	-99	16.3503	-6.40858483709
-92.9113	-1.4436	978030.5	0.2	-5.3	-99	16.4003	-6.40858483709
-92.9113	-1.4436	978030.6	0.1	-5.3	-99	16.4503	-6.40858483709
-92.9113	-1.4436	978030.3	0	-5.6	-99	16.5003	-6.40858483709
-92.9113	-1.4436	978030.8	0	-5.1	-99	16.5503	-6.40858483709
-92.9113	-1.4436	978030.6	0.1	-5.2	-99	16.6003	-6.40858483709
-92.9113	-1.4436	978030.5	1	-4.5	-99	16.6503	-6.40858483709
-92.9107	-1.444	978026.6	13.1	3.8	-99	16.7003	-6.37221392923
-92.909	-1.4452	978017.4	11.9	-6.6	-99	16.7503	-6.27319039307
-92.9081	-1.4459	978020.9	7.2	-8	-99	16.8003	-6.22249091655
-92.9081	-1.4462	978029.3	-2.8	-9.5	-99	16.8503	-6.21240645361
-92.9082	-1.4468	978032.3	11.4	7.8	805.109	16.9003	-6.19596465254
-92.9072	-1.4462	978024.8	9	-2.2	2566.17	16.9503	-6.18807034682
-92.9077	-1.4429	978033.2	-6.6	-9.4	3422.509	17.0003	-6.32866152312
-92.9086	-1.4365	978039.5	-7.2	-3.6	3426.862	17.0503	-6.71182824847
-92.9094	-1.4279	978038.5	-6.3	-3.6	3434.42	17.1003	-7.37565122781
-92.9101	-1.4191	978037.3	-6.2	-4.7	3433.265	17.1503	-8.04967048366
-92.9108	-1.4103	978037	-6.1	-4.9	3423.423	17.2003	-8.67138664614
-92.9116	-1.4014	978037.2	-6.4	-5	3414.575	17.2503	-8.91046086178
-92.9124	-1.3925	978037.2	-7.1	-5.6	3396.505	17.3003	-8.91279220163
-92.9132	-1.3836	978038	-7.3	-5	3415.059	17.3503	-8.86135293485
-92.9141	-1.3747	978038.1	-7.5	-5	3428.507	17.4003	-8.7694710023
-92.915	-1.3657	978038.1	-7.7	-5.2	3443.243	17.4503	-8.73378444903
-92.9159	-1.3567	978038.2	-6.7	-4.1	3452.118	17.5003	-8.83744779739
-92.9166	-1.3478	978037	-6.5	-5	3434.534	17.5503	-9.17996410996
-92.9174	-1.3387	978037	-6.7	-5.1	3456.645	17.6003	-9.52552687168
-92.9182	-1.3298	978037.1	-6.7	-5.1	3483.814	17.6503	-9.80906168479
-92.919	-1.321	978037.5	-7.2	-5.1	3483.335	17.7003	-9.92822406474
-92.9199	-1.3122	978037.9	-7.5	-5	3485.471	17.7503	-9.85363813825
-92.9208	-1.3031	978037.9	-7.3	-4.8	3480.305	17.8003	-9.55752457382
-92.9217	-1.2942	978038.4	-8	-4.9	3472.338	17.8503	-9.07880839766
-92.9226	-1.2853	978038.9	-7	-3.4	3470.77	17.9003	-8.37958067512
-92.9234	-1.2763	978038.6	-7.7	-4.4	3475.148	17.9503	-7.49941657787
-92.9244	-1.2675	978039.9	-8.5	-3.8	3469.197	18.0003	-6.67423202506
-92.9253	-1.2588	978040.7	-7.8	-2.2	3454.09	18.0503	-5.87946754506
-92.9263	-1.25	978040.6	-7.8	-2.3	3429.617	18.1003	-5.14439732784
-92.9272	-1.2414	978040.9	-8	-2.3	3389.063	18.1503	-4.55236053237
-92.9281	-1.2327	978041.5	-6.7	-0.3	3388.494	18.2003	-4.16598829426
-92.9286	-1.2239	978039.4	-3.4	0.9	3380.473	18.2503	-3.85689048552
-92.9291	-1.2151	978038	-3.5	-0.4	3367.506	18.3003	-3.63518230189
-92.9295	-1.2064	978038	-2.4	0.7	3364.23	18.3503	-3.41716470614
-92.9297	-1.1976	978037.6	-2	0.7	3351.139	18.4003	-3.11113152523
-92.93	-1.1888	978038.2	-2.5	0.8	3339.324	18.4503	-2.90318518618
-92.9305	-1.18	978039.4	-4.3	0.3	3330.84	18.5003	-2.83780794719
-92.931	-1.1712	978041.5	-5.8	0.8	3327.315	18.5503	-2.88960132234
-92.9318	-1.1624	978043.6	-6.5	2.3	3325.317	18.6003	-3.09031058279
-92.9326	-1.1537	978044.1	-6.3	3	3315.813	18.6503	-3.27515949854
-92.9333	-1.1449	978044.1	-6.6	2.7	3298.548	18.7003	-3.43140003846
-92.9341	-1.136	978044.3	-6.6	3	3292.752	18.7503	-3.51558619704
-92.9349	-1.1271	978044.8	-6.3	3.8	3291.164	18.8003	-3.52320416686
-92.9356	-1.1182	978044.5	-6.1	3.7	3282.281	18.8503	-3.41815769903
-92.9364	-1.1093	978044.4	-6.6	3.2	3269.429	18.9003	-3.21526920371
-92.9372	-1.1003	978045	-6.7	3.8	3269.761	18.9503	-2.96383833391
-92.938	-1.0914	978045.1	-6.9	3.7	3282.883	19.0003	-2.65231681443
-92.9388	-1.0824	978045.5	-7.4	3.6	3277.316	19.0503	-2.23081018886
-92.9397	-1.0734	978045.6	-7.8	3.3	3283.359	19.1003	-1.80482956809
-92.9407	-1.0644	978045.7	-8.1	3.1	3285.105	19.1503	-1.46171779024
-92.9416	-1.0555	978045.6	-8.1	3.1	3287.351	19.2003	-1.07469953124
-92.9425	-1.0466	978045.6	-8.4	2.7	3285.318	19.2503	-0.586171559947
-92.9436	-1.0376	978045.8	-8.6	2.8	3276.051	19.3003	-0.258482685596
-92.9446	-1.0286	978045.8	-8.7	2.8	3275.361	19.3503	-0.147710376573
-92.9456	-1.0196	978045.5	-8.5	2.7	3276.532	19.4003	-0.181068568364
-92.9466	-1.0106	978045.4	-8.8	2.3	3274.369	19.4503	-0.38999529903
-92.9476	-1.0016	978045.1	-7	3.8	3260.809	19.5003	-0.89200041019
-92.9483	-0.9927	978042.9	-5.1	3.5	3239.857	19.5503	-1.59717300202
-92.9488	-0.9837	978041.3	-4.4	2.7	3198.568	19.6003	-2.43038174482
-92.9494	-0.9746	978040.4	-4.3	1.9	3207.043	19.6503	-3.39471387741
-92.9499	-0.9655	978040.1	-4.8	1.2	3245.647	19.7003	-4.44831613454
-92.9505	-0.9564	978040	-5.5	0.4	3253.605	19.7503	-5.45383790514
-92.9512	-0.9474	978040.2	-5.4	0.7	3259.597	19.8003	-6.32142663967
-92.9519	-0.9384	978039.6	-5.9	-0.4	3260.155	19.8503	-6.95994005652
-92.9526	-0.9294	978039.8	-6.4	-0.6	3259.594	19.9003	-7.33699860582
-92.9534	-0.9205	978039.9	-6.3	-0.4	3261.981	19.9503	-7.43256133516
-92.9541	-0.9115	978039.6	-6.7	-1.1	3262.926	20.0003	-7.25919370497
-92.955	-0.9026	978039.9	-6.9	-1	3268.963	20.0503	-6.98376800819
-92.9558	-0.8936	978039.6	-6.1	-0.4	3280.633	20.1003	-6.61069727598
-92.9564	-0.8845	978038.8	-5.7	-0.8	3288.382	20.1503	-6.09188849633
-92.9571	-0.8754	978038.8	-5.6	-0.7	3294.081	20.2003	-5.5069992276
-92.9578	-0.8664	978039.4	-6	-0.5	3297.432	20.2503	-4.97870763742
-92.9585	-0.8574	978039.8	-5.5	0.4	3255.11	20.3003	-4.56192290514
-92.9592	-0.8484	978039.6	-5.4	0.4	3216.628	20.3503	-4.33290259267
-92.9598	-0.8393	978039.8	-5.2	0.7	3185.889	20.4003	-4.32628904437
-92.9604	-0.8303	978039.7	-4.9	1	3194.041	20.4503	-4.57916290873
-92.9611	-0.8212	978039.2	-5.4	0.1	3223.015	20.5003	-4.95071376655
-92.9617	-0.8121	978039.7	-6.5	-0.4	3243.418	20.5503	-5.43750434646
-92.9626	-0.8051	978041.1	-8.7	-1.3	3263.084	20.6003	-5.69829475393
-92.9636	-0.7999	978042	-9.2	-0.9	2955.222	20.6503	-5.82532075159
-92.9646	-0.7956	978042	-9.4	-1.1	568.647	20.7003	-5.90588942272
-92.9657	-0.7903	978042.5	-12.8	-4	-99	20.7503	-6.00922082987
-92.9676	-0.7838	978047.8	-18.1	-3.9	-99	20.8003	-6.08855841779
-92.9696	-0.7776	978050.6	-4.3	12.6	-99	20.8503	-6.09002954152
-92.9696	-0.7763	978037.8	-2.8	1.4	-99	20.9003	-6.11758517848
-92.9698	-0.7761	978033.5	5.1	5	-99	20.9503	-6.10183545008
-92.9693	-0.7768	978028.5	5.2	0.1	-99	21.0003	-6.13685537224
-92.9688	-0.7773	978026.7	3.9	-3.1	-99	21.0503	-6.17447319683
-92.9687	-0.7774	978029.9	0.2	-3.6	-99	21.1003	-6.18185846892
-92.9687	-0.7774	978031.5	0.1	-2	-99	21.1503	-6.18185846892
-92.9687	-0.7774	978031.5	0.1	-2	-99	21.2003	-6.18185846892
-92.9687	-0.7774	978031.3	0	-2.2	-99	21.2503	-6.18185846892
-92.9687	-0.7774	978031.4	0.1	-2.2	-99	21.3003	-6.18185846892
-92.9687	-0.7774	978031.5	0.1	-1.9	-99	21.3503	-6.18185846892
-92.9687	-0.7774	978031.3	0.1	-2.2	-99	21.4003	-6.18185846892
-92.9687	-0.7774	978031.4	0.2	-2.1	-99	21.4503	-6.18185846892
-92.9687	-0.7774	978031.5	0.1	-2	-99	21.5003	-6.18185846892
-92.9687	-0.7774	978031.4	0.2	-2	-99	21.5503	-6.18185846892
-92.9687	-0.7774	978031.5	0.1	-2.1	-99	21.6003	-6.18185846892
-92.9687	-0.7774	978031.5	0.1	-2.1	-99	21.6503	-6.18185846892
-92.9687	-0.7774	978031.4	0.1	-2.1	-99	21.7003	-6.18185846892
-92.9687	-0.7774	978031.5	0	-2.1	-99	21.7503	-6.18185846892
-92.9687	-0.7774	978031.2	0.1	-2.3	-99	21.8003	-6.18185846892
-92.9687	-0.7774	978031.2	0.2	-2.2	-99	21.8503	-6.18185846892
-92.9687	-0.7773	978030.8	0.4	-2.4	-99	21.9003	-6.18406287429
-92.9686	-0.7772	978030.4	0.4	-2.8	-99	21.9503	-6.19579004437
-92.9685	-0.7771	978030.9	0.5	-2.2	-99	22.0003	-6.20744251686
-92.9685	-0.777	978030.6	0.3	-2.7	-99	22.0503	-6.20952568927
-92.9685	-0.777	978031	0.1	-2.5	-99	22.1003	-6.20952568927
-92.9685	-0.7769	978031.1	0.2	-2.4	-99	22.1503	-6.2115722413
-92.9684	-0.7769	978030.9	0.5	-2.2	-99	22.2003	-6.22105847207
-92.9683	-0.7768	978030.3	0.5	-2.8	-99	22.2503	-6.23251350241
-92.9683	-0.7767	978030.7	0.3	-2.7	-99	22.3003	-6.23447108473
-92.9682	-0.7767	978031.1	0.2	-2.3	-99	22.3503	-6.24388953153
-92.9682	-0.7766	978031	0.3	-2.4	-99	22.4003	-6.2458017393
-92.9682	-0.7766	978030.9	0.4	-2.4	-99	22.4503	-6.2458017393
-92.9681	-0.7765	978030.5	0.5	-2.7	-99	22.5003	-6.25705153896
-92.968	-0.7765	978030.5	0.3	-2.8	-99	22.5503	-6.26639955584
-92.968	-0.7764	978031	0.2	-2.5	-99	22.6003	-6.26821921784
-92.968	-0.7764	978031.3	0.1	-2.3	-99	22.6503	-6.26821921784
-92.9681	-0.7765	978031.8	-0.4	-2.2	-99	22.7003	-6.25705153896
-92.9681	-0.7765	978032.1	-0.4	-1.9	-99	22.7503	-6.25705153896
-92.9682	-0.7766	978032.1	-0.4	-1.9	-99	22.8003	-6.2458017393
-92.9683	-0.7767	978032.3	-0.1	-1.4	-99	22.8503	-6.23447108473
-92.9683	-0.7767	978032	0.3	-1.4	-99	22.9003	-6.23447108473
-92.9683	-0.7766	978031	0.5	-2.1	-99	22.9503	-6.23639086969
-92.9682	-0.7766	978030.8	0.4	-2.4	-99	23.0003	-6.2458017393
-92.9681	-0.7765	978031.1	0.5	-2.1	-99	23.0503	-6.25705153896
-92.9681	-0.7764	978030.9	0.5	-2.2	-99	23.1003	-6.25887911159
-92.968	-0.7764	978030.8	0.4	-2.5	-99	23.1503	-6.26821921784
-92.968	-0.7763	978031.1	0.2	-2.3	-99	23.2003	-6.26999978145
-92.968	-0.7763	978030.9	0.2	-2.5	-99	23.2503	-6.26999978145
-92.9679	-0.7763	978030.7	0.3	-2.6	-99	23.3003	-6.27930350408
-92.9679	-0.7762	978030.8	0.4	-2.4	-99	23.3503	-6.2810364527
-92.9678	-0.7761	978030.9	0.2	-2.5	-99	23.4003	-6.29198784518
-92.9678	-0.7761	978031	0	-2.6	-99	23.4503	-6.29198784518
-92.9678	-0.7761	978031.2	0.1	-2.4	-99	23.5003	-6.29198784518
-92.9678	-0.7761	978031.5	0.3	-1.9	-99	23.5503	-6.29198784518
-92.9678	-0.7763	978030.8	10.2	7.4	30.966	23.6003	-6.2885784204
-92.9653	-0.7762	978014.2	39.7	20.3	2187.916	23.6503	-6.51128621694
-92.959	-0.7752	977981.5	67	14.9	3268.525	23.7003	-6.94460481378
-92.9509	-0.7741	977959.7	72.6	-1.3	3233.216	23.7503	-7.08644431392
-92.943	-0.773	977958.2	71.8	-3.6	3218.989	23.8003	-6.96501244116
-92.935	-0.7718	977958.2	73.1	-2.2	3246.571	23.8503	-6.75468389868
-92.9269	-0.7707	977956.1	73.9	-3.7	3261.178	23.9003	-6.55248333231
-92.9187	-0.7696	977955.2	NaN	NaN	3188.416	23.9503	-6.78919337688
