-89.3383 0.5686 978093.1 NaN NaN 2333.569 0.0003 
-89.3451 0.5757 978093.2 -61.9 -1.9 2323.719 0.0503 
-89.3520 0.5828 978094.3 -58.8 2.2 2256.380 0.1003 
-89.3572 0.5903 978086.5 1.9 55.1 2170.957 0.1503 
-89.3529 0.5971 978016.9 45.0 28.7 2277.670 0.2003 
-89.3477 0.6040 977987.2 46.7 0.6 2265.671 0.2503 
-89.3428 0.6112 977988.3 43.5 -1.5 2229.415 0.3003 
-89.3381 0.6187 977991.7 42.6 1.1 2234.970 0.3503 
-89.3334 0.6262 977992.4 44.1 3.2 2247.553 0.4003 
-89.3285 0.6336 977991.3 44.7 2.6 2281.959 0.4503 
-89.3237 0.6411 977991.2 44.4 2.2 2319.225 0.5003 
-89.3188 0.6484 977992.1 44.4 3.2 2315.426 0.5503 
-89.3140 0.6558 977992.8 44.5 4.0 2208.869 0.6003 
-89.3090 0.6630 977993.5 45.8 5.9 2140.709 0.6503 
-89.3040 0.6701 977993.9 45.9 6.4 2163.787 0.7003 
-89.2990 0.6772 977994.6 45.7 7.0 2172.516 0.7503 
-89.2940 0.6842 977995.6 45.3 7.5 2190.183 0.8003 
-89.2891 0.6914 977997.0 45.0 8.5 2188.423 0.8503 
-89.2841 0.6988 977998.2 45.0 9.8 2174.019 0.9003 
-89.2792 0.7061 977999.5 44.4 10.5 2085.541 0.9503 
-89.2744 0.7134 978001.8 43.4 11.7 2050.507 1.0003 
-89.2697 0.7209 978004.6 43.2 14.3 2039.908 1.0503 
-89.2650 0.7282 978005.8 44.1 16.3 2036.888 1.1003 
-89.2601 0.7355 978006.2 44.4 17.0 2017.914 1.1503 
-89.2552 0.7429 978008.2 44.1 18.7 1989.992 1.2003 
-89.2504 0.7503 978010.2 44.6 21.3 1950.371 1.2503 
-89.2455 0.7576 978011.1 45.3 22.8 1892.750 1.3003 
-89.2405 0.7650 978012.4 45.1 23.9 1852.409 1.3503 
-89.2357 0.7725 978014.6 44.6 25.5 1817.862 1.4003 
-89.2308 0.7799 978016.3 44.2 26.9 1756.164 1.4503 
-89.2260 0.7873 978018.1 43.4 27.9 1728.311 1.5003 
-89.2213 0.7947 978019.0 43.6 28.9 1744.955 1.5503 
-89.2165 0.8021 978018.5 43.8 28.6 1774.324 1.6003 
-89.2117 0.8096 978017.5 44.3 28.1 1832.777 1.6503 
-89.2068 0.8171 978015.7 44.4 26.4 1858.170 1.7003 
-89.2020 0.8247 978013.9 44.5 24.7 1895.402 1.7503 
-89.1971 0.8322 978012.0 44.2 22.4 1973.816 1.8003 
-89.1923 0.8397 978010.1 44.2 20.6 2026.828 1.8503 
-89.1874 0.8473 978008.2 44.3 18.7 2055.596 1.9003 
-89.1826 0.8548 978006.6 43.8 16.6 2060.777 1.9503 
-89.1778 0.8623 978005.4 43.7 15.3 2076.389 2.0003 
-89.1731 0.8698 978003.9 43.8 13.8 2088.119 2.0503 
-89.1682 0.8773 978002.2 44.3 12.7 2102.091 2.1003 
-89.1634 0.8848 978000.0 44.5 10.6 2142.907 2.1503 
-89.1585 0.8924 977998.8 44.3 9.2 2194.198 2.2003 
-89.1537 0.8999 977997.4 44.9 8.4 2199.751 2.2503 
-89.1487 0.9075 977995.6 44.9 6.6 2197.253 2.3003 
-89.1438 0.9151 977994.9 45.0 5.9 2207.447 2.3503 
-89.1389 0.9224 977993.8 45.6 5.4 2215.907 2.4003 
-89.1339 0.9296 977991.7 45.4 3.1 2255.344 2.4503 
-89.1289 0.9368 977991.0 45.0 1.9 2313.821 2.5003 
-89.1240 0.9440 977990.2 45.3 1.4 2354.159 2.5503 
-89.1191 0.9513 977989.3 44.5 -0.3 2405.086 2.6003 
-89.1142 0.9586 977989.1 59.0 14.0 2436.754 2.6503 
-89.1066 0.9617 977971.4 71.5 8.8 2425.745 2.7003 
-89.0987 0.9643 977960.7 71.5 -2.0 2412.856 2.7503 
-89.0908 0.9666 977961.5 71.0 -1.6 2400.575 2.8003 
-89.0830 0.9688 977962.1 71.1 -1.0 2400.628 2.8503 
-89.0751 0.9709 977962.3 70.7 -1.2 2384.207 2.9003 
-89.0674 0.9733 977962.6 70.5 -1.0 2355.546 2.9503 
-89.0595 0.9756 977963.2 71.3 0.3 2347.280 3.0003 
-89.0517 0.9781 977962.7 71.0 -0.5 2400.788 3.0503 
-89.0439 0.9806 977962.9 70.6 -0.7 2449.440 3.1003 
-89.0361 0.9831 977962.6 70.7 -0.8 2456.049 3.1503 
-89.0282 0.9855 977961.7 71.2 -1.3 2456.209 3.2003 
-89.0204 0.9878 977961.5 71.4 -1.4 2450.643 3.2503 
-89.0125 0.9901 977961.3 70.5 -2.4 2442.586 3.3003 
-89.0048 0.9925 977961.8 70.2 -2.3 2429.496 3.3503 
-88.9970 0.9947 977961.9 71.0 -1.4 2431.496 3.4003 
-88.9891 0.9970 977960.9 71.1 -2.3 2414.265 3.4503 
-88.9813 0.9993 977962.0 64.6 -7.6 2412.599 3.5003 
-88.9754 1.0014 977975.9 35.7 -22.6 2409.382 3.5503 
-88.9730 1.0025 978006.5 21.0 -6.8 2406.584 3.6003 
-88.9705 1.0038 978012.6 26.8 5.2 2395.774 3.6503 
-88.9665 1.0055 978001.3 53.0 20.0 2344.485 3.7003 
-88.9592 1.0075 977972.7 68.8 7.3 896.498 3.7503 
-88.9515 1.0097 977964.0 68.1 -2.1 -99.000 3.8003 
-88.9444 1.0133 977969.1 50.1 -15.1 -99.000 3.8503 
-88.9405 1.0162 977993.1 29.5 -11.7 -99.000 3.9003 
-88.9389 1.0162 978016.0 8.3 -10.0 -99.000 3.9503 
-88.9391 1.0163 978034.0 -3.0 -3.3 -99.000 4.0003 
-88.9393 1.0163 978036.8 -0.2 2.3 -99.000 4.0503 
-88.9393 1.0163 978034.5 0.0 0.2 -99.000 4.1003 
-88.9393 1.0163 978034.6 0.0 0.4 -99.000 4.1503 
-88.9393 1.0163 978034.6 0.1 0.3 -99.000 4.2003 
-88.9393 1.0163 978034.1 0.0 -0.2 -99.000 4.2503 
-88.9393 1.0163 978034.3 0.0 0.0 -99.000 4.3003 
-88.9393 1.0163 978034.3 0.0 0.0 -99.000 4.3503 
-88.9393 1.0163 978034.5 0.0 0.2 -99.000 4.4003 
-88.9393 1.0163 978034.5 0.0 0.2 -99.000 4.4503 
-88.9393 1.0163 978034.5 0.1 0.3 -99.000 4.5003 
-88.9393 1.0163 978034.4 0.1 0.2 -99.000 4.5503 
-88.9393 1.0163 978034.5 0.1 0.3 -99.000 4.6003 
-88.9393 1.0163 978034.2 1.9 1.9 -99.000 4.6503 
-88.9388 1.0159 978031.3 6.6 3.7 -56.037 4.7003 
-88.9381 1.0153 978027.6 6.6 -0.0 1375.017 4.7503 
-88.9376 1.0147 978029.4 -0.2 -5.1 2359.087 4.8003 
-88.9381 1.0147 978036.9 -2.4 0.2 2172.535 4.8503 
-88.9373 1.0148 978031.5 14.7 11.9 1519.285 4.9003 
-88.9365 1.0182 978025.1 7.3 -1.9 2331.334 4.9503 
-88.9359 1.0254 978028.9 7.1 1.7 2380.480 5.0003 
-88.9350 1.0342 978027.3 8.6 1.5 2398.705 5.0503 
-88.9341 1.0429 978025.7 8.4 -0.3 2379.216 5.1003 
-88.9333 1.0517 978026.8 7.0 -0.6 2343.429 5.1503 
-88.9327 1.0606 978027.7 5.8 -0.9 2372.621 5.2003 
-88.9321 1.0696 978028.4 5.5 -0.6 2377.638 5.2503 
-88.9315 1.0785 978028.1 6.6 0.1 2406.478 5.3003 
-88.9308 1.0874 978026.5 6.9 -1.2 2445.043 5.3503 
-88.9301 1.0963 978025.9 7.5 -1.2 2424.991 5.4003 
-88.9293 1.1052 978025.4 8.0 -1.2 2414.536 5.4503 
-88.9286 1.1140 978032.5 -36.7 -38.9 1820.044 5.5003 
-88.9363 1.1173 978090.4 -77.5 -21.7 2268.829 5.5503 
-88.9452 1.1199 978112.6 -80.1 -2.2 2416.016 5.6003 
-88.9542 1.1223 978114.0 -80.7 -1.3 2412.269 5.6503 
-88.9632 1.1246 978114.2 -80.8 -1.3 2410.424 5.7003 
-88.9723 1.1272 978114.8 -81.1 -1.0 2411.409 5.7503 
-88.9813 1.1298 978115.0 -80.8 -0.5 2409.545 5.8003 
-88.9903 1.1324 978114.7 -80.3 -0.3 2402.892 5.8503 
-88.9993 1.1350 978114.5 -79.9 -0.2 2399.420 5.9003 
-89.0082 1.1374 978114.1 -79.7 -0.3 2401.246 5.9503 
-89.0171 1.1399 978114.3 -79.7 -0.1 2395.144 6.0003 
-89.0260 1.1425 978114.3 -79.5 0.0 2370.630 6.0503 
-89.0349 1.1452 978114.7 -79.8 0.2 2375.141 6.1003 
-89.0438 1.1480 978114.8 -79.5 0.5 2372.663 6.1503 
-89.0527 1.1508 978114.6 -79.2 0.7 2368.558 6.2003 
-89.0615 1.1534 978114.8 -79.4 0.7 2372.309 6.2503 
-89.0704 1.1559 978115.6 -80.1 0.8 2404.661 6.3003 
-89.0794 1.1584 978116.4 -80.5 1.1 2403.275 6.3503 
-89.0884 1.1610 978116.8 -80.1 1.9 2390.489 6.4003 
-89.0973 1.1635 978116.2 -79.9 1.5 2384.086 6.4503 
-89.1062 1.1659 978116.3 -79.7 1.8 2377.677 6.5003 
-89.1151 1.1685 978116.4 -79.6 2.0 2364.869 6.5503 
-89.1240 1.1710 978116.3 -78.8 2.7 2374.430 6.6003 
-89.1328 1.1734 978115.8 -78.3 2.7 2384.476 6.6503 
-89.1415 1.1758 978115.7 -78.5 2.3 2377.478 6.7003 
-89.1503 1.1782 978116.5 -79.6 2.1 2338.549 6.7503 
-89.1593 1.1807 978118.2 -80.1 3.3 2319.147 6.8003 
-89.1682 1.1831 978118.8 -80.8 3.2 2314.480 6.8503 
-89.1773 1.1847 978121.1 -83.0 3.2 2281.753 6.9003 
-89.1867 1.1849 978123.6 -84.2 4.5 2244.200 6.9503 
-89.1961 1.1852 978124.9 -84.6 5.5 2227.402 7.0003 
-89.2056 1.1856 978125.2 -84.2 6.1 2240.626 7.0503 
-89.2150 1.1859 978124.4 -83.5 6.1 2260.511 7.1003 
-89.2243 1.1863 978123.0 -83.5 4.6 2281.223 7.1503 
-89.2336 1.1866 978122.3 -83.7 3.7 2328.422 7.2003 
-89.2430 1.1868 978122.3 -84.1 3.3 2361.346 7.2503 
-89.2524 1.1871 978122.1 -84.2 2.9 2369.527 7.3003 
-89.2618 1.1875 978121.8 -83.8 3.1 2367.447 7.3503 
-89.2712 1.1878 978121.5 -82.9 3.7 2362.518 7.4003 
-89.2804 1.1881 978120.5 -82.3 3.3 2355.451 7.4503 
-89.2896 1.1885 978120.0 -82.6 2.5 2349.298 7.5003 
-89.2989 1.1888 978120.6 -83.4 2.3 2346.228 7.5503 
-89.3082 1.1891 978121.5 -83.3 3.3 2339.558 7.6003 
-89.3175 1.1893 978121.4 -82.7 3.9 2316.393 7.6503 
-89.3267 1.1893 978121.2 -82.9 3.4 2301.847 7.7003 
-89.3360 1.1893 978121.3 -82.7 3.7 2296.595 7.7503 
-89.3452 1.1893 978121.3 -83.4 3.0 2292.045 7.8003 
-89.3546 1.1893 978122.0 -83.8 3.4 2282.791 7.8503 
-89.3639 1.1893 978122.1 -83.4 3.8 2294.478 7.9003 
-89.3733 1.1896 978121.9 -83.4 3.6 2302.750 7.9503 
-89.3826 1.1898 978122.0 -83.5 3.6 2292.354 8.0003 
-89.3919 1.1900 978122.1 -83.7 3.5 2293.803 8.0503 
-89.4013 1.1901 978122.3 -83.7 3.6 2288.302 8.1003 
-89.4107 1.1903 978122.0 -84.0 3.1 2266.791 8.1503 
-89.4201 1.1905 978122.4 -84.3 3.2 2258.981 8.2003 
-89.4295 1.1908 978122.5 -84.6 3.0 2269.763 8.2503 
-89.4390 1.1911 978122.7 -84.5 3.3 2273.653 8.3003 
-89.4484 1.1914 978122.5 -84.6 3.0 2285.260 8.3503 
-89.4579 1.1917 978122.2 -84.9 2.5 2297.126 8.4003 
-89.4674 1.1922 978122.1 -84.6 2.6 2315.403 8.4503 
-89.4769 1.1926 978121.6 -84.5 2.3 2314.364 8.5003 
-89.4862 1.1929 978120.3 -69.3 16.1 2319.775 8.5503 
-89.4921 1.1932 978098.0 -45.2 17.9 2326.496 8.6003 
-89.4964 1.1933 978077.8 -39.7 3.2 2334.985 8.6503 
-89.5012 1.1934 978078.5 -52.9 -9.3 2333.535 8.7003 
-89.5084 1.1943 978096.4 -71.6 -10.2 1097.661 8.7503 
-89.5166 1.1959 978109.3 -59.8 14.6 -99.000 8.8003 
-89.5215 1.1964 978087.4 -25.3 27.2 -99.000 8.8503 
-89.5225 1.1958 978052.0 -4.9 12.2 -99.000 8.9003 
-89.5225 1.1957 978037.3 0.1 2.5 -99.000 8.9503 
-89.5225 1.1957 978035.6 0.0 0.7 -99.000 9.0003 
-89.5225 1.1957 978035.6 0.1 0.8 -99.000 9.0503 
-89.5225 1.1957 978035.6 0.1 0.8 -99.000 9.1003 
-89.5225 1.1957 978035.5 0.1 0.6 -99.000 9.1503 
-89.5225 1.1957 978035.5 0.0 0.6 -99.000 9.2003 
-89.5225 1.1957 978035.6 0.0 0.7 -99.000 9.2503 
-89.5225 1.1957 978035.7 0.0 0.7 -99.000 9.3003 
-89.5225 1.1957 978035.8 0.0 0.9 -99.000 9.3503 
-89.5225 1.1957 978035.8 0.1 0.9 -99.000 9.4003 
-89.5225 1.1957 978035.7 0.1 0.8 -99.000 9.4503 
-89.5225 1.1957 978035.7 0.1 0.9 -99.000 9.5003 
-89.5225 1.1957 978035.8 0.0 0.9 -99.000 9.5503 
-89.5225 1.1957 978035.8 0.0 0.9 -99.000 9.6003 
-89.5225 1.1957 978035.8 0.0 0.9 -99.000 9.6503 
-89.5225 1.1957 978035.8 0.2 1.1 -99.000 9.7003 
-89.5225 1.1955 978035.8 6.2 7.1 -99.000 9.7503 
-89.5221 1.1942 978033.6 5.3 3.9 -99.000 9.8003 
-89.5216 1.1925 978031.3 10.7 7.2 -99.000 9.8503 
-89.5217 1.1917 978035.4 -6.6 -6.1 -99.000 9.9003 
-89.5223 1.1914 978040.2 -4.7 0.6 -99.000 9.9503 
-89.5227 1.1910 978039.2 -5.2 -0.9 -47.910 10.0003 
-89.5227 1.1894 978037.5 -16.3 -13.8 1159.228 10.0503 
-89.5261 1.1887 978058.7 -42.9 -19.1 2188.677 10.1003 
-89.5320 1.1883 978085.2 -62.2 -11.9 2286.230 10.1503 
-89.5400 1.1865 978103.4 -77.6 -9.1 2271.958 10.2003 
-89.5490 1.1842 978115.6 -81.3 -0.6 2271.081 10.2503 
-89.5581 1.1819 978116.7 -81.6 0.2 2287.305 10.3003 
-89.5673 1.1794 978117.2 -82.0 0.4 2297.276 10.3503 
-89.5764 1.1770 978117.2 -81.4 1.0 2301.839 10.4003 
-89.5855 1.1746 978115.9 -80.0 1.0 2319.189 10.4503 
-89.5944 1.1722 978114.6 -80.2 -0.5 2328.586 10.5003 
-89.6034 1.1700 978115.3 -80.5 -0.1 2344.318 10.5503 
-89.6124 1.1679 978115.3 -79.9 0.6 2355.476 10.6003 
-89.6213 1.1656 978114.5 -80.2 -0.5 2343.933 10.6503 
-89.6303 1.1633 978115.2 -81.1 -0.6 2340.590 10.7003 
-89.6394 1.1610 978116.0 -81.4 -0.2 2352.465 10.7503 
-89.6485 1.1587 978116.1 -81.4 -0.1 2355.648 10.8003 
-89.6576 1.1564 978115.8 -81.1 -0.1 2361.591 10.8503 
-89.6666 1.1541 978115.4 -80.2 0.5 2343.946 10.9003 
-89.6755 1.1515 978114.7 -80.1 -0.1 2359.923 10.9503 
-89.6845 1.1491 978114.9 -80.8 -0.7 2347.657 11.0003 
-89.6936 1.1467 978115.6 -81.4 -0.5 2336.083 11.0503 
-89.7027 1.1445 978115.7 -81.6 -0.6 2345.039 11.1003 
-89.7118 1.1422 978115.6 -81.4 -0.5 2359.876 11.1503 
-89.7208 1.1401 978115.0 -80.7 -0.5 2381.411 11.2003 
-89.7299 1.1378 978114.0 -80.7 -1.4 2381.323 11.2503 
-89.7389 1.1355 978113.7 -80.7 -1.8 2400.636 11.3003 
-89.7479 1.1332 978113.6 -81.9 -3.0 2413.380 11.3503 
-89.7572 1.1322 978115.4 -84.1 -3.3 2424.581 11.4003 
-89.7665 1.1334 978116.2 -83.5 -2.0 2441.928 11.4503 
-89.7758 1.1347 978115.4 -83.3 -2.7 2438.831 11.5003 
-89.7851 1.1362 978114.6 -83.5 -3.5 2435.936 11.5503 
-89.7945 1.1377 978114.7 -83.9 -3.9 2435.820 11.6003 
-89.8039 1.1392 978114.8 -84.5 -4.4 2435.140 11.6503 
-89.8134 1.1407 978114.9 -85.1 -4.9 2431.733 11.7003 
-89.8229 1.1422 978115.1 -85.7 -5.3 2421.131 11.7503 
-89.8325 1.1438 978115.7 -85.9 -4.9 2422.147 11.8003 
-89.8421 1.1454 978115.7 -85.9 -5.0 2415.117 11.8503 
-89.8517 1.1470 978115.9 -85.7 -4.5 2391.476 11.9003 
-89.8613 1.1485 978116.1 -85.7 -4.4 2357.292 11.9503 
-89.8709 1.1501 978116.5 -85.6 -3.9 2332.993 12.0003 
-89.8805 1.1516 978116.8 -85.7 -3.6 2308.015 12.0503 
-89.8900 1.1532 978116.7 -85.8 -3.9 2294.744 12.1003 
-89.8997 1.1548 978117.3 -86.2 -3.6 2285.507 12.1503 
-89.9093 1.1563 978117.8 -86.6 -3.6 2271.419 12.2003 
-89.9190 1.1578 978118.6 -87.3 -3.5 2258.674 12.2503 
-89.9288 1.1595 978119.3 -87.2 -2.6 2245.562 12.3003 
-89.9386 1.1611 978119.2 -87.3 -2.9 2229.704 12.3503 
-89.9483 1.1628 978119.4 -87.0 -2.3 2217.501 12.4003 
-89.9580 1.1646 978119.0 -86.7 -2.5 2206.375 12.4503 
-89.9677 1.1663 978118.9 -86.6 -2.5 2201.394 12.5003 
-89.9774 1.1678 978118.5 -86.1 -2.5 2191.565 12.5503 
-89.9870 1.1693 978118.1 -86.4 -3.1 2179.363 12.6003 
-89.9967 1.1708 978118.5 -86.4 -2.7 2161.529 12.6503 
-90.0063 1.1722 978119.0 -86.3 -2.2 2106.840 12.7003 
-90.0160 1.1738 978119.7 -86.6 -1.7 2056.065 12.7503 
-90.0257 1.1752 978121.0 -86.9 -0.8 2019.756 12.8003 
-90.0354 1.1767 978121.4 -87.3 -0.7 1999.488 12.8503 
-90.0452 1.1781 978122.2 -87.4 -0.1 1985.654 12.9003 
-90.0550 1.1795 978122.3 -86.7 0.7 1954.319 12.9503 
-90.0646 1.1811 978121.9 -86.9 0.1 1922.124 13.0003 
-90.0744 1.1827 978123.0 -87.3 0.8 1896.005 13.0503 
-90.0842 1.1843 978123.8 -87.3 1.6 1874.128 13.1003 
-90.0939 1.1859 978124.1 -86.7 2.5 1852.541 13.1503 
-90.1035 1.1876 978123.8 -85.6 3.3 1834.153 13.2003 
-90.1131 1.1891 978123.3 -85.1 3.3 1822.060 13.2503 
-90.1226 1.1907 978123.7 -85.0 3.8 1814.448 13.3003 
-90.1321 1.1923 978124.4 -84.9 4.6 1793.666 13.3503 
-90.1415 1.1939 978124.7 -84.3 5.6 1774.850 13.4003 
-90.1509 1.1953 978124.7 -84.2 5.6 1757.994 13.4503 
-90.1604 1.1968 978125.5 -84.6 6.0 1748.395 13.5003 
-90.1698 1.1982 978126.0 -83.8 7.3 1747.727 13.5503 
-90.1787 1.2010 978123.9 -72.2 16.8 1734.191 13.6003 
-90.1858 1.2074 978109.0 -61.6 12.4 1716.790 13.6503 
-90.1926 1.2142 978103.8 -61.1 7.8 1714.169 13.7003 
-90.1994 1.2208 978104.4 -61.1 8.2 1699.420 13.7503 
-90.2062 1.2276 978104.8 -60.7 9.0 1693.806 13.8003 
-90.2130 1.2343 978104.9 -60.7 9.1 1698.090 13.8503 
-90.2198 1.2411 978105.2 -60.8 9.3 1688.735 13.9003 
-90.2266 1.2478 978105.5 -61.0 9.3 1663.766 13.9503 
-90.2334 1.2546 978105.9 -61.2 9.5 1696.109 14.0003 
-90.2402 1.2613 978105.6 -57.4 13.0 1700.251 14.0503 
-90.2462 1.2672 978100.1 -43.9 21.0 1694.974 14.1003 
-90.2499 1.2707 978083.7 -28.1 20.4 1650.801 14.1503 
-90.2526 1.2732 978070.8 -25.1 10.5 1662.449 14.2003 
-90.2559 1.2765 978074.2 -43.6 -4.6 1289.575 14.2503 
-90.2621 1.2824 978096.5 -57.4 3.9 54.869 14.3003 
-90.2686 1.2887 978103.6 -49.9 18.4 -99.000 14.3503 
-90.2729 1.2939 978089.9 -30.6 24.0 -99.000 14.4003 
-90.2752 1.2955 978070.4 -8.4 26.8 -99.000 14.4503 
-90.2749 1.2942 978050.5 7.3 22.5 -99.000 14.5003 
-90.2748 1.2941 978043.6 0.2 8.5 -99.000 14.5503 
-90.2748 1.2941 978045.8 0.1 10.6 -99.000 14.6003 
-90.2748 1.2941 978045.6 0.0 10.3 -99.000 14.6503 
-90.2748 1.2941 978045.8 -0.0 10.4 -99.000 14.7003 
-90.2748 1.2941 978045.8 -0.0 10.5 -99.000 14.7503 
-90.2748 1.2941 978045.8 0.0 10.5 -99.000 14.8003 
-90.2748 1.2941 978045.9 0.0 10.6 -99.000 14.8503 
-90.2748 1.2941 978045.8 0.0 10.5 -99.000 14.9003 
-90.2748 1.2941 978045.7 0.0 10.4 -99.000 14.9503 
-90.2748 1.2941 978045.7 0.0 10.5 -99.000 15.0003 
-90.2748 1.2941 978045.9 0.6 11.1 -99.000 15.0503 
-90.2745 1.2939 978044.4 4.8 13.9 -99.000 15.1003 
-90.2745 1.2934 978044.6 -4.0 5.4 -99.000 15.1503 
-90.2749 1.2934 978049.0 -5.7 8.0 -99.000 15.2003 
-90.2757 1.2932 978052.5 -8.6 8.6 -99.000 15.2503 
-90.2766 1.2927 978054.3 -13.2 5.8 -99.000 15.3003 
-90.2788 1.2921 978062.2 -25.8 1.1 83.627 15.3503 
-90.2807 1.2951 978065.6 -14.5 15.8 1307.099 15.4003 
-90.2821 1.2989 978059.0 -13.5 10.1 1626.118 15.4503 
-90.2839 1.3050 978061.4 -19.8 6.3 1669.627 15.5003 
-90.2863 1.3139 978067.4 -23.7 8.3 1712.104 15.5503 
-90.2893 1.3227 978070.1 -30.1 4.6 1687.828 15.6003 
-90.2930 1.3313 978076.4 -33.6 7.3 1666.899 15.6503 
-90.2968 1.3401 978078.1 -36.5 6.1 1668.911 15.7003 
-90.3012 1.3484 978082.3 -39.7 7.0 1661.138 15.7503 
-90.3057 1.3568 978084.0 -40.0 8.4 1673.397 15.8003 
-90.3102 1.3651 978084.6 -40.3 8.7 1697.979 15.8503 
-90.3147 1.3735 978085.5 -40.1 9.7 1720.881 15.9003 
-90.3192 1.3818 978086.1 -39.6 10.9 1736.675 15.9503 
-90.3236 1.3902 978087.1 -40.0 11.4 1705.262 16.0003 
-90.3281 1.3985 978088.6 -40.2 12.7 1711.921 16.0503 
-90.3326 1.4069 978089.4 -40.3 13.3 1711.754 16.1003 
-90.3371 1.4153 978089.4 -40.3 13.3 1714.729 16.1503 
-90.3416 1.4237 978089.1 -40.0 13.3 1747.333 16.2003 
-90.3461 1.4322 978088.6 -39.8 13.0 1738.832 16.2503 
-90.3506 1.4406 978088.4 -39.7 12.8 1749.303 16.3003 
-90.3550 1.4491 978088.8 -40.0 12.7 1746.784 16.3503 
-90.3596 1.4575 978090.0 -40.9 13.1 1725.232 16.4003 
-90.3642 1.4660 978091.9 -41.0 14.8 1707.745 16.4503 
-90.3688 1.4745 978093.7 -41.0 16.6 1691.342 16.5003 
-90.3734 1.4830 978095.8 -40.8 18.8 1630.593 16.5503 
-90.3779 1.4916 978098.3 -40.8 21.3 1582.325 16.6003 
-90.3825 1.5001 978100.4 -40.9 23.3 1539.834 16.6503 
-90.3871 1.5088 978103.0 -40.8 25.9 1447.938 16.7003 
-90.3916 1.5175 978105.3 -40.5 28.5 1335.273 16.7503 
-90.3962 1.5262 978106.8 -40.3 30.2 1336.019 16.8003 
-90.4007 1.5350 978106.7 -40.2 30.1 1371.346 16.8503 
-90.4052 1.5439 978105.0 -40.6 28.0 1419.993 16.9003 
-90.4098 1.5527 978101.9 -41.4 24.0 1493.050 16.9503 
-90.4145 1.5614 978097.8 -41.9 19.4 1637.436 17.0003 
-90.4192 1.5700 978092.5 -41.5 14.4 1806.403 17.0503 
-90.4238 1.5786 978087.1 -41.2 9.3 1982.931 17.1003 
-90.4284 1.5873 978083.5 -41.2 5.7 2072.348 17.1503 
-90.4330 1.5961 978081.7 -41.4 3.6 2089.169 17.2003 
-90.4377 1.6049 978081.9 -41.5 3.6 2070.229 17.2503 
-90.4424 1.6136 978082.6 -41.5 4.3 2022.135 17.3003 
-90.4470 1.6223 978084.1 -41.6 5.6 1959.425 17.3503 
-90.4517 1.6310 978085.6 -42.0 6.7 1897.292 17.4003 
-90.4564 1.6397 978086.6 -42.2 7.6 1914.755 17.4503 
-90.4612 1.6484 978087.0 -42.2 7.9 1989.512 17.5003 
-90.4659 1.6572 978086.4 -41.3 8.1 2007.945 17.5503 
-90.4704 1.6660 978085.5 -40.3 8.2 1967.094 17.6003 
-90.4749 1.6749 978084.9 -39.8 8.0 1956.980 17.6503 
-90.4794 1.6839 978084.4 -40.3 7.0 1957.371 17.7003 
-90.4840 1.6930 978084.5 -41.1 6.2 1989.568 17.7503 
-90.4886 1.7020 978084.0 -41.2 5.6 1994.203 17.8003 
-90.4932 1.7110 978083.0 -40.8 4.9 2004.198 17.8503 
-90.4978 1.7200 978081.8 -40.5 4.0 2024.315 17.9003 
-90.5023 1.7290 978080.3 -39.9 3.0 2020.516 17.9503 
-90.5067 1.7380 978079.0 -40.6 1.0 2068.122 18.0003 
-90.5114 1.7470 978080.1 -42.1 0.5 2020.722 18.0503 
-90.5162 1.7559 978081.2 -42.7 1.0 2009.811 18.1003 
-90.5210 1.7648 978081.6 -42.5 1.5 2021.949 18.1503 
-90.5257 1.7738 978081.6 -41.9 2.1 2004.793 18.2003 
-90.5304 1.7828 978081.3 -41.5 2.1 1974.148 18.2503 
-90.5350 1.7917 978081.5 -41.9 1.8 1978.623 18.3003 
-90.5398 1.8006 978082.0 -41.8 2.4 2016.580 18.3503 
-90.5445 1.8094 978081.7 -42.2 1.8 2114.441 18.4003 
-90.5492 1.8183 978082.3 -42.9 1.6 2176.538 18.4503 
-90.5540 1.8271 978083.4 -43.0 2.5 2110.659 18.5003 
-90.5589 1.8359 978084.9 -43.1 3.7 2071.101 18.5503 
-90.5637 1.8448 978087.6 -42.8 6.7 2004.335 18.6003 
-90.5685 1.8536 978089.3 -42.1 9.2 1967.815 18.6503 
-90.5731 1.8624 978090.4 -41.3 10.9 1892.174 18.7003 
-90.5778 1.8711 978091.4 -40.7 12.5 1768.650 18.7503 
-90.5823 1.8798 978091.3 -40.4 12.7 1759.000 18.8003 
-90.5868 1.8886 978090.0 -40.3 11.4 1778.227 18.8503 
-90.5913 1.8973 978087.6 -40.6 8.6 1968.199 18.9003 
-90.5959 1.9060 978085.6 -40.9 6.3 2104.574 18.9503 
-90.6005 1.9147 978083.6 -40.7 4.4 2134.745 19.0003 
-90.6051 1.9233 978082.4 -41.0 2.9 2119.775 19.0503 
-90.6097 1.9321 978082.3 -41.8 1.9 2122.236 19.1003 
-90.6144 1.9407 978083.3 -42.1 2.6 2128.301 19.1503 
-90.6191 1.9495 978083.9 -42.1 3.2 2131.703 19.2003 
-90.6239 1.9582 978085.1 -41.8 4.6 2106.986 19.2503 
-90.6285 1.9671 978087.1 -42.1 6.3 2042.290 19.3003 
-90.6333 1.9759 978090.1 -42.5 8.8 1933.061 19.3503 
-90.6381 1.9847 978091.3 -42.6 9.9 1854.281 19.4003 
-90.6429 1.9934 978090.9 -42.8 9.2 2041.529 19.4503 
-90.6476 2.0022 978088.7 -42.5 7.3 2123.131 19.5003 
-90.6524 2.0109 978086.0 -42.4 4.5 2230.360 19.5503 
-90.6571 2.0195 978082.9 -38.5 5.3 2310.405 19.6003 
-90.6608 2.0262 978074.4 -25.2 10.1 2333.164 19.6503 
-90.6631 2.0306 978060.5 -23.1 -1.8 2334.291 19.7003 
-90.6661 2.0359 978063.2 -33.7 -9.7 2271.952 19.7503 
-90.6705 2.0430 978074.0 -39.8 -5.0 799.624 19.8003 
-90.6749 2.0500 978076.8 -32.8 4.7 -99.000 19.8503 
-90.6777 2.0560 978066.6 -17.1 10.2 -99.000 19.9003 
-90.6787 2.0601 978053.0 1.1 14.7 -99.000 19.9503 
-90.6786 2.0608 978038.8 0.8 0.2 -99.000 20.0003 
-90.6786 2.0608 978038.7 6.5 5.8 -99.000 20.0503 
-90.6782 2.0598 978036.7 4.9 2.3 -99.000 20.1003 
-90.6782 2.0597 978038.5 -0.1 -0.9 -99.000 20.1503 
-90.6782 2.0598 978039.2 -0.0 -0.1 -99.000 20.2003 
-90.6782 2.0598 978039.0 -0.0 -0.3 -99.000 20.2503 
-90.6782 2.0597 978039.0 -0.0 -0.3 -99.000 20.3003 
-90.6782 2.0597 978039.3 -0.0 -0.1 -99.000 20.3503 
-90.6782 2.0598 978039.3 -0.0 -0.1 -99.000 20.4003 
-90.6782 2.0597 978039.0 -0.1 -0.4 -99.000 20.4503 
-90.6782 2.0597 978039.6 -0.1 0.2 -99.000 20.5003 
-90.6782 2.0597 978039.3 -0.2 -0.2 -99.000 20.5503 
-90.6778 2.0595 978037.1 5.6 3.3 -99.000 20.6003 
-90.6776 2.0595 978035.8 -1.8 -5.4 -99.000 20.6503 
-90.6780 2.0597 978041.8 -4.6 -2.1 -99.000 20.7003 
-90.6784 2.0604 978043.9 -15.2 -10.7 -99.000 20.7503 
-90.6815 2.0608 978062.1 -47.7 -25.0 519.151 20.8003 
-90.6888 2.0632 978097.1 -72.8 -15.1 2176.028 20.8503 
-90.6971 2.0671 978112.6 -42.1 31.1 2334.147 20.9003 
-90.6967 2.0723 978062.8 49.6 72.9 2333.793 20.9503 
-90.6895 2.0729 977985.0 68.9 14.5 2331.120 21.0003 
-90.6818 2.0709 977971.3 70.0 1.9 2325.909 21.0503 
-90.6740 2.0691 977971.6 70.5 2.7 2300.962 21.1003 
-90.6662 2.0675 977973.0 72.6 6.3 2190.621 21.1503 
-90.6581 2.0673 977973.7 73.5 7.9 2088.739 21.2003 
-90.6499 2.0671 977976.2 74.0 10.8 1968.368 21.2503 
-90.6417 2.0669 977979.3 74.0 14.0 1791.390 21.3003 
-90.6335 2.0666 977981.8 74.5 16.9 1615.339 21.3503 
-90.6252 2.0669 977982.8 75.0 18.4 1550.134 21.4003 
-90.6170 2.0681 977983.1 74.9 18.6 1628.141 21.4503 
-90.6087 2.0691 977983.7 74.3 18.6 1700.467 21.5003 
-90.6005 2.0703 977983.9 74.1 18.6 1773.777 21.5503 
-90.5923 2.0711 977983.6 74.5 18.6 1835.072 21.6003 
-90.5841 2.0721 977982.5 73.6 16.8 1905.707 21.6503 
-90.5760 2.0730 977982.8 72.6 15.9 1932.136 21.7003 
-90.5680 2.0738 977983.4 71.8 15.8 1955.272 21.7503 
-90.5601 2.0748 977983.5 71.4 15.4 1959.286 21.8003 
-90.5522 2.0760 977983.4 71.5 15.5 1966.107 21.8503 
-90.5443 2.0772 977983.4 71.8 15.7 1967.492 21.9003 
-90.5363 2.0783 977983.2 72.6 16.4 1961.117 21.9503 
-90.5283 2.0793 977982.6 72.5 15.6 1950.367 22.0003 
-90.5204 2.0812 977986.0 53.7 0.3 1709.064 22.0503 
-90.5207 2.0881 978051.1 -55.3 -43.7 1446.736 22.1003 
-90.5294 2.0915 978127.9 -79.5 8.8 1982.002 22.1503 
-90.5384 2.0950 978135.3 -80.1 15.5 1999.000 22.2003 
-90.5474 2.0986 978135.0 -80.3 15.1 1998.772 22.2503 
-90.5563 2.1024 978134.6 -80.1 14.9 1996.919 22.3003 
-90.5652 2.1062 978134.0 -79.5 14.9 2006.907 22.3503 
-90.5741 2.1098 978133.3 -79.4 14.2 2004.309 22.4003 
-90.5830 2.1136 978133.2 -78.9 14.6 2012.614 22.4503 
-90.5918 2.1173 978133.1 -78.5 14.8 2007.996 22.5003 
-90.6006 2.1210 978132.7 -78.2 14.8 1995.331 22.5503 
-90.6093 2.1247 978132.7 -78.3 14.6 1995.782 22.6003 
-90.6181 2.1284 978133.6 -79.1 14.6 1987.744 22.6503 
-90.6270 2.1317 978135.0 -79.5 15.7 1981.859 22.7003 
-90.6359 2.1350 978135.9 -79.3 16.7 1959.679 22.7503 
-90.6447 2.1384 978137.0 -79.3 17.9 1903.880 22.8003 
-90.6536 2.1418 978138.2 -79.2 19.0 1857.063 22.8503 
-90.6625 2.1454 978138.5 -78.8 19.7 1850.621 22.9003 
-90.6713 2.1491 978138.3 -78.7 19.7 1916.125 22.9503 
-90.6800 2.1527 978138.0 -78.3 19.8 1953.836 23.0003 
-90.6888 2.1563 978137.1 -78.3 18.9 1959.474 23.0503 
-90.6976 2.1599 978136.5 -78.5 18.1 1900.894 23.1003 
-90.7063 2.1636 978136.4 -78.8 17.6 1866.850 23.1503 
-90.7152 2.1672 978135.3 -78.8 16.4 1912.082 23.2003 
-90.7240 2.1708 978133.4 -78.8 14.5 1898.381 23.2503 
-90.7328 2.1744 978130.9 -79.1 11.6 1989.399 23.3003 
-90.7417 2.1780 978128.7 -79.6 9.0 2151.924 23.3503 
-90.7506 2.1815 978126.1 -79.7 6.2 2268.722 23.4003 
-90.7595 2.1850 978123.5 -79.6 3.7 2298.378 23.4503 
-90.7684 2.1886 978121.2 -79.0 1.9 2318.306 23.5003 
-90.7772 2.1918 978121.2 -78.9 2.1 1873.127 23.5503 
-90.7845 2.1880 978112.5 -63.7 8.7 2301.297 23.6003 
-90.7917 2.1834 978103.1 -64.5 -1.6 2369.141 23.6503 
-90.7989 2.1790 978104.6 -65.0 -0.5 2339.488 23.7003 
-90.8062 2.1745 978106.4 -64.9 1.4 2380.286 23.7503 
-90.8134 2.1700 978107.5 -64.6 2.8 2374.845 23.8003 
-90.8206 2.1653 978109.0 -64.5 4.5 2273.372 23.8503 
-90.8278 2.1607 978110.7 -64.4 6.3 2226.876 23.9003 
-90.8351 2.1562 978112.8 NaN NaN 2177.670 23.9503 
