-91.0313	-2.4082	978137.7	NaN	NaN	2976.184	0	5.3745600487
-91.0409	-2.4081	978138	-87.4	8.8	2982.244	0.05	5.9675018803
-91.0507	-2.4079	978138.7	-87.6	9.3	3000.314	0.1	6.69199496623
-91.0605	-2.4077	978139.4	-87.6	10	3002.9	0.15	7.31687164956
-91.0703	-2.4075	978139.3	-87.5	10	3020.314	0.2	7.70274513973
-91.08	-2.4073	978138.1	-86.8	9.5	3080.691	0.25	7.82713503403
-91.0897	-2.4071	978137.2	-86.2	9.2	3123.928	0.3	7.67619846186
-91.0994	-2.407	978135.9	-86.5	7.6	3088.259	0.35	7.05320364929
-91.1091	-2.4068	978135.8	-86.2	7.9	3074.533	0.4	6.16102823288
-91.1187	-2.4067	978135.4	-85.9	7.7	3076.581	0.45	5.19292755663
-91.1283	-2.4065	978135	-86	7.2	3088.486	0.5	4.37297965134
-91.1379	-2.4064	978134.4	-85.9	6.7	3077.573	0.55	3.79250580719
-91.1476	-2.4062	978134.3	-86.2	6.4	3084.086	0.6	3.41434977346
-91.1572	-2.4061	978134.7	-85.9	7	3086.436	0.65	3.1977403558
-91.1668	-2.4059	978134.7	-85.8	7.2	3093.006	0.7	2.9424438686
-91.1764	-2.4058	978134.9	-86.5	6.6	3120.386	0.75	2.76674252516
-91.1862	-2.4057	978135.4	-86.9	6.7	3127.807	0.8	2.75793488286
-91.1959	-2.4056	978135.2	-86.9	6.5	3132.722	0.85	2.83028313395
-91.2056	-2.4056	978135.1	-86.7	6.6	3152.025	0.9	2.96711694824
-91.2153	-2.4056	978134.3	-86.5	6.1	3164.134	0.95	3.09966960606
-91.225	-2.4055	978134.6	-86.7	6.1	3156.64	1	3.20447925195
-91.2347	-2.4055	978135	-87	6.3	3179.213	1.05	3.21502016561
-91.2445	-2.4054	978134.7	-87.1	5.8	3157.846	1.1	3.15614421794
-91.2542	-2.4054	978135.2	-86.7	6.7	3115.544	1.15	3.02107131518
-91.2639	-2.4053	978135.2	-86.3	7.2	3140.418	1.2	3.02672263513
-91.2736	-2.4053	978134.6	-86.5	6.3	3146.232	1.25	3.15291404201
-91.2833	-2.4052	978134.1	-86.4	5.9	3153.274	1.3	3.26572529443
-91.2929	-2.4052	978133.6	-86.2	5.6	3169.162	1.35	3.34302301362
-91.3026	-2.4051	978133	-86	5.2	3178.982	1.4	3.34072182141
-91.3122	-2.4051	978132.4	-86	4.6	3183.517	1.45	3.22145277084
-91.3218	-2.405	978132.8	-86	5.1	3185.493	1.5	2.96414957502
-91.3314	-2.4049	978131.7	-85.6	4.3	3199.855	1.55	2.67876089392
-91.341	-2.4049	978131.4	-85.4	4.2	3222.789	1.6	2.29824998712
-91.3506	-2.4049	978131.4	-85.1	4.6	3223.892	1.65	1.60504097837
-91.36	-2.4047	978131.3	-84.6	4.9	3235.268	1.7	0.712961388904
-91.3695	-2.4044	978130.9	-85.1	4.1	3236.988	1.75	-0.380418475105
-91.3791	-2.404	978131.4	-85.6	4	3193.216	1.8	-1.48111095016
-91.3887	-2.4037	978131	-85.5	3.8	3203.241	1.85	-2.52360136406
-91.3983	-2.4033	978130.5	-85.8	2.9	3191.609	1.9	-2.88415834828
-91.4079	-2.403	978130.1	-85.3	3.1	3229.013	1.95	-2.72609404935
-91.4174	-2.4027	978129.6	-85.3	2.5	3232.993	2	-2.25985506532
-91.4269	-2.4024	978129.1	-85.8	1.5	3214.234	2.05	-1.72777930814
-91.4366	-2.4022	978129.9	-86.2	1.9	3206.247	2.1	-1.31234764605
-91.4462	-2.4019	978130.2	-86.4	2.1	3217.525	2.15	-1.0262637919
-91.4559	-2.4017	978130.3	-86.4	2.2	3215.096	2.2	-0.873527349008
-91.4656	-2.4014	978130	-85.9	2.3	3227.513	2.25	-1.01484851907
-91.4752	-2.4013	978129.2	-86	1.5	3291.888	2.3	-1.26255349119
-91.4849	-2.4011	978129	-86.6	0.7	3282.81	2.35	-1.37133085728
-91.4946	-2.4009	978129.5	-87.2	0.5	3254.622	2.4	-1.35139824896
-91.5044	-2.4006	978130.1	-87.1	1.2	3247.738	2.45	-1.16705153281
-91.5141	-2.4003	978129.9	-87.1	1.1	3217.777	2.5	-1.07838315338
-91.5239	-2.4002	978130.4	-87.3	1.3	3228.22	2.55	-1.12297611449
-91.5336	-2.4002	978130.7	-86.9	2.1	3250.39	2.6	-1.46830813529
-91.5433	-2.4001	978129.2	-86.3	1.2	3266.133	2.65	-1.94396422982
-91.553	-2.4	978128.4	-86.6	0.1	3311.527	2.7	-2.47077060193
-91.5627	-2.3999	978128.4	-87	-0.4	3309.73	2.75	-2.75461649102
-91.5725	-2.3998	978129.2	-87.7	-0.2	3296.199	2.8	-2.74064804117
-91.5823	-2.3996	978130.1	-87.9	0.4	3293.143	2.85	-2.4597329021
-91.5922	-2.3993	978129.9	-88.3	-0.1	3275.967	2.9	-2.08336853531
-91.6021	-2.3991	978130.6	-88.8	0	3282.909	2.95	-1.90735643002
-91.6121	-2.3988	978130.9	-89.1	0.1	3303.111	3	-1.95170526592
-91.6221	-2.3985	978131.2	-89.2	0.2	3301.939	3.05	-2.23008012009
-91.6321	-2.3983	978131.2	-89.1	0.4	3281.305	3.1	-2.88170078094
-91.642	-2.3982	978130.7	-88.9	0.1	3284.992	3.15	-3.77410532541
-91.652	-2.3981	978129.2	-88.2	-0.7	3328.529	3.2	-4.68886884996
-91.6618	-2.398	978128.1	-88.2	-1.9	3343.468	3.25	-5.67886661711
-91.6717	-2.3979	978127.8	-88.5	-2.5	3359.199	3.3	-6.79177516248
-91.6816	-2.3977	978127.5	-88.6	-2.8	3361.466	3.35	-7.78950598533
-91.6916	-2.3975	978127.6	-88.2	-2.4	3357.749	3.4	-8.67634670046
-91.7014	-2.3974	978126.3	-87.9	-3.2	3369.372	3.45	-9.42712251493
-91.7113	-2.3973	978125.7	-88	-4	3340.992	3.5	-9.93762428742
-91.7211	-2.3973	978125.8	-87.9	-3.8	3317.794	3.55	-10.1368814959
-91.7309	-2.3971	978125.1	-88.3	-4.9	3369.492	3.6	-9.86364585659
-91.7408	-2.3969	978125	-88.3	-5	3405.502	3.65	-9.21730085183
-91.7507	-2.3967	978124.6	-88.5	-5.6	3408.344	3.7	-8.63750033333
-91.7607	-2.3966	978125.2	-89	-5.6	3416.294	3.75	-8.19217929032
-91.7707	-2.3964	978125.6	-89.6	-5.8	3423.48	3.8	-8.01685516736
-91.7807	-2.3962	978126	-90	-5.7	3408.319	3.85	-8.01539182881
-91.7908	-2.3961	978126.7	-89.9	-4.8	3351.366	3.9	-8.15651778728
-91.8009	-2.396	978127.1	-89.9	-4.6	3339.6	3.95	-8.31378947063
-91.811	-2.3958	978127.1	-90	-4.6	3335.147	4	-8.54997838146
-91.821	-2.3956	978126.7	-90.2	-5.3	3343.273	4.05	-8.89760917851
-91.8312	-2.3955	978126.5	-87.9	-3.1	3360.085	4.1	-9.396110371
-91.8404	-2.3954	978121	-64.3	15	3370.981	4.15	-9.94249176395
-91.8455	-2.3954	978090.5	-35.8	13	3382.111	4.2	-10.2647616033
-91.8486	-2.3956	978067	-27.4	-2.1	3395.034	4.25	-10.48501189
-91.8517	-2.3959	978063.6	-39.8	-18	3304.271	4.3	-10.7038621351
-91.8579	-2.3959	978084.1	-66.2	-23.8	1139.254	4.35	-11.0583297409
-91.8662	-2.3958	978106.5	-75.8	-11	-99	4.4	-11.3936645911
-91.8748	-2.3957	978111.3	-76.2	-6.6	-99	4.45	-11.5717635629
-91.8832	-2.3956	978110.5	-69.4	-0.6	-99	4.5	-11.4878748419
-91.89	-2.3959	978099.1	-50	7.5	-99	4.55	-11.2996959266
-91.8941	-2.3953	978076.6	-12.6	22.3	-99	4.6	-11.2018745957
-91.8939	-2.3943	978042	6.6	6.9	-99	4.65	-11.2367719611
-91.8937	-2.3943	978031.5	-0.4	-10.5	-99	4.7	-11.2425816127
-91.8937	-2.3944	978034.6	-0.1	-7.2	-99	4.75	-11.239671471
-91.8937	-2.3943	978034.2	-0.1	-7.7	-99	4.8	-11.2425816127
-91.8936	-2.3944	978033.8	-0.1	-8	-99	4.85	-11.2425576934
-91.8936	-2.3944	978034.2	-0.1	-7.6	-99	4.9	-11.2425576934
-91.8936	-2.3944	978034.3	-0	-7.4	-99	4.95	-11.2425576934
-91.8936	-2.3944	978034	-0.1	-7.8	-99	5	-11.2425576934
-91.8936	-2.3944	978034.3	-0.2	-7.5	-99	5.05	-11.2425576934
-91.8936	-2.3944	978034.4	-0.3	-7.6	-99	5.1	-11.2425576934
-91.8936	-2.3944	978034.5	-0.4	-7.6	-99	5.15	-11.2425576934
-91.8936	-2.3944	978034.3	-0.2	-7.5	-99	5.2	-11.2425576934
-91.8936	-2.3944	978034.7	-0.1	-7.1	-99	5.25	-11.2425576934
-91.8936	-2.3944	978034.6	-0.1	-7.2	-99	5.3	-11.2425576934
-91.8936	-2.3944	978034.4	-0.2	-7.5	-99	5.35	-11.2425576934
-91.8936	-2.3944	978034.6	-0.2	-7.2	-99	5.4	-11.2425576934
-91.8936	-2.3944	978034.7	-0.2	-7.2	-99	5.45	-11.2425576934
-91.8936	-2.3944	978034.4	-0.1	-7.3	-99	5.5	-11.2425576934
-91.8936	-2.3944	978033.9	-0.1	-7.9	-99	5.55	-11.2425576934
-91.8936	-2.3944	978034.4	-0.1	-7.3	-99	5.6	-11.2425576934
-91.8936	-2.3944	978034.5	-0.1	-7.4	-99	5.65	-11.2425576934
-91.8936	-2.3944	978034.3	-0.1	-7.6	-99	5.7	-11.2425576934
-91.8936	-2.3944	978034.2	-0.2	-7.7	-99	5.75	-11.2425576934
-91.8936	-2.3944	978034.4	-0.2	-7.5	-99	5.8	-11.2425576934
-91.8936	-2.3944	978034.6	-0.3	-7.4	-99	5.85	-11.2425576934
-91.8936	-2.3944	978034.4	-0.2	-7.5	-99	5.9	-11.2425576934
-91.8936	-2.3944	978034.2	-0.2	-7.6	-99	5.95	-11.2425576934
-91.8936	-2.3944	978034.4	-0.1	-7.4	-99	6	-11.2425576934
-91.8936	-2.3944	978034.5	-0.2	-7.4	-99	6.05	-11.2425576934
-91.8936	-2.3943	978034.9	-0.6	-7.5	-99	6.1	-11.2454648901
-91.8937	-2.3944	978034.9	3.2	-3.6	-99	6.15	-11.239671471
-91.8932	-2.3949	978031.1	5.5	-5.1	-99	6.2	-11.2395619559
-91.8927	-2.3954	978029.5	3	-9.2	-99	6.25	-11.239435948
-91.8933	-2.3958	978037.6	-11	-15.1	-99	6.3	-11.2110895774
-91.8948	-2.3957	978046.1	-10.5	-6.1	-99	6.35	-11.1691330803
-91.8956	-2.3955	978042.7	-5.9	-4.9	-99	6.4	-11.1499853251
-91.8961	-2.3948	978039.2	-4.2	-6.7	1657.472	6.45	-11.1545831977
-91.8959	-2.394	978035.3	7	0.6	3320.799	6.5	-11.1845289643
-91.8947	-2.3917	978024.7	8.5	-8.5	3265.934	6.55	-11.290008976
-91.8943	-2.3883	978028.8	-1.2	-14	3459.643	6.6	-11.4147642772
-91.8948	-2.3834	978037.3	-2.7	-7	3451.804	6.65	-11.5796630304
-91.8949	-2.3753	978035.5	0.2	-5.9	3445.881	6.7	-11.8403330369
-91.8948	-2.3666	978033.7	1.3	-6.4	3433.321	6.75	-11.9956867383
-91.8947	-2.3578	978032.6	2.1	-6.6	3426.857	6.8	-12.1013410069
-91.8945	-2.3491	978032.2	-2.2	-11.3	3423.038	6.85	-12.2123010843
-91.8953	-2.3403	978038.9	-8	-10.4	3410.245	6.9	-12.2770839389
-91.8962	-2.3313	978041.8	-5.5	-5	3375.627	6.95	-12.3532634243
-91.8968	-2.3224	978039.2	-4.8	-6.7	3364.131	7	-12.3030173483
-91.8973	-2.3135	978039.4	-4.6	-6.3	3365.82	7.05	-12.0848956881
-91.8979	-2.3046	978039.5	-4.5	-6.1	3365.759	7.1	-11.6980966748
-91.8984	-2.2956	978039.2	-4.5	-6.3	3362.394	7.15	-11.1283482281
-91.899	-2.2868	978039.6	-5.4	-6.7	3366.036	7.2	-10.5595680101
-91.8997	-2.2779	978040.7	-5.7	-5.8	3364.227	7.25	-9.99036942301
-91.9003	-2.269	978040.3	-5.1	-5.5	3361.69	7.3	-9.5498799667
-91.9009	-2.2602	978039.6	-4.9	-6	3386.407	7.35	-9.22476667356
-91.9015	-2.2514	978039.4	-5.3	-6.6	3403.808	7.4	-9.09395991198
-91.9022	-2.2426	978039.7	-5.3	-6.3	3404.374	7.45	-9.09973613085
-91.9028	-2.2337	978039.6	-5.3	-6.2	3405.231	7.5	-9.11553562636
-91.9034	-2.2249	978039.3	-6	-7.1	3401.694	7.55	-9.16852185148
-91.9042	-2.2162	978040.3	0.6	0.5	3274.155	7.6	-9.24350330556
-91.9024	-2.2086	978027.5	41.4	28.6	3177.196	7.65	-9.54932737013
-91.8967	-2.203	977987.1	54.1	0.9	3407.88	7.7	-10.0745874406
-91.8907	-2.1979	977979.6	54.9	-5.8	3410.643	7.75	-10.4403552245
-91.8846	-2.1927	977979.5	55.2	-5.6	3401.598	7.8	-10.7557907168
-91.8785	-2.1875	977978.7	55.7	-5.7	3395.092	7.85	-11.1212841994
-91.8723	-2.1824	977978.4	56.1	-5.6	3383.437	7.9	-11.4650934532
-91.8662	-2.1773	977978.5	56.1	-5.5	3366.158	7.95	-11.6851542842
-91.86	-2.1721	977978.9	56	-5.2	3367.21	8	-11.7170569275
-91.8538	-2.1669	977978.7	55.9	-5.4	3367.776	8.05	-11.5546502062
-91.8477	-2.1618	977978.7	55.5	-5.9	3368.268	8.1	-11.1351500913
-91.8416	-2.1567	977979.6	55	-5.4	3362.267	8.15	-10.5420321444
-91.8356	-2.1515	977980.4	54.6	-5	3351.372	8.2	-9.83488128283
-91.8296	-2.1464	977980.3	55.1	-4.5	3345.328	8.25	-9.11863963774
-91.8235	-2.1415	977980	55.3	-4.7	3326.595	8.3	-8.57582035125
-91.8174	-2.1365	977980	55.5	-4.4	3316.429	8.35	-8.2274965423
-91.8113	-2.1317	977979.8	55.1	-4.9	3308.824	8.4	-7.97587984149
-91.8053	-2.1268	977980.3	55.1	-4.5	3312.645	8.45	-7.80145102943
-91.7992	-2.1219	977980	55.3	-4.4	3316.658	8.5	-7.83533137649
-91.7931	-2.117	977979.9	55.2	-4.6	3320.388	8.55	-7.88066767511
-91.787	-2.1119	977980.1	55.6	-4	3335.84	8.6	-7.89684460929
-91.7809	-2.1069	977979.6	55.6	-4.5	3339.381	8.65	-8.00106252662
-91.7747	-2.1019	977979.3	55.7	-4.6	3357.508	8.7	-8.09624544741
-91.7686	-2.0968	977978.7	55.8	-5.1	3358.839	8.75	-8.07580801228
-91.7625	-2.0917	977979.2	55.2	-5.2	3340.359	8.8	-7.98134266834
-91.7565	-2.0866	977980.3	54.7	-4.5	3330.251	8.85	-7.85959807133
-91.7504	-2.0816	977980	55.5	-4	3326.463	8.9	-7.66700150469
-91.7442	-2.0765	977978.8	56.4	-4.3	3324.201	8.95	-7.34318834196
-91.738	-2.0714	977978	56.6	-4.8	3329.526	9	-6.98227351905
-91.7318	-2.0663	977977.7	56.3	-5.4	3346.669	9.05	-6.61229074796
-91.7256	-2.0613	977978	56.3	-5	3329.808	9.1	-6.27366720211
-91.7194	-2.0562	977978	55.9	-5.4	3281.84	9.15	-6.04391994521
-91.7133	-2.051	977978.2	55.5	-5.5	3292.041	9.2	-5.9825539515
-91.7072	-2.0458	977978.7	54.9	-5.7	3336.021	9.25	-6.05982910992
-91.7012	-2.0406	977979.3	55.1	-4.9	3360.845	9.3	-6.16099088187
-91.6951	-2.0356	977978.9	56.4	-3.9	3348.735	9.35	-6.22265178705
-91.6886	-2.0312	977977.1	64.7	2.7	3302.113	9.4	-6.19773347709
-91.6812	-2.0292	977969	67.9	-2.3	3271.592	9.45	-6.08583055466
-91.6736	-2.0272	977965.7	68.4	-5	3263.98	9.5	-5.93785540286
-91.666	-2.0253	977965.2	69	-4.9	3263.179	9.55	-5.78657753915
-91.6584	-2.0234	977965.2	69.1	-4.8	3263.274	9.6	-5.6997317094
-91.6508	-2.0216	977965.7	69.1	-4.3	3266.191	9.65	-5.84329233384
-91.6431	-2.0196	977966.1	69.4	-3.5	3265.743	9.7	-6.09832145768
-91.6354	-2.0178	977965.8	70.1	-3.2	3267.019	9.75	-6.33934088722
-91.6277	-2.0158	977965.6	69.7	-3.8	3264.294	9.8	-6.57188442269
-91.62	-2.0139	977966.5	69.4	-3.2	3257.574	9.85	-6.61912393735
-91.6123	-2.0119	977966.6	68.9	-3.5	3246.84	9.9	-6.46470100186
-91.6048	-2.01	977967.2	67.9	-3.9	3244.239	9.95	-6.27273801271
-91.5973	-2.008	977968.2	67.3	-3.5	3247.229	10	-6.0240845161
-91.5899	-2.0062	977968.1	67	-4	3237.903	10.05	-5.94777470128
-91.5825	-2.0043	977968.3	67.2	-3.4	3232.374	10.1	-6.07445041452
-91.575	-2.0025	977967.7	68.1	-3.2	3233.401	10.15	-6.34670993232
-91.5674	-2.0008	977966.5	69.1	-3.3	3248.536	10.2	-6.81140073994
-91.5598	-1.999	977965.8	69.2	-3.9	3283.449	10.25	-7.37312802391
-91.5521	-1.9973	977965.8	68.8	-4.4	3284.73	10.3	-7.9163614273
-91.5446	-1.9955	977966	68.3	-4.6	3284.486	10.35	-8.44190154105
-91.537	-1.9937	977966.3	67.8	-4.8	3276.52	10.4	-8.91319818399
-91.5296	-1.9917	977966.6	67.8	-4.5	3267.51	10.45	-9.34355538823
-91.522	-1.9898	977966.3	68	-4.6	3238.217	10.5	-9.76395587563
-91.5145	-1.9879	977965.7	68.5	-4.7	3212.043	10.55	-10.1550817177
-91.5069	-1.986	977964.7	69.1	-5.2	3220.558	10.6	-10.5024597512
-91.4993	-1.9841	977963.9	69.1	-5.8	3257.409	10.65	-10.7645946332
-91.4917	-1.9822	977963.7	68.5	-6.6	3291.491	10.7	-10.8908559605
-91.4841	-1.9803	977964.5	68.1	-6.3	3279.972	10.75	-10.8437037552
-91.4766	-1.9785	977964.2	68.9	-5.7	3281.427	10.8	-10.6962036438
-91.4689	-1.9766	977963.8	69.2	-5.8	3280.817	10.85	-10.5111892942
-91.4613	-1.9747	977963.9	69.4	-5.5	1981.687	10.9	-10.2801091662
-91.4536	-1.9728	977963.8	69.5	-5.5	-26.309	10.95	-10.0997050987
-91.4459	-1.9709	977963.8	69.9	-5.1	-99	11	-9.95596281543
-91.4381	-1.969	977962.9	70.5	-5.4	-99	11.05	-9.7668840485
-91.4304	-1.9671	977963.3	70.1	-5.4	-99	11.1	-9.56874182156
-91.4226	-1.9653	977963.8	70.2	-4.8	-99	11.15	-9.32302074231
-91.4148	-1.9634	977963.8	70.5	-4.4	-99	11.2	-9.02985691665
-91.407	-1.9616	977963.8	68.2	-6.8	-99	11.25	-8.78329549451
-91.4002	-1.96	977972.6	42.7	-23.5	-99	11.3	-8.58637095604
-91.3975	-1.9594	978004	17.6	-17.1	-99	11.35	-8.5103658914
-91.396	-1.9589	978020.8	13.6	-4.3	-99	11.4	-8.47868179028
-91.3944	-1.9585	978022.3	14.3	-2.1	-99	11.45	-8.44336288014
-91.3928	-1.958	978021.5	15.3	-1.9	-99	11.5	-8.417665449
-91.3909	-1.9575	978019.1	28.8	9.2	-99	11.55	-8.3923376789
-91.3863	-1.9563	978000.4	51.1	12.8	-99	11.6	-8.37303625938
-91.3798	-1.9547	977980.8	60.5	2.6	-99	11.65	-8.41188771725
-91.373	-1.953	977975.1	61.6	-1.9	-99	11.7	-8.47887314623
-91.3662	-1.9513	977975.7	50.7	-12.3	-99	11.75	-8.59964082793
-91.3625	-1.9501	977997.3	6.8	-34.5	-99	11.8	-8.65673287843
-91.3628	-1.9499	978033.9	-8.7	-13.5	-99	11.85	-8.67451724819
-91.3639	-1.95	978046.3	-9.8	-2.2	-99	11.9	-8.67852112229
-91.3648	-1.9499	978045.7	-1.6	5.5	-99	11.95	-8.6909935094
-91.3647	-1.9499	978037.5	-0.3	-1.4	-99	12	-8.69050630297
-91.3647	-1.9497	978036.5	-0.2	-2.4	-99	12.05	-8.70421350386
-91.3647	-1.9496	978036.4	-0.4	-2.6	-99	12.1	-8.71106625273
-91.3647	-1.9494	978036.5	-0.6	-2.7	-99	12.15	-8.72476955055
-91.3647	-1.9493	978036.4	-0.5	-2.7	-99	12.2	-8.73161990079
-91.3647	-1.9492	978036.4	-0.3	-2.6	-99	12.25	-8.73846925276
-91.3647	-1.9493	978036.5	-0.5	-2.6	-99	12.3	-8.73161990079
-91.3647	-1.9493	978037	-0.5	-2.2	-99	12.35	-8.73161990079
-91.3647	-1.9494	978036.9	-0.5	-2.2	-99	12.4	-8.72476955055
-91.3647	-1.9495	978036.5	-0.2	-2.4	-99	12.45	-8.71791830141
-91.3647	-1.9495	978036.4	-0.3	-2.5	-99	12.5	-8.71791830141
-91.3647	-1.9496	978036.7	-0.4	-2.4	-99	12.55	-8.71106625273
-91.3648	-1.9497	978036.9	-0.3	-2.1	-99	12.6	-8.70469247176
-91.3648	-1.9497	978036.6	-0.2	-2.3	-99	12.65	-8.70469247176
-91.3648	-1.9498	978036.9	-0.3	-2	-99	12.7	-8.69784324179
-91.3648	-1.9498	978036.4	-0.2	-2.4	-99	12.75	-8.69784324179
-91.3648	-1.9499	978036.3	-0.3	-2.6	-99	12.8	-8.6909935094
-91.3648	-1.9499	978036.5	-0.2	-2.4	-99	12.85	-8.6909935094
-91.3648	-1.95	978037.3	-0.3	-1.7	-99	12.9	-8.68414337603
-91.3648	-1.95	978037	-0.3	-2	-99	12.95	-8.68414337603
-91.3648	-1.9499	978036.5	-0.4	-2.6	-99	13	-8.6909935094
-91.3648	-1.9499	978036.4	3.1	0.8	-99	13.05	-8.6909935094
-91.3637	-1.9506	978029.4	14.9	5.6	-99	13.1	-8.63547762978
-91.3622	-1.9514	978023	8.4	-7.3	-99	13.15	-8.56156451082
-91.3622	-1.9518	978035	-7.3	-11	-99	13.2	-8.53361380985
-91.3631	-1.9524	978042.8	-6.3	-2.2	-99	13.25	-8.50471817957
-91.3636	-1.953	978041.5	-7.2	-4.4	-99	13.3	-8.46904883799
-91.3648	-1.9541	978046	-20.6	-13.3	-99	13.35	-8.40419438111
-91.3678	-1.9544	978060.6	-24.3	-2.4	557.147	13.4	-8.39234356405
-91.3702	-1.9545	978059.5	-20.3	0.5	2863.258	13.45	-8.38337930018
-91.3724	-1.9545	978057.4	-29.8	-11.1	3176.028	13.5	-8.38302296121
-91.3773	-1.9544	978075.4	-60.9	-24.2	3177.93	13.55	-8.41748569629
-91.3857	-1.9536	978106.3	-80.2	-12.6	3186.47	13.6	-8.48862716555
-91.395	-1.9524	978118.2	-83.2	-3.7	3208.235	13.65	-8.68394935354
-91.4043	-1.9513	978118.9	-83.6	-3.4	3225.394	13.7	-9.04474145157
-91.4137	-1.9501	978118.6	-83.6	-3.7	3230.517	13.75	-9.42164774926
-91.4231	-1.949	978117.7	-84.3	-5.2	3234.59	13.8	-9.79716848514
-91.4325	-1.9483	978117.7	-84.5	-5.4	3222.478	13.85	-10.0309270166
-91.442	-1.9478	978116.9	-84.2	-5.9	3219.744	13.9	-10.1759947459
-91.4514	-1.9473	978117	-84.2	-5.9	3230.147	13.95	-10.2576793729
-91.4608	-1.9467	978116.7	-84.1	-6	3232.681	14	-10.3518140527
-91.4702	-1.9462	978116.3	-84.2	-6.5	3252.095	14.05	-10.5059050334
-91.4796	-1.9458	978116.2	-84.6	-7	3261.906	14.1	-10.7459621071
-91.4891	-1.9454	978117.2	-84.9	-6.4	3271.067	14.15	-11.0757446545
-91.4986	-1.945	978116.9	-84.9	-6.6	3253.412	14.2	-11.3244028752
-91.5082	-1.9447	978116.9	-85.2	-6.9	3251.998	14.25	-11.419473663
-91.5177	-1.9444	978117.3	-84.7	-6	3269.953	14.3	-11.1520716398
-91.5271	-1.9441	978117.2	-84	-5.4	3240.675	14.35	-10.5847516006
-91.5365	-1.9438	978117.2	-84	-5.4	3222.421	14.4	-9.68140758095
-91.5459	-1.9435	978117.4	-83.8	-5	3220.472	14.45	-8.62448612828
-91.5553	-1.9431	978117.6	-84.3	-5.2	3195.692	14.5	-7.45975119825
-91.5647	-1.9426	978118.1	-84	-4.5	3199.941	14.55	-6.51010482848
-91.5741	-1.9422	978118.5	-83.8	-3.9	3224.857	14.6	-5.80230227915
-91.5834	-1.9417	978119.1	-83.6	-3.1	3216.102	14.65	-5.56069432311
-91.5928	-1.9413	978119	-84	-3.6	3222.689	14.7	-5.60072212855
-91.6022	-1.9409	978119.8	-85	-3.7	3205.007	14.75	-5.85604393268
-91.6118	-1.9405	978120.8	-85.3	-3	3220.021	14.8	-6.04200210637
-91.6213	-1.9401	978121.6	-85.6	-2.6	3204.951	14.85	-6.0615398861
-91.6309	-1.9397	978122.2	-85.6	-1.9	3189.921	14.9	-5.93720549353
-91.6405	-1.9394	978122.1	-84.9	-1.4	3200.481	14.95	-5.65176921451
-91.6499	-1.939	978122.1	-84.9	-1.3	3219.33	15	-5.1161514931
-91.6594	-1.9386	978122	-84.9	-1.5	3207.489	15.05	-4.53649082257
-91.669	-1.9383	978122.3	-85.3	-1.7	3216.679	15.1	-4.11623736708
-91.6785	-1.9381	978123.1	-85.3	-0.8	3245.161	15.15	-3.83293656048
-91.688	-1.9378	978123.3	-85.3	-0.6	3221.688	15.2	-3.68638664372
-91.6976	-1.9376	978123.3	-85.6	-0.9	3221.406	15.25	-3.78042013779
-91.7072	-1.9373	978123.3	-85.6	-0.9	3224.095	15.3	-4.11721605427
-91.7168	-1.9369	978123.5	-86	-1.1	3231.376	15.35	-4.77460315021
-91.7264	-1.9365	978123.9	-85.8	-0.5	3244.916	15.4	-5.69216549518
-91.736	-1.9361	978123.4	-86.1	-1.2	3272.999	15.45	-6.90949257293
-91.7456	-1.9357	978123.7	-85.8	-0.6	3242.445	15.5	-7.88305621236
-91.7552	-1.9353	978123.6	-86	-0.9	3240.98	15.55	-8.48196276995
-91.7649	-1.9349	978123.8	-86	-0.7	3260.365	15.6	-8.39743456211
-91.7745	-1.9345	978124.4	-86.4	-0.5	3247.834	15.65	-7.74618894522
-91.7842	-1.9341	978124.6	-86.3	-0.2	3239.418	15.7	-6.62869336645
-91.7938	-1.9337	978124.5	-86.5	-0.5	3234.237	15.75	-5.54653775098
-91.8035	-1.9333	978124.6	-86.5	-0.5	3238.812	15.8	-4.83280493788
-91.8132	-1.9329	978124.9	-86.8	-0.4	3241.089	15.85	-4.50616695397
-91.8229	-1.9325	978125.2	-86.4	0.3	3244.737	15.9	-4.56859887453
-91.8325	-1.932	978125	-86	0.5	3258.04	15.95	-4.93281108905
-91.8422	-1.9315	978124.5	-85.5	0.5	3274.484	16	-5.47254132699
-91.8517	-1.931	978123.3	-85.2	-0.5	3281.512	16.05	-5.97305674354
-91.8612	-1.9305	978122.9	-84.8	-0.5	3300.897	16.1	-6.33294792382
-91.8707	-1.9301	978122.5	-84.7	-0.7	3308.722	16.15	-6.4859548321
-91.8802	-1.9298	978122.5	-84.9	-0.9	3311.449	16.2	-6.43446910809
-91.8897	-1.9295	978122	-85.2	-1.7	3305.141	16.25	-6.19631415244
-91.8992	-1.9293	978122.9	-85.6	-1.3	3296.072	16.3	-5.90813435765
-91.9088	-1.9291	978123.1	-86	-1.5	3294.064	16.35	-5.50605196488
-91.9185	-1.9289	978124.1	-86.2	-0.7	3291.989	16.4	-4.89032992245
-91.9281	-1.9287	978124.3	-86.1	-0.3	3286.565	16.45	-4.23957141247
-91.9378	-1.9285	978124.5	-86.1	-0.1	3281.856	16.5	-3.58230520231
-91.9474	-1.9281	978124.7	-85.8	0.4	3266.466	16.55	-3.23134229979
-91.957	-1.9278	978124.8	-85.6	0.6	3250.706	16.6	-3.17303847125
-91.9665	-1.9275	978124.9	-85.3	1.1	3239.967	16.65	-3.45208234656
-91.976	-1.9271	978124.6	-85.1	1	3261.368	16.7	-3.80572563687
-91.9856	-1.9267	978124.4	-85.3	0.6	3318.718	16.75	-4.02010032256
-91.9951	-1.9262	978124.5	-85.4	0.6	3350.529	16.8	-3.80713215049
-92.0047	-1.9258	978124.4	-85.5	0.3	3313.111	16.85	-3.02870559394
-92.0142	-1.9252	978124.5	-85.2	0.9	3304.7	16.9	-2.33512653221
-92.0238	-1.9247	978124.5	-85.3	0.7	3293.451	16.95	-1.80741648677
-92.0333	-1.9243	978125.2	-85.7	1	3295.467	17	-1.97115940812
-92.0429	-1.9238	978125.7	-85.8	1.5	3311.619	17.05	-2.47575963681
-92.0525	-1.9234	978125.5	-86	1	3337.133	17.1	-3.11192576094
-92.0622	-1.923	978125.7	-86.1	1.1	3345.001	17.15	-3.53243207363
-92.0718	-1.9227	978125.5	-86	1.1	3343.82	17.2	-3.62688730472
-92.0814	-1.9223	978125.7	-85.9	1.3	3333.465	17.25	-3.36927798356
-92.091	-1.922	978125.8	-85.8	1.5	3307.232	17.3	-2.85891384216
-92.1006	-1.9218	978126.3	-85.6	2.2	3315.268	17.35	-2.3069176149
-92.1102	-1.9216	978126.2	-85.7	2	3321.382	17.4	-1.76359197381
-92.1198	-1.9214	978127.1	-86	2.6	3271.059	17.45	-1.2938810607
-92.1294	-1.9212	978127.5	-86	3	3245.805	17.5	-0.910802300729
-92.139	-1.9208	978127.9	-85.8	3.5	3253.727	17.55	-0.640611178026
-92.1486	-1.9204	978128.2	-85.8	3.9	3247.609	17.6	-0.809821971761
-92.1583	-1.9201	978128.4	-86	4	3283.99	17.65	-1.31670824819
-92.1679	-1.9198	978128.4	-86.3	3.6	3299.649	17.7	-2.07575165886
-92.1776	-1.9195	978128.7	-86.5	3.8	3314.077	17.75	-2.86653254166
-92.1872	-1.9192	978128.9	-86.3	4.1	3324.124	17.8	-3.5922646596
-92.1969	-1.9188	978128.6	-86.4	3.7	3312.897	17.85	-3.69802283352
-92.2066	-1.9184	978128.7	-86.5	3.8	3296.665	17.9	-3.1984322406
-92.2163	-1.9181	978129	-86.6	4	3300.501	17.95	-2.4158306155
-92.2259	-1.9177	978129.1	-86.7	4	3309.02	18	-1.53656193214
-92.2356	-1.9174	978128.9	-86.6	3.8	3317.257	18.05	-0.777495444155
-92.2453	-1.9171	978128.8	-86.9	3.5	3305.316	18.1	-0.197990200013
-92.2551	-1.9166	978129.5	-87	4	3310.736	18.15	0.164091003617
-92.2648	-1.9162	978129.5	-87.2	3.9	3292.961	18.2	0.362389506268
-92.2746	-1.9157	978129.9	-87.2	4.3	3278.122	18.25	0.357358696053
-92.2843	-1.9153	978129.3	-87	3.8	3280.107	18.3	0.0826312629814
-92.2941	-1.9151	978128.6	-87	3.1	3294.292	18.35	-0.434850073967
-92.3038	-1.9148	978128.3	-87.4	2.4	3305.301	18.4	-1.23947745938
-92.3136	-1.9145	978129.1	-87.7	3	3313.455	18.45	-1.87653005388
-92.3234	-1.9142	978129	-87.9	2.7	3324.53	18.5	-2.28281041198
-92.3333	-1.914	978128.9	-88	2.4	3337.143	18.55	-2.36554545398
-92.3431	-1.9138	978128.4	-87.8	2.1	3340.09	18.6	-2.24478569536
-92.353	-1.9136	978128	-87.8	1.8	3355.419	18.65	-1.9656936937
-92.3627	-1.9133	978127.1	-72.8	15.8	3366.546	18.7	-1.83768500194
-92.3689	-1.9133	978104.1	-46.8	18.9	3339.58	18.75	-1.85738090266
-92.3735	-1.9133	978083.5	-41.2	3.9	3317.119	18.8	-1.91216259796
-92.3783	-1.913	978082.8	-56	-11.7	3312.818	18.85	-2.01335087464
-92.3863	-1.9126	978105.4	-81.7	-14.7	3314.307	18.9	-2.26032094601
-92.3961	-1.9124	978125.3	-86.2	0.7	2666.123	18.95	-2.58805682308
-92.4055	-1.9119	978124.6	-80.6	5.5	256.941	19	-2.92810107294
-92.4142	-1.9119	978117.5	-69.8	9.2	-99	19.05	-3.31001088167
-92.4207	-1.9125	978102.7	-36	28.2	-99	19.1	-3.64057248864
-92.4221	-1.9116	978063.5	-8.4	16.7	-99	19.15	-3.70033545854
-92.4228	-1.9115	978044.9	-4.8	1.7	-99	19.2	-3.73539807471
-92.423	-1.9116	978041.9	-0.5	3	-99	19.25	-3.74741640515
-92.423	-1.9116	978038.5	1.6	1.7	-99	19.3	-3.74741640515
-92.4225	-1.9116	978035.3	4.9	1.8	-99	19.35	-3.72121149206
-92.4219	-1.9117	978033.6	5.1	0.3	-99	19.4	-3.69141797059
-92.4215	-1.9115	978034.2	1.1	-3.1	-99	19.45	-3.66768396283
-92.4215	-1.9114	978037.9	-0.4	-0.9	-99	19.5	-3.66618605614
-92.4215	-1.9113	978038.6	-0.4	-0.3	-99	19.55	-3.66467830557
-92.4215	-1.9112	978039.2	-0.3	0.5	-99	19.6	-3.66316070175
-92.4215	-1.9112	978039.1	-0.2	0.5	-99	19.65	-3.66316070175
-92.4215	-1.9112	978038.8	-0.3	0	-99	19.7	-3.66316070175
-92.4215	-1.9112	978039.2	-0.2	0.6	-99	19.75	-3.66316070175
-92.4215	-1.9112	978039.1	-0.1	0.6	-99	19.8	-3.66316070175
-92.4215	-1.9112	978038.9	-0.1	0.4	-99	19.85	-3.66316070175
-92.4215	-1.9112	978038.8	-0.1	0.2	-99	19.9	-3.66316070175
-92.4215	-1.9112	978039	-0	0.5	-99	19.95	-3.66316070175
-92.4215	-1.9112	978039	-0	0.6	-99	20	-3.66316070175
-92.4215	-1.9112	978038.8	-0.1	0.3	-99	20.05	-3.66316070175
-92.4215	-1.9112	978038.5	-0.2	-0.1	-99	20.1	-3.66316070175
-92.4215	-1.9112	978039.1	-0.2	0.4	-99	20.15	-3.66316070175
-92.4215	-1.9112	978039	-0.2	0.4	-99	20.2	-3.66316070175
-92.4215	-1.9112	978039.1	-0.2	0.5	-99	20.25	-3.66316070175
-92.4215	-1.9112	978039.3	-0	0.8	-99	20.3	-3.66316070175
-92.421	-1.9114	978035.9	10.6	8.1	-99	20.35	-3.64039076301
-92.4196	-1.9118	978028	4	-6.4	-99	20.4	-3.57454031463
-92.4204	-1.9121	978041	-9.8	-7.3	-99	20.45	-3.61960595046
-92.4213	-1.9127	978047.9	-9.9	-0.5	-99	20.5	-3.67446109097
-92.4224	-1.9136	978047.7	-10.3	-1	-99	20.55	-3.74441595234
-92.4235	-1.9144	978048.7	-12.3	-2	-99	20.6	-3.81363750959
-92.4237	-1.9159	978042.5	-26.3	-22.2	601.522	20.65	-3.84340663171
-92.424	-1.9206	978040.8	-46.2	-43.9	3022.168	20.7	-3.9090464668
-92.4244	-1.9292	978041.5	-27.2	-24.2	3347.538	20.75	-3.97489422625
-92.4254	-1.9384	978046.7	-11.2	-3.1	3348.293	20.8	-4.03513285979
-92.4269	-1.9475	978050	-12.8	-1.4	3353.857	20.85	-4.17815172013
-92.4283	-1.9567	978050.7	-12.6	-0.6	3363.803	20.9	-4.34185161179
-92.4298	-1.9659	978050.3	-12.6	-1	3367.027	20.95	-4.50137542359
-92.4312	-1.9749	978050.1	-12.7	-1.3	3369.623	21	-4.66429776122
-92.4327	-1.984	978050	-12.7	-1.5	3372.349	21.05	-4.87746553075
-92.4342	-1.9931	978050.3	-12.7	-1.3	3372.612	21.1	-5.05689288294
-92.4356	-2.0022	978049.9	-12.8	-1.8	3372.998	21.15	-5.24295409348
-92.4371	-2.0113	978050.3	-13	-1.7	3377.094	21.2	-5.32651863522
-92.4386	-2.0205	978050.7	-13	-1.4	3377.494	21.25	-5.27345921314
-92.4401	-2.0296	978051	-13.2	-1.4	3376.764	21.3	-5.1257273244
-92.4416	-2.0387	978051	-13.2	-1.5	3378.054	21.35	-4.87755388981
-92.4431	-2.0477	978051.5	-13.4	-1.2	3381.086	21.4	-4.4625240103
-92.4447	-2.0567	978052	-13.8	-1.1	3385.6	21.45	-3.90479585163
-92.4463	-2.0656	978053.1	-14.1	-0.4	3370.338	21.5	-3.30683587949
-92.4479	-2.0747	978054.3	-14.6	0.2	3333.386	21.55	-2.72029341251
-92.4496	-2.0837	978055.1	-14.8	0.7	3308.982	21.6	-2.29870099594
-92.4513	-2.0928	978055.4	-15	0.8	3308.355	21.65	-2.08465539038
-92.4531	-2.1018	978055.7	-15.7	0.3	3319.676	21.7	-2.22746893444
-92.4551	-2.1109	978061.6	-48.8	-26.9	2617.209	21.75	-2.61565781667
-92.4635	-2.1153	978106.2	-81.9	-15.4	3108.139	21.8	-2.65615177235
-92.4727	-2.1196	978123.1	-82.4	1	3320.075	21.85	-2.96705788311
-92.482	-2.1239	978121.8	-81.7	0.4	3349.27	21.9	-3.61474648542
-92.491	-2.1284	978119.9	-80.6	-0.5	3370.402	21.95	-4.3906713958
-92.5	-2.1329	978118.8	-80.9	-1.9	3393.198	22	-5.00645702545
-92.5091	-2.1374	978118.8	-81.3	-2.3	3398.88	22.05	-5.40941706579
-92.5182	-2.1419	978118.8	-81	-2.1	3424.848	22.1	-5.77201402948
-92.5272	-2.1464	978118.5	-80.8	-2.2	3414.891	22.15	-6.00035627901
-92.5363	-2.1508	978118.6	-81.5	-2.9	3401.464	22.2	-6.00720443838
-92.5455	-2.1553	978119.5	-82	-2.5	3379.458	22.25	-5.83640060531
-92.5547	-2.1598	978119.9	-82.3	-2.4	3390.585	22.3	-5.58223950236
-92.5639	-2.1642	978120.2	-82.2	-2.1	3388.945	22.35	-5.38623966644
-92.5731	-2.1686	978120	-82	-2.1	3389.613	22.4	-5.2602724829
-92.5822	-2.1731	978119.8	-81.4	-1.8	3402.475	22.45	-5.19119817048
-92.5913	-2.1776	978118.9	-81.2	-2.4	3388.982	22.5	-5.22904968257
-92.6004	-2.1822	978118.6	-80.8	-2.3	3385.797	22.55	-5.40667906929
-92.6094	-2.1866	978117.9	-80.7	-3	3389.66	22.6	-5.50757113244
-92.6184	-2.1912	978118.2	-80.4	-2.4	3380.63	22.65	-5.49874694195
-92.6274	-2.1957	978117.7	-80.4	-2.9	3369.442	22.7	-5.34257896112
-92.6364	-2.2001	978118.2	-80	-2.2	3361.493	22.75	-5.0451768289
-92.6453	-2.2045	978118	-80.1	-2.4	3358.035	22.8	-4.7865201263
-92.6543	-2.209	978118.5	-80.1	-1.9	3360.494	22.85	-4.61243977556
-92.6633	-2.2136	978119.2	-80.3	-1.5	3354.401	22.9	-4.50198461716
-92.6722	-2.2181	978119.2	-80	-1.3	3339.598	22.95	-4.50344005374
-92.6812	-2.2227	978118.6	-80	-1.9	3341.84	23	-4.33829846771
-92.6901	-2.2272	978119.3	-80.4	-1.5	3357.274	23.05	-4.16523390656
-92.6992	-2.2318	978120	-80.6	-1.1	3353.591	23.1	-3.75618411172
-92.7082	-2.2364	978119.6	-80.1	-1.1	3351.345	23.15	-3.33460387069
-92.7171	-2.241	978118.2	-80.1	-2.5	3363.737	23.2	-3.27931047432
-92.7261	-2.2457	978118.3	-80.4	-2.7	3394.095	23.25	-3.56965114099
-92.7351	-2.2504	978118	-80.4	-3.1	3416.988	23.3	-4.32590919622
-92.7441	-2.2549	978117.3	-80.3	-3.7	3423.074	23.35	-5.35375646447
-92.7531	-2.2595	978116.1	-80.5	-5.2	3435.524	23.4	-6.52656661666
-92.7621	-2.2641	978115.8	-81	-5.9	3429.854	23.45	-7.40658209384
-92.7712	-2.2686	978116	-80.8	-5.6	3403.691	23.5	-7.93797439765
-92.7802	-2.2731	978115.8	-81	-6	3429.289	23.55	-8.20087269242
-92.7893	-2.2777	978115.1	-81	-6.7	3438.362	23.6	-8.3279789128
-92.7984	-2.2821	978114.8	-81.2	-7.2	3443.299	23.65	-8.43923629505
-92.8075	-2.2866	978115.4	-81.1	-6.6	3430.486	23.7	-8.60288853745
-92.8165	-2.2911	978114.7	-80.6	-6.8	3447.405	23.75	-9.00099795422
-92.8255	-2.2956	978113.3	-79.5	-7.2	3451.612	23.8	-9.52152643769
-92.8344	-2.3002	978112.2	-79.7	-8.6	3453.754	23.85	-9.96655263232
-92.8433	-2.3047	978111.4	-79.5	-9.1	3480.384	23.9	-10.1971794781
-92.8522	-2.3093	978111.6	NaN	NaN	3485.701	23.95	-10.0651970045
