-93.5807	0.6095	977961.5	NaN	NaN	3234.771	0.0003	-6.91365673746
-93.5731	0.6114	977960.2	70.3	-2.8	3202.788	0.0503	-8.31109318357
-93.5653	0.6133	977957.9	70.6	-4.8	3127.369	0.1003	-9.51474585255
-93.5575	0.6154	977956.8	70.8	-5.7	3187.53	0.1503	-10.5693724437
-93.5497	0.6174	977955.4	70.4	-7.5	3192.865	0.2003	-11.3466403643
-93.5419	0.6193	977954	70.7	-8.5	3214.811	0.2503	-11.9911291626
-93.5341	0.6211	977952.4	71	-9.9	3233.896	0.3003	-12.6522126448
-93.5263	0.6229	977951.3	70.3	-11.7	3272.867	0.3503	-13.3773663828
-93.5185	0.6247	977950.8	69.5	-12.9	3309.599	0.4003	-14.2934431451
-93.5109	0.6266	977951.2	69	-13.1	3295.454	0.4503	-15.259328002
-93.5033	0.6284	977950.6	68.8	-13.9	3248.268	0.5003	-15.9856785438
-93.4957	0.6302	977950.8	68	-14.4	3214.475	0.5503	-16.4913375357
-93.4883	0.632	977951.6	67.5	-14.2	3201.077	0.6003	-16.4608091004
-93.4808	0.6338	977952.2	67.6	-13.5	3188.301	0.6503	-15.8894544477
-93.4733	0.6356	977952	68.2	-13	3179.205	0.7003	-14.9086002829
-93.4658	0.6375	977952.2	67.9	-13.2	3175.975	0.7503	-13.5125342382
-93.4583	0.6393	977954	67.4	-12	3156.305	0.8003	-11.8669780332
-93.4509	0.641	977955.6	67	-10.7	3143.979	0.8503	-10.0905681525
-93.4435	0.6428	977957.6	66.5	-9.2	3150.315	0.9003	-8.24520313806
-93.4362	0.6445	977959.8	66	-7.5	3161.89	0.9503	-6.50037842796
-93.429	0.6463	977961.4	65.4	-6.6	3169.072	1.0003	-4.8222399031
-93.4218	0.6482	977963.9	65.1	-4.3	3170.9	1.0503	-3.13296053594
-93.4145	0.6501	977966.5	65.2	-1.6	3182.843	1.1003	-1.3972631183
-93.4073	0.652	977969	65.5	1.2	3195.834	1.1503	0.175231868488
-93.4001	0.6531	977971.4	65.3	3.3	3185.445	1.2003	1.77238692957
-93.3938	0.6504	977981.8	46.2	-5.3	3070.541	1.2503	3.78664522487
-93.3902	0.6437	978005.4	35.6	7.7	2842.7	1.3003	5.92480500276
-93.386	0.6373	978006.9	38.9	12.5	2700.263	1.3503	7.93207566887
-93.3817	0.631	978008	39.2	13.9	2795.219	1.4003	9.81071139019
-93.3774	0.6247	978009.6	37.8	14.1	2831.784	1.4503	11.5198386805
-93.3734	0.6184	978011.4	37.1	15.2	2802.506	1.5003	12.916691366
-93.3694	0.612	978012.5	37.5	16.7	2806.164	1.5503	14.1352676973
-93.3652	0.6056	978013.1	37.7	17.6	2822.074	1.6003	15.3267422968
-93.3611	0.5993	978013.5	37.9	18.1	2812.085	1.6503	16.4192257175
-93.357	0.5928	978014.2	37.3	18.2	2831.447	1.7003	17.4717063507
-93.3529	0.5863	978015	36.9	18.7	2849.016	1.7503	18.5039224262
-93.3489	0.5798	978015.9	36.4	19.1	2813.107	1.8003	19.40132632
-93.3449	0.5733	978015.5	36.7	19	2902.017	1.8503	20.1293740949
-93.3409	0.5669	978014.5	37.1	18.4	2961.984	1.9003	20.7088003106
-93.3367	0.5604	978014.9	38.2	19.9	2844.878	1.9503	21.0887805421
-93.3325	0.5538	978014.8	37.2	18.9	2794.668	2.0003	21.2174537038
-93.3286	0.5471	978016.1	36	19	2834.349	2.0503	21.1826747175
-93.3247	0.5404	978017.4	71.2	55.5	2695.213	2.1003	20.946656523
-93.3262	0.5337	978061.1	-78.8	-50.9	2549.907	2.1503	20.5967216803
-93.3354	0.5316	978130.8	-84.4	13.2	2977.611	2.2003	20.204048337
-93.3449	0.5298	978139.8	-85.3	21.4	3004.824	2.2503	19.4829275745
-93.3545	0.528	978139.5	-85.3	21.1	2996.831	2.3003	18.4431862506
-93.364	0.526	978138.9	-85.5	20.3	2899.344	2.3503	17.1845380099
-93.3736	0.5241	978139	-85.7	20.2	2686.364	2.4003	15.7300381652
-93.3832	0.5222	978139.4	-85.6	20.7	2534.347	2.4503	14.1030570479
-93.3927	0.52	978138.8	-85.7	20	2558.046	2.5003	12.3088218479
-93.4023	0.5177	978139	-85.7	20.2	2640.492	2.5503	10.4623158643
-93.4118	0.5154	978137.8	-85.5	19.2	2708.825	2.6003	8.64244420841
-93.4215	0.5133	978136.9	-86.2	17.6	2735.345	2.6503	6.95080959655
-93.4311	0.5112	978136	-86.5	16.4	2779.301	2.7003	5.30716895878
-93.4408	0.5091	978133.7	-86.6	14	2884.949	2.7503	3.67794073956
-93.4505	0.507	978131	-86.9	11	3041.325	2.8003	2.08990922913
-93.4602	0.5049	978128.3	-87.2	8	3082.031	2.8503	0.40736700773
-93.47	0.5028	978125.3	-87.2	5	3124.626	2.9003	-1.48742932904
-93.4797	0.5007	978122	-86.6	2.4	3194.045	2.9503	-3.33671103283
-93.4894	0.4985	978119.3	-86.9	-0.7	3277.424	3.0003	-5.10621795931
-93.499	0.4964	978117.2	-86.4	-2.3	3358.722	3.0503	-6.48958527483
-93.5087	0.4943	978115.4	-86	-3.7	3398.534	3.1003	-7.49416654398
-93.5183	0.4921	978114.2	-85.5	-4.4	3356.163	3.1503	-8.11262657924
-93.5278	0.4899	978113.8	-85.7	-5	3272.643	3.2003	-8.13090009867
-93.5374	0.4877	978114.9	-86.1	-4.3	3227.451	3.2503	-7.38601257663
-93.5471	0.4856	978116.3	-86.5	-3.2	3156.176	3.3003	-6.34929565602
-93.5568	0.4836	978117.1	-86.7	-2.6	3050.766	3.3503	-5.15906548252
-93.5665	0.4817	978118.4	-86.8	-1.4	3019.161	3.4003	-4.44573135613
-93.5761	0.4798	978120	-86.8	0.2	3080.98	3.4503	-4.03091211808
-93.5859	0.4779	978120.4	-86.9	0.4	3061.814	3.5003	-3.78926001044
-93.5956	0.4759	978121.4	-86.7	1.7	2994.619	3.5503	-3.46999777385
-93.6052	0.4738	978121.4	-85.9	2.4	2971.29	3.6003	-2.97236128066
-93.6148	0.4715	978121.9	-86	2.9	2935.333	3.6503	-2.10340494261
-93.6244	0.4692	978122.6	-86.2	3.4	2918.937	3.7003	-1.0262045381
-93.6341	0.4669	978124.1	-86.4	4.6	2924.456	3.7503	-0.0115778779172
-93.6438	0.4647	978125.1	-86.7	5.4	2908.713	3.8003	0.848531086067
-93.6534	0.4627	978126.2	-86.5	6.7	2946.642	3.8503	1.43502053827
-93.6631	0.4606	978126.5	-86.3	7.1	2925.871	3.9003	1.79393061912
-93.6727	0.4585	978127	-86.1	7.9	2930.642	3.9503	1.94578221667
-93.6823	0.4564	978127.4	-86.1	8.3	2923.538	4.0003	2.11282016147
-93.692	0.4543	978127.2	-86	8.2	2925.298	4.0503	2.32274470256
-93.7016	0.4522	978126.5	-85.7	7.8	2940.452	4.1003	2.69311530969
-93.7112	0.4501	978126	-85.9	7.2	2939.6	4.1503	2.98682091496
-93.7208	0.448	978125.6	-86	6.7	2937.896	4.2003	3.14708880924
-93.7304	0.4458	978125.6	-85.8	6.8	2938.403	4.2503	3.0128120939
-93.74	0.4438	978125.1	-85.7	6.4	2927.639	4.3003	2.63345366241
-93.7495	0.4417	978124.7	-85.4	6.4	2922.541	4.3503	2.12115194417
-93.759	0.4396	978124.2	-85.1	6.1	2931.664	4.4003	1.56154740177
-93.7685	0.4375	978123.5	-84.6	5.9	2962	4.4503	1.04440570363
-93.778	0.4354	978122.1	-84.7	4.5	2986.749	4.5003	0.599929807378
-93.7875	0.4333	978121.7	-85.1	3.6	2980.879	4.5503	0.245327142818
-93.797	0.4314	978121.4	-85.3	3.1	3000.043	4.6003	-0.272823636834
-93.8065	0.4295	978121.1	-85	3.1	3030.132	4.6503	-0.941514849517
-93.816	0.4275	978120	-84.1	3	3037.557	4.7003	-1.64612731395
-93.8253	0.4254	978118.1	-83.9	1.3	3032.905	4.7503	-2.39566843246
-93.8347	0.4232	978117.8	-83.6	1.2	3038.197	4.8003	-3.31731304628
-93.844	0.4211	978116.4	-83.3	0.2	3066.825	4.8503	-4.179038923
-93.8533	0.4189	978115.3	-83.5	-1.1	3073.711	4.9003	-4.95171336187
-93.8627	0.4168	978115.5	-83.6	-1	3067.52	4.9503	-5.81975676753
-93.872	0.4147	978115.3	-83.7	-1.4	3064.496	5.0003	-6.67953138135
-93.8814	0.4126	978114.7	-84.1	-2.3	3071.75	5.0503	-7.37792430719
-93.8908	0.4106	978114.3	-84.5	-3.1	3123.853	5.1003	-7.94754905949
-93.9003	0.4085	978114.4	-85	-3.5	3155.703	5.1503	-8.2707268788
-93.9098	0.4065	978114.8	-84.9	-3.1	3157.056	5.2003	-8.36614599477
-93.9193	0.4046	978114	-84.6	-3.5	3152.108	5.2503	-8.27067785404
-93.9287	0.4027	978113.5	-84.3	-3.8	3150.257	5.3003	-8.08844665063
-93.9381	0.4008	978113.2	-84.1	-3.9	3168.254	5.3503	-7.9211085366
-93.9475	0.3988	978112.9	-83.6	-3.7	3182.887	5.4003	-7.90139101615
-93.9568	0.3967	978112.8	-83.6	-3.6	3164.024	5.4503	-8.01993009044
-93.9662	0.3947	978111.9	-83.8	-4.8	3136.454	5.5003	-8.19397796112
-93.9756	0.394	978112.6	-84.6	-4.9	3116.474	5.5503	-8.35572407158
-93.985	0.3941	978113.6	-84.5	-3.8	3107.689	5.6003	-8.34925747342
-93.9944	0.3943	978113.4	-84	-3.5	3116.476	5.6503	-8.25806127317
-94.0038	0.3945	978112.6	-83.7	-4.1	3134.587	5.7003	-8.08993099821
-94.0131	0.3947	978112.4	-83.8	-4.2	3148.564	5.7503	-8.03449085634
-94.0225	0.3949	978112.6	-83.7	-4	3161.724	5.8003	-8.10157915752
-94.0319	0.3951	978112.4	-84.1	-4.6	3164.069	5.8503	-8.26947663317
-94.0413	0.3954	978111.8	-84	-5.1	3181.694	5.9003	-8.54737897915
-94.0506	0.3956	978111.3	-83.7	-5.3	3220.039	5.9503	-8.98043412021
-94.06	0.3959	978110.6	-83.7	-6	3242.914	6.0003	-9.49637644297
-94.0694	0.396	978110.1	-83.8	-6.7	3273.79	6.0503	-10.0865773069
-94.0787	0.3963	978110.3	-83.7	-6.3	3301.592	6.1003	-10.5609553709
-94.0881	0.3965	978109.7	-83.7	-6.9	3317.976	6.1503	-10.9082171136
-94.0974	0.3967	978109.1	-83.5	-7.4	3326.102	6.2003	-11.0387922767
-94.1067	0.3969	978109	-83.4	-7.4	3334.784	6.2503	-11.0302173109
-94.1161	0.397	978108.6	-83.7	-8	3343.9	6.3003	-11.1874184342
-94.1254	0.3972	978108.8	-83.7	-7.9	3343.019	6.3503	-11.4552574597
-94.1348	0.3973	978108.9	-83.3	-7.3	3339.256	6.4003	-11.8830566126
-94.1441	0.3975	978108.7	-83.1	-7.3	3345.214	6.4503	-12.3823941012
-94.1534	0.3976	978108.4	-83.5	-8	3337.343	6.5003	-12.9564584195
-94.1627	0.3977	978108.4	-83.5	-8	3330.56	6.5503	-13.3077509823
-94.172	0.3978	978108.2	-83.4	-8.2	3327.702	6.6003	-13.4076051729
-94.1813	0.398	978108	-83.5	-8.5	3318.364	6.6503	-13.3522951616
-94.1907	0.3982	978108.2	-83.7	-8.4	3298.798	6.7003	-13.1501594799
-94.2	0.3984	978107.9	-83.3	-8.4	3302.25	6.7503	-12.825018244
-94.2093	0.3986	978107.3	-83	-8.6	3280.78	6.8003	-12.5320898051
-94.2186	0.3988	978107.4	-82.8	-8.4	3244.536	6.8503	-12.4735627253
-94.2279	0.3991	978107.4	-83.4	-8.9	3240.847	6.9003	-12.5212320652
-94.2372	0.3994	978108	-83.5	-8.4	3275.437	6.9503	-12.6621064015
-94.2465	0.3996	978108.5	-83.3	-7.7	3312.888	7.0003	-12.6917242113
-94.2558	0.3999	978108.5	-83.3	-7.8	3319.001	7.0503	-12.5933708305
-94.2651	0.4002	978108.8	-83.3	-7.4	3321.337	7.1003	-12.1555822797
-94.2745	0.4004	978109.2	-83.3	-7	3328.812	7.1503	-11.4438458671
-94.2838	0.4007	978109.6	-83.4	-6.8	3319.84	7.2003	-10.5653487942
-94.2931	0.4009	978109.8	-83.7	-6.8	3298.912	7.2503	-9.6975974629
-94.3025	0.4011	978110.8	-83.9	-6	3281.9	7.3003	-8.98312189902
-94.3118	0.4014	978112.1	-83.8	-4.7	3264.142	7.3503	-8.61406651953
-94.3212	0.4016	978112.2	-84	-4.8	3242.332	7.4003	-8.62864932041
-94.3306	0.4017	978112.9	-84.4	-4.4	3230.195	7.4503	-8.84501751252
-94.3401	0.4018	978113.7	-84.6	-3.7	3229.642	7.5003	-9.18266213977
-94.3495	0.4019	978114.1	-84.5	-3.3	3244.524	7.5503	-9.18940294551
-94.3589	0.402	978114.4	-84.3	-2.9	3253.982	7.6003	-8.9595607254
-94.3684	0.4021	978113.7	-84.4	-3.6	3270.05	7.6503	-8.45722672351
-94.3778	0.4022	978113.7	-85	-4.2	3274.227	7.7003	-7.9048390744
-94.3873	0.4022	978114.3	-85.3	-4	3274.449	7.7503	-7.33980311151
-94.3969	0.4021	978114.8	-85.2	-3.3	3281.209	7.8003	-7.26447193835
-94.4064	0.402	978114.8	-85	-3.1	3295.189	7.8503	-7.64502866326
-94.4159	0.4019	978114.4	-84.7	-3.2	3282.129	7.9003	-8.15438954004
-94.4253	0.4018	978113.7	-84.6	-3.8	3254.989	7.9503	-8.62374989574
-94.4348	0.4019	978113.7	-84.3	-3.5	3253.725	8.0003	-8.71307461901
-94.4442	0.4019	978113.2	-84	-3.7	3251.404	8.0503	-8.5688627648
-94.4535	0.402	978112.4	-83.6	-4.1	3244.924	8.1003	-8.18479114309
-94.4628	0.402	978111.9	-83	-4	3246.573	8.1503	-7.81365574878
-94.4721	0.402	978111.5	-82.7	-4.1	3250.393	8.2003	-7.48216963075
-94.4813	0.402	978111.1	-82.6	-4.3	3247.296	8.2503	-7.2380706586
-94.4906	0.4023	978111	-82.7	-4.6	3234.614	8.3003	-7.08079233634
-94.4998	0.4026	978111.2	-82.8	-4.5	3210.615	8.3503	-7.10989072797
-94.5091	0.4028	978112.2	-82.9	-3.7	3200.799	8.4003	-7.21235369811
-94.5183	0.4031	978112.4	-83	-3.6	3208.549	8.4503	-7.28003177913
-94.5276	0.4034	978112.7	-83	-3.2	3196.051	8.5003	-7.28526649636
-94.5369	0.4037	978113.7	-83.1	-2.3	3172.665	8.5503	-7.23157745529
-94.5462	0.404	978114.4	-83.9	-2.4	3160.321	8.6003	-6.88161523399
-94.5556	0.4043	978115.8	-84	-1.1	3159.243	8.6503	-6.22938521683
-94.565	0.4045	978117.1	-84	0.2	3160.713	8.7003	-5.50050100528
-94.5744	0.4047	978118.4	-84.3	1.2	3077.782	8.7503	-4.71668068048
-94.5838	0.4049	978119.4	-84.5	2	3002.253	8.8003	-3.94804894365
-94.5933	0.4051	978119.3	-84.6	1.7	3049.755	8.8503	-3.36855677319
-94.6027	0.4053	978119.2	-84.7	1.6	3127.287	8.9003	-3.14770071336
-94.6122	0.4054	978118.6	-84.7	0.9	3137.255	8.9503	-3.31648629999
-94.6217	0.4056	978117.6	-84.8	-0.1	3167.795	9.0003	-3.89540575214
-94.6311	0.4058	978116	-84.1	-1.1	3191.527	9.0503	-4.82479765344
-94.6405	0.406	978114.8	-84.3	-2.4	3199.522	9.1003	-6.02964926887
-94.6499	0.4062	978114.5	-84.7	-3.1	3206.608	9.1503	-7.31020726065
-94.6594	0.4063	978114	-84.9	-3.8	3222.96	9.2003	-8.47415813655
-94.6689	0.4065	978114	-85	-3.9	3233.203	9.2503	-9.27727337506
-94.6784	0.4066	978113.7	-85.2	-4.5	3256.057	9.3003	-9.59569179842
-94.688	0.4068	978113.8	-85.2	-4.4	3273.416	9.3503	-9.37101159928
-94.6975	0.4069	978113.9	-85.2	-4.3	3279.109	9.4003	-8.58423962585
-94.707	0.407	978114.5	-85.2	-3.6	3279.145	9.4503	-7.3384068327
-94.7165	0.4071	978115.2	-85.3	-3	3279.325	9.5003	-5.95938521883
-94.7261	0.4073	978116.6	-85.5	-1.8	3173.492	9.5503	-4.66125131789
-94.7356	0.4074	978117.5	-85.6	-1	3128.539	9.6003	-3.79122130122
-94.7452	0.4076	978117.8	-85.8	-0.9	3215.309	9.6503	-3.25206372474
-94.7548	0.4078	978118.3	-86	-0.6	3243.173	9.7003	-3.06837130717
-94.7644	0.4079	978119.2	-86.2	0.1	3282.192	9.7503	-2.85231444716
-94.7741	0.4081	978119.4	-85.9	0.5	3293.053	9.8003	-2.61771992584
-94.7837	0.4083	978119.1	-85.9	0.3	3289.477	9.8503	-2.39033890408
-94.7933	0.4085	978119.1	-86	0.1	3285.512	9.9003	-2.1649640942
-94.8029	0.4087	978119.7	-85.9	0.9	3281.125	9.9503	-1.92433896706
-94.8125	0.4089	978119.5	-85.7	0.9	3310.369	10.0003	-1.74874916071
-94.822	0.4091	978120	-85.4	1.7	3295.488	10.0503	-1.64772821052
-94.8316	0.4093	978119.6	-85.4	1.2	3282.277	10.1003	-1.47115940573
-94.8411	0.4096	978119.8	-85.5	1.4	3288.352	10.1503	-1.21347172595
-94.8507	0.4098	978120	-85.9	1.1	3259.38	10.2003	-0.795119976553
-94.8603	0.4101	978120.8	-86.4	1.5	3255.075	10.2503	-0.331874710811
-94.87	0.4104	978120.8	-86.5	1.4	3277.758	10.3003	0.142930864762
-94.8796	0.4106	978120.7	-86.4	1.4	3289.479	10.3503	0.445684182323
-94.8893	0.4109	978120.6	-86.5	1.1	3285.021	10.4003	0.531932363973
-94.899	0.4111	978120.7	-86.9	0.9	3283.103	10.4503	0.141397806981
-94.9087	0.4113	978121.4	-87.1	1.4	3311.547	10.5003	-0.531838167876
-94.9185	0.4115	978121.7	-87.2	1.6	3315.022	10.5503	-1.29490516535
-94.9282	0.4116	978121.8	-87.3	1.5	3277.946	10.6003	-1.80764924486
-94.938	0.4117	978122.4	-87.4	2.1	3279.417	10.6503	-1.92744450882
-94.9478	0.4119	978122	-87.4	1.6	3306.248	10.7003	-1.84556906026
-94.9575	0.412	978121.5	-87.6	1	3323.631	10.7503	-1.61459537212
-94.9673	0.4122	978121.8	-87.5	1.4	3342.231	10.8003	-1.37594574001
-94.9771	0.4124	978121.6	-87.4	1.3	3347.883	10.8503	-1.29415220158
-94.9869	0.4125	978121.3	-87.5	0.8	3358.67	10.9003	-1.50968543128
-94.9967	0.4127	978121.7	-87.5	1.2	3360.468	10.9503	-2.01669431776
-95.0064	0.4129	978121.5	-87.7	0.9	3357.162	11.0003	-2.75693763548
-95.0163	0.4131	978121.8	-87.9	1	3351.27	11.0503	-3.5098237898
-95.0261	0.4134	978121.6	-88	0.6	3349.809	11.1003	-4.06210394962
-95.0359	0.4136	978122.1	-87.9	1.2	3350.505	11.1503	-4.08798813712
-95.0458	0.4139	978121.8	-87.9	1	3350.399	11.2003	-3.83456565093
-95.0556	0.4142	978122.1	-87.8	1.3	3348.389	11.2503	-3.36009259737
-95.0654	0.4144	978122.1	-88	1.2	3344.547	11.3003	-2.7397030598
-95.0753	0.4147	978122.5	-88.1	1.4	3344.572	11.3503	-2.09996200451
-95.0851	0.415	978122.2	-87.9	1.4	3344	11.4003	-1.72954545178
-95.0949	0.4153	978122.1	-88.1	1.1	3348.371	11.4503	-1.50479633354
-95.1048	0.4157	978122.4	-88	1.4	3345.209	11.5003	-1.40869599781
-95.1146	0.4159	978122.7	-88.2	1.5	3334.961	11.5503	-1.25868832565
-95.1245	0.416	978122.9	-88.2	1.8	3332.091	11.6003	-1.08235335648
-95.1343	0.4162	978122.6	-88.1	1.5	3328.879	11.6503	-0.970068754299
-95.1442	0.4164	978122.7	-88.1	1.7	3328.545	11.7003	-1.01889025438
-95.154	0.4165	978122.6	-88	1.6	3329.276	11.7503	-1.3038009453
-95.1639	0.4167	978121.9	-88	0.9	3328.216	11.8003	-1.80681405891
-95.1737	0.4169	978122.6	-88	1.6	3318.29	11.8503	-2.4448213436
-95.1835	0.4171	978122.9	-87.9	2.1	3293.046	11.9003	-2.90836089496
-95.1934	0.4172	978123.1	-88	2.1	3287.827	11.9503	-3.00266239971
-95.2032	0.4174	978122.9	-88.2	1.8	3300.444	12.0003	-2.44984744675
-95.2131	0.4175	978122.7	-88	1.7	3311.233	12.0503	-1.65851321387
-95.2229	0.4176	978122.9	-88	1.9	3318.801	12.1003	-0.759909497096
-95.2328	0.4177	978123.2	-88.3	1.9	3304.02	12.1503	-0.256536911825
-95.2427	0.4178	978123.9	-88.5	2.5	3286.513	12.2003	-0.141008170378
-95.2525	0.4179	978124.4	-88.3	3.2	3288.978	12.2503	-0.537353489285
-95.2624	0.4181	978124.5	-88.2	3.3	3291.348	12.3003	-1.05675044467
-95.2723	0.4182	978124	-88.3	2.7	3291.695	12.3503	-1.57327304222
-95.2821	0.4184	978123.7	-88.3	2.5	3290.887	12.4003	-1.80164307258
-95.292	0.4185	978124.3	-88	3.3	3288.562	12.4503	-1.74406311358
-95.3018	0.4186	978123.8	-88.2	2.6	3293.86	12.5003	-1.33477436182
-95.3117	0.4188	978124.1	-88.3	2.8	3291.051	12.5503	-0.771996796146
-95.3216	0.419	978124.2	-88.2	3	3290.317	12.6003	-0.12041842329
-95.3314	0.419	978124.2	-88.4	2.9	3289.38	12.6503	0.203047376677
-95.3413	0.4192	978124.5	-88.5	3.1	3285.754	12.7003	0.233600493632
-95.3512	0.4193	978124.3	-88.4	2.9	3288.269	12.7503	0.0216646115431
-95.3611	0.4194	978124.3	-88.5	2.8	3293.229	12.8003	-0.237195562001
-95.371	0.4195	978124.5	-88.9	2.6	3282.39	12.8503	-0.440068552437
-95.381	0.4196	978125.1	-89	3.1	3283.358	12.9003	-0.381074129784
-95.3909	0.4198	978125.5	-89	3.6	3284.435	12.9503	-0.0580442711332
-95.4009	0.4199	978125.3	-88.9	3.4	3287.537	13.0003	0.647610004167
-95.4108	0.42	978124.8	-88.9	3	3287.052	13.0503	1.31993840174
-95.4208	0.4201	978124.9	-88.9	3	3290.282	13.1003	1.73507377872
-95.4307	0.4202	978124.5	-88.7	2.9	3291.961	13.1503	1.6626061554
-95.4406	0.4202	978124.5	-88.6	2.9	3289.931	13.2003	1.1726697298
-95.4505	0.4203	978125.1	-88.7	3.4	3288.729	13.2503	0.514666302918
-95.4604	0.4204	978124.8	-89	2.8	3290.64	13.3003	-0.0961142932573
-95.4704	0.4205	978124.7	-89.2	2.5	3291.225	13.3503	-0.461383731354
-95.4804	0.4207	978124.9	-89	2.9	3286.987	13.4003	-0.593426969397
-95.4903	0.4209	978124.7	-88.8	2.9	3290.663	13.4503	-0.546740227345
-95.5002	0.4211	978123.9	-88.9	2.1	3293.762	13.5003	-0.642303812551
-95.5102	0.4213	978124.4	-89.2	2.3	3295.307	13.5503	-0.786261961444
-95.5201	0.4215	978124.7	-89	2.7	3290.332	13.6003	-0.941797641694
-95.5301	0.4217	978124.6	-88.8	2.8	3286.699	13.6503	-1.04415025666
-95.54	0.4219	978124.6	-88.8	2.8	3287.414	13.7003	-1.08501452346
-95.55	0.4222	978124	-89.2	1.9	3286.87	13.7503	-1.13078251781
-95.5599	0.4224	978124.5	-89.1	2.4	3288.964	13.8003	-1.1280617018
-95.5699	0.4227	978124.6	-89	2.6	3284.608	13.8503	-0.991405910845
-95.5798	0.4229	978124.3	-89	2.4	3280.595	13.9003	-0.896969436944
-95.5898	0.4231	978124.1	-89.1	2	3281.184	13.9503	-0.868815946312
-95.5997	0.4233	978124.1	-88.9	2.2	3277.901	14.0003	-0.890252963593
-95.6097	0.4235	978123.7	-88.7	2	3278.98	14.0503	-1.05562525224
-95.6196	0.4237	978123	-88.7	1.3	3280.988	14.1003	-1.50371770432
-95.6295	0.4239	978123.2	-88.7	1.6	3281	14.1503	-2.01278758289
-95.6394	0.4241	978123.4	-88.8	1.7	3284.12	14.2003	-2.5147926047
-95.6494	0.4242	978123	-88.8	1.2	3299.528	14.2503	-2.78060388752
-95.6593	0.4243	978122.8	-88.7	1.2	3294.507	14.3003	-2.79474533527
-95.6692	0.4245	978122.8	-88.8	1	3284.543	14.3503	-2.43931188129
-95.6791	0.4247	978122.2	-89.1	0.2	3290.701	14.4003	-2.06745980764
-95.6891	0.4248	978122.6	-89.2	0.5	3289.946	14.4503	-1.79180104383
-95.6991	0.425	978123	-89.1	1	3289.736	14.5003	-2.1171410591
-95.709	0.4252	978122.6	-88.9	0.7	3293.014	14.5503	-2.84610333557
-95.719	0.4255	978122.4	-88.9	0.5	3302.355	14.6003	-3.81437211849
-95.7289	0.4257	978122.1	-89.1	0	3313.886	14.6503	-4.7134085042
-95.7389	0.426	978122.4	-89	0.4	3314.432	14.7003	-5.44381793856
-95.7488	0.4262	978121.8	-89	-0.2	3317.777	14.7503	-5.75835976757
-95.7588	0.4264	978121.8	-89.1	-0.3	3317.286	14.8003	-5.75182895638
-95.7688	0.4266	978121.7	-89.3	-0.5	3319.285	14.8503	-5.53270350005
-95.7787	0.4268	978121.9	-89.1	-0.1	3321.859	14.9003	-5.21378608518
-95.7887	0.427	978121.5	-89	-0.5	3328.233	14.9503	-4.83288729296
-95.7986	0.4272	978121.4	-89.1	-0.6	3329.525	15.0003	-4.37489946116
-95.8086	0.4274	978121.1	-89.3	-1.2	3332.389	15.0503	-3.89157875218
-95.8186	0.4275	978121.6	-89.3	-0.7	3334.918	15.1003	-3.45456523016
-95.8286	0.4276	978121.1	-89.3	-1.1	3334.801	15.1503	-3.30793941206
-95.8386	0.4278	978121.9	-89.4	-0.5	3337.057	15.2003	-3.54383969453
-95.8486	0.4279	978122.3	-89.7	-0.4	3339.421	15.2503	-3.95516009925
-95.8586	0.4279	978122.3	-90	-0.7	3340.865	15.3003	-4.43082628607
-95.8687	0.428	978122.9	-90.2	-0.2	3336.621	15.3503	-4.69557713924
-95.8788	0.4282	978123.2	-90.2	0	3329.72	15.4003	-4.87178581692
-95.8888	0.4284	978123	-90	0	3327.824	15.4503	-4.98836032743
-95.8989	0.4286	978122.5	-90	-0.5	3338.642	15.5003	-4.94933196855
-95.909	0.4288	978122.5	-90.2	-0.7	3355.435	15.5503	-4.8538602658
-95.9191	0.429	978122.8	-90.2	-0.4	3354.885	15.6003	-4.82856399772
-95.9292	0.4292	978123.2	-90.3	-0	3351.299	15.6503	-5.01331804289
-95.9393	0.4292	978123.3	-90.4	-0.1	3352.738	15.7003	-5.44070604439
-95.9494	0.4293	978123.1	-90.6	-0.4	3362.999	15.7503	-5.76117695858
-95.9595	0.4295	978123.3	-90.6	-0.2	3361.963	15.8003	-5.91873777637
-95.9696	0.4296	978123.1	-90.5	-0.4	3364.276	15.8503	-5.79481014417
-95.9797	0.4298	978123.2	-90.4	-0.2	3367.733	15.9003	-5.43373188773
-95.9899	0.43	978123.1	-90.4	-0.2	3354.464	15.9503	-4.85794933708
-96	0.4303	978123.4	-90.4	0.1	3325.673	16.0003	-4.23679670159
-96.0101	0.4305	978123.6	-90.4	0.2	3299.989	16.0503	-3.63798480249
-96.0202	0.4306	978123.8	-90.4	0.5	3301.536	16.1003	-3.16783483802
-96.0303	0.4308	978124.1	-90.5	0.6	3295.316	16.1503	-2.59298294201
-96.0404	0.4309	978124.4	-90.6	0.9	3287.471	16.2003	-1.92333515066
-96.0505	0.4312	978125.1	-90.3	1.9	3283.063	16.2503	-1.27812799983
-96.0606	0.4314	978125.1	-90.3	1.8	3276.856	16.3003	-0.651335072576
-96.0707	0.4317	978125.2	-90.4	1.8	3270.349	16.3503	0.0046094286939
-96.0808	0.4319	978125.5	-90.5	2	3264.343	16.4003	0.40046448946
-96.091	0.432	978126.1	-90.4	2.8	3257.102	16.4503	0.502547207631
-96.101	0.4322	978126.5	-90.3	3.2	3244.669	16.5003	0.245205417147
-96.1111	0.4323	978126.5	-90.1	3.4	3239.772	16.5503	-0.240344837407
-96.1212	0.4324	978126	-90.4	2.6	3239.373	16.6003	-0.891608622565
-96.1314	0.4326	978127.1	-90.8	3.4	3227.235	16.6503	-1.43335939532
-96.1415	0.4327	978128.2	-90.9	4.3	3226.239	16.7003	-1.8006179932
-96.1517	0.4329	978128	-90.7	4.4	3230.498	16.7503	-1.83832114368
-96.1618	0.433	978127.6	-90.6	4.1	3233.496	16.8003	-1.57062171097
-96.1719	0.4331	978127.3	-90.8	3.6	3226.998	16.8503	-0.988477408648
-96.1821	0.4333	978128.1	-91.1	4.1	3199.233	16.9003	-0.380493406877
-96.1923	0.4335	978128.5	-91.4	4.2	3197.242	16.9503	0.100193574081
-96.2025	0.4337	978128.8	-91.5	4.4	3217.4	17.0003	0.123203737923
-96.2127	0.434	978129.2	-91.2	5	3233.262	17.0503	-0.0173717307449
-96.2229	0.4341	978128.6	-91.3	4.3	3232.623	17.1003	-0.236214845646
-96.2332	0.4343	978129	-91.4	4.6	3241.322	17.1503	-0.254570763368
-96.2434	0.4347	978129.1	-91.5	4.6	3243.36	17.2003	-0.130423616658
-96.2536	0.4349	978128.7	-91.3	4.5	3239.692	17.2503	0.142540014217
-96.2638	0.435	978128.6	-91.5	4.1	3241.122	17.3003	0.392047925276
-96.2741	0.4352	978129.3	-91.5	4.8	3244.521	17.3503	0.580335978227
-96.2843	0.4354	978129.1	-91.6	4.5	3250.079	17.4003	0.672730835586
-96.2945	0.4355	978129.7	-91.8	4.9	3255.209	17.4503	0.723422574323
-96.3048	0.4356	978129.9	-91.9	5.1	3253.561	17.5003	0.750547716255
-96.3151	0.4359	978129.8	-92.1	4.8	3253.133	17.5503	0.697567559222
-96.3254	0.436	978129.9	-92.1	4.8	3251.536	17.6003	0.641843824057
-96.3357	0.4362	978129.8	-92	4.8	3249.913	17.6503	0.673866097659
-96.346	0.4364	978130	-92	5	3252.081	17.7003	0.576306275013
-96.3563	0.4367	978130.2	-91.7	5.6	3242.778	17.7503	0.294197297493
-96.3665	0.437	978129.5	-91.5	5	3230.972	17.8003	-0.0365519409054
-96.3767	0.4371	978129.6	-91.8	4.8	3247.967	17.8503	-0.254750605748
-96.387	0.4372	978129.4	-91.7	4.7	3251.802	17.9003	-0.171725523957
-96.3972	0.4373	978129.2	-91.7	4.6	3235.278	17.9503	0.294778497553
-96.4075	0.4374	978129.1	-91.4	4.8	3232.893	18.0003	1.0811945876
-96.4177	0.4375	978128.3	-91.3	4	3243.917	18.0503	1.88359155367
-96.4279	0.4376	978128.5	-90.5	5	3204.661	18.1003	2.34601418729
-96.4378	0.4383	978127.6	-67.9	26.7	2532.175	18.1503	2.18270852333
-96.4405	0.4462	978084.8	-8.6	43.2	3146.124	18.2003	1.90143455111
-96.4407	0.4549	978040.4	-1	6.4	3256.062	18.2503	1.57182812401
-96.4408	0.4637	978037.5	0	4.5	3288.307	18.3003	1.19583775362
-96.4408	0.4726	978035.9	1	3.9	3272.585	18.3503	0.758877478524
-96.4407	0.4814	978035.2	1.1	3.2	3250.027	18.4003	0.190994495627
-96.4407	0.4902	978034.9	0.9	2.8	3257.149	18.4503	-0.469367943696
-96.4406	0.4991	978034.6	1.2	2.7	3260.156	18.5003	-1.1117120146
-96.4405	0.508	978034.3	0.8	2	3270.028	18.5503	-1.75489486138
-96.4405	0.5169	978034.5	0.5	1.8	3281.957	18.6003	-2.41219047892
-96.4406	0.5257	978034.1	0.4	1.4	3290.723	18.6503	-3.0351757529
-96.4406	0.5345	978033.9	10.3	11.1	3319.904	18.7003	-3.62006949216
-96.4377	0.5411	978019.3	58	44.2	3340.513	18.7503	-3.98059153748
-96.4309	0.5411	977977.9	62.9	7.7	3321.831	18.8003	-3.91133868344
-96.4238	0.5413	977968.7	63.8	-0.6	3298.39	18.8503	-3.74452523189
-96.4168	0.5414	977969.1	63.9	-0.1	3283.789	18.9003	-3.45873574294
-96.4097	0.5415	977969.5	63.9	0.2	3269.134	18.9503	-3.07685066926
-96.4026	0.5416	977969.3	64.3	0.5	3255.941	19.0003	-2.60819430429
-96.3955	0.5419	977969.6	64.4	0.8	3246.907	19.0503	-2.07010682134
-96.3884	0.542	977969.9	63.9	0.7	3237.439	19.1003	-1.58220017432
-96.3813	0.5421	977970.2	64.1	1.1	3229.64	19.1503	-1.13622323059
-96.3743	0.5421	977970.6	64.1	1.6	3208.311	19.2003	-0.763744700235
-96.3672	0.542	977971.4	64.4	2.6	3195.215	19.2503	-0.467586567774
-96.3601	0.5418	977971.4	64.4	2.6	3201.988	19.3003	-0.243949174686
-96.3529	0.5416	977971.5	64.4	2.8	3212.558	19.3503	-0.113063226245
-96.3458	0.5414	977971.8	64.5	3.2	3223.03	19.4003	-0.0595163734998
-96.3387	0.5412	977971.6	64	2.4	3232.531	19.4503	0.0443266329463
-96.3316	0.5409	977971.9	64	2.8	3235.731	19.5003	0.192842549145
-96.3246	0.5408	977972.6	63.6	3	3235.57	19.5503	0.380954562935
-96.3176	0.5406	977973	63.6	3.5	3240.721	19.6003	0.636220869502
-96.3105	0.5403	977973.1	63.8	3.8	3244.824	19.6503	0.895198871126
-96.3034	0.5402	977973.2	63.6	3.6	3239.722	19.7003	1.06901338199
-96.2964	0.54	977973.3	64	4.1	3230.719	19.7503	1.17220980394
-96.2893	0.5398	977973.1	64.3	4.2	3226.147	19.8003	1.15825886905
-96.2822	0.5397	977973.2	64.1	4.1	3217.56	19.8503	1.00068827942
-96.2751	0.5396	977973.6	64.1	4.6	3205.561	19.9003	0.779625795588
-96.268	0.5395	977973.2	64.1	4.1	3187.126	19.9503	0.486370214561
-96.2609	0.5393	977973.3	64.2	4.3	3185.203	20.0003	0.196882739549
-96.2539	0.5393	977973	63.9	3.8	3177.764	20.0503	0.117749604095
-96.2468	0.5392	977973.1	64.2	4.1	3189.507	20.1003	0.196617556947
-96.2397	0.5391	977972.8	64.3	4	3219.71	20.1503	0.354895793693
-96.2326	0.539	977972.5	64.4	3.8	3214.932	20.2003	0.602290604659
-96.2255	0.539	977972.4	64.2	3.5	3206.905	20.2503	0.89146095311
-96.2184	0.5389	977972.4	64.4	3.7	3208.947	20.3003	1.19621688162
-96.2113	0.5388	977972.6	64.2	3.7	3222.122	20.3503	1.49753687625
-96.2042	0.5387	977972.6	64.3	3.8	3233.466	20.4003	1.68108769359
-96.1971	0.5386	977972.5	64.4	3.8	3239.763	20.4503	1.76231021025
-96.1899	0.5385	977972.1	64	3	3240.339	20.5003	1.79549785921
-96.1829	0.5385	977972.9	64	3.7	3241.124	20.5503	1.78798479847
-96.1758	0.5383	977972.9	64	3.8	3250.108	20.6003	1.72955828062
-96.1687	0.5382	977972.4	64	3.3	3261.172	20.6503	1.61627029376
-96.1617	0.5381	977972.7	63.9	3.5	3268.208	20.7003	1.46240196253
-96.1546	0.5379	977973	64	3.9	3266.315	20.7503	1.30516956682
-96.1475	0.5378	977972.6	63.7	3.3	3264.291	20.8003	1.1593977682
-96.1405	0.5378	977972.6	63.9	3.4	3268.093	20.8503	1.02295088497
-96.1334	0.5376	977972.9	63.8	3.5	3267.879	20.9003	0.871878732469
-96.1264	0.5376	977972.7	63.6	3.2	3266.023	20.9503	0.742799409144
-96.1193	0.5374	977972.7	63.8	3.3	3274.654	21.0003	0.638597628031
-96.1123	0.5373	977972.9	63.6	3.4	3275.195	21.0503	0.561187828104
-96.1053	0.5372	977972.4	62.9	2.2	3273.164	21.1003	0.506135731841
-96.0983	0.537	977972.8	63.2	3	3277.459	21.1503	0.466402252977
-96.0913	0.5368	977973	63.5	3.4	3276.586	21.2003	0.457781036713
-96.0843	0.5367	977973.1	63.5	3.5	3275.443	21.2503	0.50345971526
-96.0773	0.5367	977973.1	63.1	3.1	3272.347	21.3003	0.585443180333
-96.0704	0.5366	977973.4	62.6	2.9	3269.625	21.3503	0.68559617986
-96.0634	0.5366	977973.3	63.2	3.4	3265.41	21.4003	0.808666845908
-96.0564	0.5367	977973.1	62.8	2.8	3256.536	21.4503	0.891528961174
-96.0495	0.5367	977973.2	62.6	2.7	3236.889	21.5003	0.922137336918
-96.0426	0.5366	977973.4	63.1	3.4	3221.244	21.5503	0.934798746537
-96.0355	0.5365	977973.2	63.6	3.7	3218.861	21.6003	0.948002723049
-96.0285	0.5365	977973.1	63.2	3.2	3218.824	21.6503	0.946581243624
-96.0216	0.5365	977973.5	63	3.3	3225.482	21.7003	0.925456114858
-96.0146	0.5364	977973.3	63.3	3.4	3224.669	21.7503	0.891004848496
-96.0076	0.5364	977972.7	63.7	3.3	3222.535	21.8003	0.802048198601
-96.0005	0.5364	977973.1	63.5	3.4	3229.297	21.8503	0.657637206534
-95.9935	0.5364	977973.4	63.3	3.6	3249.295	21.9003	0.4414547136
-95.9865	0.5363	977973.3	63.3	3.5	3249.06	21.9503	0.0650427370617
-95.9795	0.5363	977973	63	2.9	3239.043	22.0003	-0.416925633657
-95.9726	0.5362	977973.4	63.2	3.4	3228.366	22.0503	-0.707094327058
-95.9656	0.536	977973.4	63.7	4	3224.565	22.1003	-0.818327619743
-95.9585	0.5361	977973.2	62.8	2.9	3230.895	22.1503	-0.709565449489
-95.9521	0.5393	977977.4	58.6	2.9	3223.166	22.2003	-0.385968528436
-95.9455	0.5425	977978.2	59.4	4.5	3208.259	22.2503	0.0811953976977
-95.939	0.5457	977978.2	59.5	4.6	3210.283	22.3003	0.416035651667
-95.9324	0.5489	977977.8	59.7	4.4	3220.42	22.3503	0.718070253003
-95.9258	0.552	977977.3	60	4.2	3224.84	22.4003	0.914679822
-95.9192	0.5552	977977.3	59.9	4.1	3224.01	22.4503	0.904841114117
-95.9126	0.5587	977977.6	59.7	4.1	3235.484	22.5003	0.780560939498
-95.906	0.562	977977.4	59.4	3.6	3240.69	22.5503	0.672151622825
-95.8995	0.5654	977977.2	59.6	3.6	3247.416	22.6003	0.565727404221
-95.8929	0.5687	977977	59.5	3.3	3255.698	22.6503	0.449092783001
-95.8863	0.5721	977976.3	59.6	2.7	3253.442	22.7003	0.296235166932
-95.8798	0.5755	977976.1	59.8	2.8	3255.679	22.7503	0.0748140575338
-95.8732	0.5789	977976.1	59.8	2.8	3253.381	22.8003	-0.277878229375
-95.8665	0.5823	977975.5	60.1	2.4	3244.021	22.8503	-0.789962092186
-95.8599	0.5858	977975.2	60.1	2.1	3240.806	22.9003	-1.35650137104
-95.8533	0.5893	977975.3	59.9	2	3237.667	22.9503	-1.90771060546
-95.8467	0.5928	977975.6	60.5	2.9	3247.435	23.0003	-2.45297142482
-95.8399	0.596	977974.2	60.9	1.9	3256.879	23.0503	-2.87695415793
-95.8332	0.5993	977973.8	60.9	1.5	3258.341	23.1003	-3.16088836358
-95.8265	0.6026	977973.7	60.9	1.3	3269.842	23.1503	-3.29139981285
-95.8198	0.606	977973.1	60.8	0.7	3277.235	23.2003	-3.28845226491
-95.8131	0.6093	977972.5	60.9	0.1	3271.626	23.2503	-3.17557324036
-95.8064	0.6128	977972.8	61.1	0.7	3274.813	23.3003	-3.14668357399
-95.7996	0.6161	977972.3	61.2	0.2	3281.398	23.3503	-3.13902580299
-95.7929	0.6196	977971.9	61	-0.4	3288.94	23.4003	-3.21050414559
-95.7862	0.6231	977971.7	60.8	-0.8	3302.073	23.4503	-3.37678969256
-95.7795	0.6266	977972.1	57.6	-3.6	3312.342	23.5003	-3.60648934373
-95.7738	0.6297	977978.3	43.8	-11.3	3318.901	23.5503	-3.8764945536
-95.7695	0.6322	977991.7	33.8	-7.8	3321.295	23.6003	-4.1228387375
-95.7666	0.6341	978002.9	19	-11.4	3286.707	23.6503	-4.32238483199
-95.765	0.6356	978015.8	13	-4.6	1371.308	23.7003	-4.48408437834
-95.7637	0.637	978019.2	15.5	1.4	-99	23.7503	-4.63672888768
-95.761	0.6388	978010.5	38.1	15.3	-99	23.8003	-4.8557026274
-95.7557	0.6411	977988.9	29.8	-14.7	-99	23.8503	-5.25300570175
-95.7546	0.6417	978011.4	1.8	-20.1	-99	23.9003	-5.36868396023
-95.7544	0.6419	978029.3	NaN	NaN	-163.194	23.9503	-5.39894272212
