-91.1016 -1.7076 977965.8 NaN NaN 3441.423 0.0003 
-91.0975 -1.7039 977965.8 38.8 -32.7 3440.162 0.0503 
-91.0932 -1.7000 977965.3 38.9 -32.9 3454.140 0.1003 
-91.0889 -1.6962 977964.2 39.1 -33.9 3453.908 0.1503 
-91.0845 -1.6923 977963.3 39.6 -34.3 3462.706 0.2003 
-91.0802 -1.6884 977962.3 39.5 -35.3 3481.482 0.2503 
-91.0758 -1.6846 977961.9 39.6 -35.6 3488.478 0.3003 
-91.0714 -1.6808 977961.2 39.7 -36.2 3493.059 0.3503 
-91.0671 -1.6770 977960.4 39.8 -36.9 3490.334 0.4003 
-91.0627 -1.6733 977959.7 40.1 -37.3 3491.423 0.4503 
-91.0583 -1.6695 977958.5 40.1 -38.4 3491.022 0.5003 
-91.0538 -1.6657 977958.0 40.4 -38.6 3497.712 0.5503 
-91.0494 -1.6619 977957.2 40.2 -39.7 3504.497 0.6003 
-91.0450 -1.6581 977957.0 39.8 -40.2 3503.466 0.6503 
-91.0406 -1.6543 977956.1 40.0 -40.9 3510.746 0.7003 
-91.0362 -1.6505 977955.0 40.6 -41.3 3527.026 0.7503 
-91.0317 -1.6467 977953.9 41.1 -42.0 3535.145 0.8003 
-91.0271 -1.6428 977952.8 41.2 -42.9 3528.110 0.8503 
-91.0226 -1.6389 977952.1 41.4 -43.4 3528.598 0.9003 
-91.0180 -1.6350 977951.7 41.4 -43.8 3542.737 0.9503 
-91.0135 -1.6313 977951.1 41.5 -44.3 3550.701 1.0003 
-91.0089 -1.6275 977950.1 41.7 -45.1 3547.923 1.0503 
-91.0043 -1.6236 977949.3 41.5 -46.0 3557.898 1.1003 
-90.9997 -1.6198 977948.8 41.3 -46.7 3563.884 1.1503 
-90.9952 -1.6160 977948.6 41.1 -47.1 3567.077 1.2003 
-90.9907 -1.6122 977948.3 41.1 -47.3 3568.845 1.2503 
-90.9862 -1.6083 977947.3 41.0 -48.5 3569.500 1.3003 
-90.9816 -1.6044 977946.7 41.0 -49.1 3570.762 1.3503 
-90.9771 -1.6005 977946.5 39.9 -50.3 3567.551 1.4003 
-90.9728 -1.5963 977947.4 39.4 -49.8 3573.375 1.4503 
-90.9685 -1.5921 977946.5 39.4 -50.8 3574.774 1.5003 
-90.9642 -1.5879 977945.7 39.3 -51.7 3578.142 1.5503 
-90.9599 -1.5837 977945.1 38.7 -52.8 3578.987 1.6003 
-90.9556 -1.5795 977945.0 38.5 -53.1 3583.778 1.6503 
-90.9514 -1.5753 977944.2 38.8 -53.6 3583.197 1.7003 
-90.9471 -1.5711 977943.1 38.5 -55.0 3583.564 1.7503 
-90.9429 -1.5669 977942.4 38.7 -55.5 3590.336 1.8003 
-90.9386 -1.5628 977941.6 39.1 -55.9 3590.955 1.8503 
-90.9343 -1.5588 977940.9 39.2 -56.4 3586.617 1.9003 
-90.9300 -1.5550 977939.5 40.0 -57.0 3584.362 1.9503 
-90.9255 -1.5513 977937.7 40.0 -58.7 3580.234 2.0003 
-90.9212 -1.5476 977937.3 39.4 -59.7 3579.102 2.0503 
-90.9168 -1.5439 977936.9 39.8 -59.7 3580.903 2.1003 
-90.9124 -1.5402 977935.2 40.2 -61.0 3575.733 2.1503 
-90.9080 -1.5366 977934.2 40.2 -62.0 3567.400 2.2003 
-90.9036 -1.5329 977933.5 39.2 -63.6 3572.224 2.2503 
-90.8993 -1.5290 977934.0 38.5 -63.9 3567.332 2.3003 
-90.8951 -1.5250 977933.8 38.0 -64.6 3567.440 2.3503 
-90.8910 -1.5211 977932.8 38.1 -65.4 3565.781 2.4003 
-90.8868 -1.5172 977931.8 38.0 -66.5 3569.540 2.4503 
-90.8826 -1.5132 977931.1 38.6 -66.6 3570.044 2.5003 
-90.8783 -1.5093 977929.1 39.5 -67.6 3571.553 2.5503 
-90.8739 -1.5056 977927.3 40.0 -68.9 3575.351 2.6003 
-90.8695 -1.5018 977926.3 40.1 -69.8 3574.928 2.6503 
-90.8651 -1.4981 977925.5 40.0 -70.7 3574.327 2.7003 
-90.8607 -1.4942 977924.6 40.0 -71.6 3578.092 2.7503 
-90.8562 -1.4904 977923.8 40.8 -71.6 3578.752 2.8003 
-90.8517 -1.4867 977922.4 40.9 -72.8 3579.468 2.8503 
-90.8472 -1.4830 977921.5 41.2 -73.4 3574.929 2.9003 
-90.8427 -1.4793 977920.8 41.1 -74.2 3580.336 2.9503 
-90.8381 -1.4757 977920.5 41.1 -74.5 3586.849 3.0003 
-90.8336 -1.4720 977920.1 41.0 -75.0 3591.689 3.0503 
-90.8291 -1.4684 977920.1 40.7 -75.3 3599.459 3.1003 
-90.8246 -1.4646 977920.5 40.0 -75.6 3602.148 3.1503 
-90.8203 -1.4608 977921.3 39.1 -75.6 3548.235 3.2003 
-90.8160 -1.4569 977922.3 38.6 -75.1 3481.972 3.2503 
-90.8118 -1.4529 977922.6 39.2 -74.3 3448.360 3.3003 
-90.8074 -1.4490 977922.5 39.2 -74.3 3419.502 3.3503 
-90.8031 -1.4450 977923.1 39.7 -73.2 3402.528 3.4003 
-90.7987 -1.4410 977923.3 39.8 -72.8 3365.317 3.4503 
-90.7943 -1.4371 977924.6 39.8 -71.5 3291.807 3.5003 
-90.7899 -1.4332 977926.0 39.9 -70.0 3219.924 3.5503 
-90.7856 -1.4293 977927.4 39.7 -68.7 3208.246 3.6003 
-90.7812 -1.4255 977929.3 39.6 -67.0 3105.018 3.6503 
-90.7768 -1.4216 977931.6 39.7 -64.6 2924.504 3.7003 
-90.7725 -1.4177 977933.6 39.8 -62.4 2688.101 3.7503 
-90.7681 -1.4139 977935.3 40.0 -60.5 2614.941 3.8003 
-90.7637 -1.4101 977937.0 40.4 -58.4 2602.473 3.8503 
-90.7592 -1.4064 977938.4 41.0 -56.4 2585.532 3.9003 
-90.7546 -1.4028 977939.1 41.7 -55.0 2572.032 3.9503 
-90.7500 -1.3991 977939.6 41.6 -54.6 2554.214 4.0003 
-90.7455 -1.3951 977940.7 41.8 -53.3 2533.730 4.0503 
-90.7408 -1.3910 977940.9 43.1 -51.7 2518.517 4.1003 
-90.7360 -1.3868 977940.9 43.3 -51.5 2501.962 4.1503 
-90.7313 -1.3824 977942.1 43.2 -50.4 2474.072 4.2003 
-90.7265 -1.3781 977943.0 43.1 -49.5 2452.553 4.2503 
-90.7218 -1.3736 977944.7 42.4 -48.6 2430.008 4.3003 
-90.7172 -1.3692 977947.1 41.3 -47.2 2401.439 4.3503 
-90.7126 -1.3649 977950.3 41.3 -44.0 2375.338 4.4003 
-90.7081 -1.3606 977953.5 41.1 -40.9 2341.553 4.4503 
-90.7037 -1.3567 977958.2 39.5 -37.8 2194.654 4.5003 
-90.6993 -1.3528 977963.9 39.5 -32.2 1987.985 4.5503 
-90.6950 -1.3490 977968.8 39.8 -27.0 1809.303 4.6003 
-90.6906 -1.3451 977974.1 39.6 -21.8 1608.122 4.6503 
-90.6863 -1.3412 977980.7 38.9 -16.0 1430.478 4.7003 
-90.6820 -1.3374 977987.8 38.7 -9.0 1246.833 4.7503 
-90.6777 -1.3334 977994.4 38.9 -2.1 1107.912 4.8003 
-90.6734 -1.3294 978000.2 39.2 4.0 1035.987 4.8503 
-90.6691 -1.3255 978005.4 39.4 9.4 995.507 4.9003 
-90.6647 -1.3216 978009.9 40.1 14.6 950.563 4.9503 
-90.6603 -1.3177 978014.1 40.0 18.7 906.148 5.0003 
-90.6559 -1.3139 978018.5 40.1 23.3 858.139 5.0503 
-90.6515 -1.3101 978022.4 40.3 27.3 810.510 5.1003 
-90.6470 -1.3063 978026.4 40.8 31.9 766.295 5.1503 
-90.6425 -1.3025 978030.3 41.2 36.1 677.401 5.2003 
-90.6380 -1.2986 978033.6 41.0 39.3 643.759 5.2503 
-90.6335 -1.2947 978037.0 39.9 41.6 622.025 5.3003 
-90.6291 -1.2908 978039.7 39.2 43.6 609.489 5.3503 
-90.6249 -1.2869 978042.3 38.7 45.7 603.785 5.4003 
-90.6206 -1.2831 978043.7 38.7 47.1 605.022 5.4503 
-90.6164 -1.2794 978044.5 38.6 47.8 510.561 5.5003 
-90.6121 -1.2758 978045.8 38.6 49.2 55.503 5.5503 
-90.6078 -1.2722 978046.4 39.8 51.0 318.926 5.6003 
-90.6034 -1.2682 978045.3 40.0 50.1 571.489 5.6503 
-90.5991 -1.2643 978044.7 NaN NaN 585.275 5.7003 
