-93.3295 2.7985 978052.1 NaN NaN -99.000 0.0003 
-93.3296 2.7985 978051.7 -0.2 6.6 -99.000 0.0503 
-93.3296 2.7985 978051.5 -0.0 6.5 -99.000 0.1003 
-93.3296 2.7985 978051.2 0.0 6.3 -99.000 0.1503 
-93.3296 2.7985 978051.1 0.1 6.2 -99.000 0.2003 
-93.3295 2.7985 978051.1 -0.3 5.8 -99.000 0.2503 
-93.3296 2.7985 978051.7 0.0 6.7 -99.000 0.3003 
-93.3295 2.7985 978051.2 0.0 6.2 -99.000 0.3503 
-93.3294 2.7986 978051.3 0.3 6.6 -99.000 0.4003 
-93.3294 2.7986 978050.7 0.1 5.9 -99.000 0.4503 
-93.3294 2.7986 978051.2 0.1 6.4 -99.000 0.5003 
-93.3291 2.7986 978050.2 1.4 6.5 -99.000 0.5503 
-93.3300 2.7965 978055.9 -14.8 -3.9 -99.000 0.6003 
-93.3309 2.7960 978061.4 -8.9 7.5 -99.000 0.6503 
-93.3312 2.7952 978054.8 -4.7 5.2 -99.000 0.7003 
-93.3316 2.7953 978054.4 -5.7 3.7 -99.000 0.7503 
-93.3323 2.7956 978057.7 -7.2 5.5 -99.000 0.8003 
-93.3329 2.7952 978057.4 -7.3 5.2 -99.000 0.8503 
-93.3336 2.7935 978058.7 -16.8 -3.0 -99.000 0.9003 
-93.3364 2.7927 978072.8 -35.9 -8.0 -99.000 0.9503 
-93.3417 2.7896 978093.3 -56.8 -8.4 1236.891 1.0003 
-93.3487 2.7850 978111.3 -63.5 2.9 2718.838 1.0503 
-93.3560 2.7808 978114.5 -67.1 2.6 2781.817 1.1003 
-93.3636 2.7764 978117.9 -68.5 4.6 2717.481 1.1503 
-93.3713 2.7720 978118.9 -69.1 5.0 2628.789 1.2003 
-93.3790 2.7677 978119.8 -69.4 5.6 2588.467 1.2503 
-93.3868 2.7634 978119.6 -69.6 5.4 2569.876 1.3003 
-93.3946 2.7590 978119.8 -70.0 5.2 2668.393 1.3503 
-93.4024 2.7547 978119.8 -69.7 5.4 2738.386 1.4003 
-93.4102 2.7503 978119.1 -69.4 5.1 2757.640 1.4503 
-93.4180 2.7460 978118.9 -69.1 5.3 2687.649 1.5003 
-93.4257 2.7416 978118.7 -69.0 5.2 2672.252 1.5503 
-93.4334 2.7372 978118.8 -69.3 5.1 2699.322 1.6003 
-93.4412 2.7328 978119.3 -69.8 5.2 2668.839 1.6503 
-93.4490 2.7284 978120.2 -67.0 8.9 2416.906 1.7003 
-93.4528 2.7216 978099.5 57.2 112.3 2255.298 1.7503 
-93.4517 2.7132 978047.3 10.6 13.6 2610.479 1.8003 
-93.4507 2.7046 978041.4 8.7 5.9 2592.523 1.8503 
-93.4498 2.6960 978043.6 7.8 7.3 2605.079 1.9003 
-93.4490 2.6874 978043.8 7.5 7.3 2593.226 1.9503 
-93.4483 2.6787 978044.3 6.7 7.0 2619.645 2.0003 
-93.4476 2.6701 978044.8 6.0 6.8 2640.091 2.0503 
-93.4470 2.6614 978045.8 7.3 9.3 2564.763 2.1003 
-93.4466 2.6528 978046.6 5.4 8.3 2579.992 2.1503 
-93.4461 2.6441 978047.2 4.5 8.0 2619.686 2.2003 
-93.4457 2.6354 978047.6 4.3 8.3 2604.849 2.2503 
-93.4453 2.6267 978048.1 4.5 9.2 2510.475 2.3003 
-93.4448 2.6180 978048.6 4.2 9.4 2503.925 2.3503 
-93.4444 2.6093 978049.3 4.0 9.9 2530.540 2.4003 
-93.4440 2.6006 978049.0 5.4 11.1 2539.358 2.4503 
-93.4433 2.5920 978047.5 6.5 10.8 2507.007 2.5003 
-93.4427 2.5832 978046.8 6.7 10.4 2557.931 2.5503 
-93.4420 2.5744 978046.8 6.2 10.0 2593.123 2.6003 
-93.4414 2.5657 978047.4 5.5 9.9 2531.457 2.6503 
-93.4408 2.5568 978048.4 5.4 10.9 2452.523 2.7003 
-93.4403 2.5479 978049.2 5.2 11.6 2480.523 2.7503 
-93.4398 2.5391 978049.7 5.0 11.9 2506.792 2.8003 
-93.4393 2.5302 978050.3 4.6 12.2 2484.486 2.8503 
-93.4389 2.5214 978050.8 4.6 12.8 2470.515 2.9003 
-93.4384 2.5127 978051.4 4.9 13.7 2465.248 2.9503 
-93.4379 2.5041 978051.9 5.1 14.5 2511.233 3.0003 
-93.4374 2.4954 978053.0 4.7 15.2 2382.093 3.0503 
-93.4369 2.4867 978054.6 4.4 16.6 2304.659 3.1003 
-93.4365 2.4780 978055.8 3.9 17.4 2336.906 3.1503 
-93.4362 2.4693 978057.0 5.1 19.9 2221.416 3.2003 
-93.4357 2.4606 978057.6 6.2 21.7 2190.941 3.2503 
-93.4353 2.4519 978056.9 4.5 19.3 2241.677 3.3003 
-93.4348 2.4432 978057.3 4.3 19.5 2254.847 3.3503 
-93.4344 2.4345 978057.2 4.4 19.5 2245.133 3.4003 
-93.4340 2.4259 978056.8 4.2 19.1 2284.993 3.4503 
-93.4336 2.4173 978056.6 5.5 20.3 2340.629 3.5003 
-93.4332 2.4088 978056.1 5.5 19.7 2283.048 3.5503 
-93.4327 2.4003 978055.0 5.1 18.4 2240.240 3.6003 
-93.4322 2.3917 978054.1 5.3 17.7 2271.182 3.6503 
-93.4316 2.3832 978053.3 5.2 16.9 2311.031 3.7003 
-93.4311 2.3748 978052.0 5.3 15.7 2309.233 3.7503 
-93.4306 2.3664 978050.3 4.9 13.8 2397.809 3.8003 
-93.4301 2.3580 978049.6 4.6 12.8 2481.103 3.8503 
-93.4296 2.3495 978048.3 4.8 11.8 2479.096 3.9003 
-93.4291 2.3410 978047.0 4.9 10.7 2485.273 3.9503 
-93.4286 2.3326 978045.6 5.0 9.4 2464.472 4.0003 
-93.4281 2.3241 978045.1 4.9 8.8 2522.636 4.0503 
-93.4277 2.3156 978044.4 4.8 8.1 2561.577 4.1003 
-93.4272 2.3070 978044.2 5.0 8.2 2566.298 4.1503 
-93.4267 2.2985 978044.1 5.1 8.2 2497.265 4.2003 
-93.4261 2.2900 978044.2 5.3 8.6 2409.752 4.2503 
-93.4256 2.2815 978044.6 4.8 8.5 2429.152 4.3003 
-93.4251 2.2731 978044.8 4.9 8.9 2386.002 4.3503 
-93.4247 2.2646 978045.3 4.9 9.5 2424.112 4.4003 
-93.4241 2.2560 978045.3 4.9 9.6 2432.398 4.4503 
-93.4237 2.2475 978045.1 4.4 8.9 2482.303 4.5003 
-93.4233 2.2389 978044.8 4.5 8.7 2532.234 4.5503 
-93.4228 2.2304 978044.2 5.3 9.0 2528.688 4.6003 
-93.4222 2.2218 978043.6 5.2 8.4 2462.979 4.6503 
-93.4217 2.2132 978043.1 5.4 8.1 2381.115 4.7003 
-93.4211 2.2046 978042.8 5.6 8.0 2494.190 4.7503 
-93.4206 2.1960 978042.4 5.5 7.6 2529.394 4.8003 
-93.4200 2.1874 978041.7 5.4 6.9 2566.606 4.8503 
-93.4195 2.1789 978041.2 4.6 5.6 2595.366 4.9003 
-93.4191 2.1703 978041.9 4.0 5.8 2575.130 4.9503 
-93.4187 2.1617 978042.2 3.5 5.7 2619.471 5.0003 
-93.4184 2.1531 978042.6 4.0 6.7 2632.543 5.0503 
-93.4181 2.1445 978042.5 5.2 7.9 2497.511 5.1003 
-93.4177 2.1359 978042.2 4.6 6.9 2548.790 5.1503 
-93.4172 2.1274 978041.1 5.1 6.5 2608.915 5.2003 
-93.4167 2.1189 978041.1 5.5 6.9 2545.442 5.2503 
-93.4161 2.1103 978041.0 5.2 6.6 2567.743 5.3003 
-93.4156 2.1018 978041.5 5.5 7.3 2519.157 5.3503 
-93.4152 2.0932 978043.1 6.1 9.6 2492.021 5.4003 
-93.4148 2.0847 978043.3 4.4 8.1 2496.697 5.4503 
-93.4143 2.0761 978042.7 9.6 12.9 2454.764 5.5003 
-93.4119 2.0686 978033.8 61.4 55.8 2224.458 5.5503 
-93.4044 2.0693 977992.4 70.8 23.8 2441.878 5.6003 
-93.3965 2.0711 977975.4 72.3 8.3 2552.851 5.6503 
-93.3884 2.0731 977974.3 72.4 7.2 2521.905 5.7003 
-93.3805 2.0749 977974.1 72.3 7.0 2528.395 5.7503 
-93.3724 2.0768 977974.0 73.1 7.6 2532.891 5.8003 
-93.3643 2.0787 977972.8 73.6 7.0 2528.242 5.8503 
-93.3562 2.0806 977972.6 73.7 6.7 2524.607 5.9003 
-93.3480 2.0826 977972.1 73.6 6.1 2529.154 5.9503 
-93.3399 2.0847 977972.0 73.9 6.4 2541.209 6.0003 
-93.3317 2.0867 977971.5 74.3 6.2 2540.870 6.0503 
-93.3235 2.0888 977971.0 74.0 5.4 2557.511 6.1003 
-93.3153 2.0908 977971.9 65.1 -2.5 2582.967 6.1503 
-93.3095 2.0924 977986.6 45.4 -7.6 2584.120 6.2003 
-93.3050 2.0935 978002.5 38.9 1.8 2580.758 6.2503 
-93.3008 2.0947 978005.5 46.8 12.7 2414.068 6.3003 
-93.2943 2.0969 977992.5 60.9 13.8 600.956 6.3503 
-93.2878 2.0993 977984.4 54.9 -0.3 -99.000 6.4003 
-93.2822 2.1016 977992.2 46.1 -1.4 -99.000 6.4503 
-93.2786 2.1015 978009.8 11.7 -18.1 -99.000 6.5003 
-93.2787 2.1009 978040.0 -1.2 -0.9 -99.000 6.5503 
-93.2786 2.1011 978044.3 0.8 5.5 -99.000 6.6003 
-93.2785 2.1015 978043.8 1.0 5.2 -99.000 6.6503 
-93.2784 2.1020 978043.5 0.9 4.8 -99.000 6.7003 
-93.2784 2.1021 978043.9 0.0 4.4 -99.000 6.7503 
-93.2784 2.1021 978044.3 -0.1 4.6 -99.000 6.8003 
-93.2784 2.1021 978044.4 -0.0 4.7 -99.000 6.8503 
-93.2784 2.1021 978044.5 -0.1 4.8 -99.000 6.9003 
-93.2784 2.1021 978044.4 0.0 4.8 -99.000 6.9503 
-93.2784 2.1021 978044.3 0.0 4.7 -99.000 7.0003 
-93.2784 2.1021 978044.5 -0.1 4.8 -99.000 7.0503 
-93.2784 2.1021 978044.5 -0.1 4.8 -99.000 7.1003 
-93.2784 2.1021 978044.7 0.0 5.1 -99.000 7.1503 
-93.2784 2.1021 978044.5 -0.0 4.8 -99.000 7.2003 
-93.2784 2.1021 978044.5 -0.0 4.8 -99.000 7.2503 
-93.2784 2.1021 978044.7 -0.1 5.0 -99.000 7.3003 
-93.2784 2.1021 978044.6 -0.0 5.0 -99.000 7.3503 
-93.2784 2.1021 978044.4 -0.0 4.8 -99.000 7.4003 
-93.2784 2.1021 978044.4 -0.1 4.7 -99.000 7.4503 
-93.2784 2.1021 978044.4 -0.0 4.7 -99.000 7.5003 
-93.2784 2.1021 978044.4 -0.0 4.8 -99.000 7.5503 
-93.2784 2.1021 978044.4 -0.0 4.8 -99.000 7.6003 
-93.2784 2.1021 978044.6 -0.1 4.8 -99.000 7.6503 
-93.2784 2.1021 978044.3 5.0 9.7 -99.000 7.7003 
-93.2774 2.1011 978037.7 12.0 10.1 -99.000 7.7503 
-93.2766 2.0991 978035.8 -0.4 -4.1 -99.000 7.8003 
-93.2767 2.0977 978044.1 -5.8 -1.3 -99.000 7.8503 
-93.2770 2.0966 978046.2 -5.1 1.5 -99.000 7.9003 
-93.2773 2.0961 978046.6 -8.6 -1.5 -99.000 7.9503 
-93.2786 2.0948 978052.7 -24.3 -11.2 -2.947 8.0003 
-93.2780 2.0922 978045.3 29.0 34.7 1693.031 8.0503 
-93.2745 2.0923 978015.6 41.4 17.4 2580.113 8.1003 
-93.2684 2.0937 977995.7 65.8 21.9 2586.541 8.1503 
-93.2604 2.0958 977974.1 73.7 8.2 2591.126 8.2003 
-93.2522 2.0968 977969.5 75.7 5.6 2590.728 8.2503 
-93.2437 2.0968 977967.5 76.6 4.5 2582.398 8.3003 
-93.2353 2.0969 977967.2 76.5 4.2 2568.021 8.3503 
-93.2268 2.0970 977967.4 76.7 4.6 2562.834 8.4003 
-93.2183 2.0971 977967.3 76.9 4.7 2550.616 8.4503 
-93.2097 2.0971 977967.6 77.7 5.7 2524.277 8.5003 
-93.2011 2.0972 977967.0 77.9 5.3 2495.102 8.5503 
-93.1925 2.0972 977967.9 77.6 5.8 2464.986 8.6003 
-93.1840 2.0972 977968.8 77.7 6.9 2461.976 8.6503 
-93.1753 2.0969 977968.6 77.8 6.8 2490.843 8.7003 
-93.1667 2.0966 977968.3 77.8 6.5 2468.960 8.7503 
-93.1582 2.0964 977968.4 77.6 6.4 2471.703 8.8003 
-93.1496 2.0963 977968.6 76.7 5.7 2443.168 8.8503 
-93.1414 2.0953 977975.2 72.4 8.0 2261.682 8.9003 
-93.1399 2.0875 978020.9 77.0 58.4 2281.073 8.9503 
-93.1395 2.0785 978042.5 4.4 7.4 2388.342 9.0003 
-93.1391 2.0695 978041.9 4.1 6.6 2379.582 9.0503 
-93.1386 2.0606 978041.9 4.2 6.7 2429.135 9.1003 
-93.1382 2.0516 978041.8 4.1 6.6 2453.974 9.1503 
-93.1378 2.0426 978041.9 4.1 6.8 2475.631 9.2003 
-93.1374 2.0337 978042.3 4.5 7.6 2428.895 9.2503 
-93.1370 2.0248 978043.3 4.4 8.6 2370.346 9.3003 
-93.1365 2.0159 978045.2 4.4 10.6 2266.029 9.3503 
-93.1361 2.0069 978047.4 4.3 12.7 2182.390 9.4003 
-93.1357 1.9979 978049.3 4.1 14.5 2085.462 9.4503 
-93.1353 1.9889 978050.4 4.3 15.7 2126.584 9.5003 
-93.1349 1.9799 978050.2 4.3 15.6 2162.452 9.5503 
-93.1345 1.9710 978049.6 4.0 14.9 2146.485 9.6003 
-93.1341 1.9620 978048.9 4.9 15.1 2290.585 9.6503 
-93.1336 1.9530 978046.2 4.8 12.3 2406.249 9.7003 
-93.1331 1.9440 978045.6 4.4 11.4 2449.194 9.7503 
-93.1327 1.9350 978045.4 4.2 11.0 2470.568 9.8003 
-93.1323 1.9261 978045.1 3.9 10.6 2478.591 9.8503 
-93.1319 1.9173 978045.0 3.8 10.3 2449.039 9.9003 
-93.1315 1.9085 978045.8 3.8 11.2 2395.497 9.9503 
-93.1312 1.8997 978046.3 4.2 12.2 2440.363 10.0003 
-93.1307 1.8908 978045.9 5.5 13.0 2454.455 10.0503 
-93.1301 1.8818 978044.6 5.4 11.7 2436.228 10.1003 
-93.1296 1.8730 978044.8 4.8 11.4 2420.671 10.1503 
-93.1291 1.8641 978045.1 4.4 11.4 2442.267 10.2003 
-93.1287 1.8553 978045.0 4.3 11.2 2451.636 10.2503 
-93.1283 1.8465 978044.5 5.0 11.5 2463.929 10.3003 
-93.1278 1.8376 978043.8 4.9 10.7 2467.060 10.3503 
-93.1273 1.8287 978043.4 4.8 10.2 2461.995 10.4003 
-93.1268 1.8198 978042.7 5.2 10.0 2464.246 10.4503 
-93.1263 1.8110 978042.2 5.0 9.4 2459.573 10.5003 
-93.1258 1.8021 978041.2 5.2 8.7 2491.457 10.5503 
-93.1253 1.7932 978039.8 4.8 6.9 2550.537 10.6003 
-93.1248 1.7844 978039.1 4.8 6.2 2569.965 10.6503 
-93.1243 1.7756 978038.3 4.6 5.3 2574.481 10.7003 
-93.1239 1.7668 978038.2 4.5 5.0 2602.113 10.7503 
-93.1234 1.7580 978037.6 5.0 5.1 2602.078 10.8003 
-93.1229 1.7491 978037.2 5.0 4.7 2649.389 10.8503 
-93.1224 1.7402 978037.7 4.7 5.0 2689.637 10.9003 
-93.1220 1.7313 978038.1 4.8 5.5 2629.165 10.9503 
-93.1215 1.7225 978038.6 4.7 6.0 2591.448 11.0003 
-93.1210 1.7136 978039.3 4.6 6.7 2585.754 11.0503 
-93.1205 1.7049 978040.1 5.2 8.1 2558.541 11.1003 
-93.1200 1.6961 978041.3 5.2 9.4 2522.108 11.1503 
-93.1195 1.6872 978043.1 5.0 10.9 2496.768 11.2003 
-93.1190 1.6782 978045.1 29.3 37.3 2361.230 11.2503 
-93.1191 1.6694 978053.1 -66.6 -50.6 2251.906 11.3003 
-93.1246 1.6623 978092.4 -53.8 1.5 2375.544 11.3503 
-93.1308 1.6554 978107.0 -56.1 13.9 2407.489 11.4003 
-93.1371 1.6486 978106.7 -56.2 13.6 2435.583 11.4503 
-93.1434 1.6417 978104.6 -56.3 11.4 2536.258 11.5003 
-93.1497 1.6349 978102.9 -56.4 9.6 2598.134 11.5503 
-93.1560 1.6280 978101.5 -56.2 8.5 2611.778 11.6003 
-93.1622 1.6211 978099.7 -55.8 7.1 2610.092 11.6503 
-93.1684 1.6143 978097.8 -55.1 5.9 2604.393 11.7003 
-93.1746 1.6075 978096.8 -55.2 4.9 2591.670 11.7503 
-93.1807 1.6006 978096.7 -55.7 4.3 2598.953 11.8003 
-93.1870 1.5937 978096.8 -55.5 4.7 2652.282 11.8503 
-93.1932 1.5868 978095.4 -55.3 3.5 2583.521 11.9003 
-93.1994 1.5798 978095.2 -55.3 3.3 2606.922 11.9503 
-93.2055 1.5728 978093.4 -55.1 1.7 2687.304 12.0003 
-93.2117 1.5658 978092.7 -55.1 1.1 2726.418 12.0503 
-93.2178 1.5588 978091.5 -55.0 0.0 2764.120 12.1003 
-93.2240 1.5520 978090.8 -51.8 2.5 2782.422 12.1503 
-93.2291 1.5464 978084.0 -38.5 9.1 2797.668 12.2003 
-93.2328 1.5427 978070.6 -31.2 3.0 2766.930 12.2503 
-93.2359 1.5400 978065.1 -25.0 3.7 2731.472 12.3003 
-93.2384 1.5381 978059.4 -25.7 -2.6 2741.124 12.3503 
-93.2418 1.5349 978064.1 -36.8 -9.1 2124.615 12.4003 
-93.2464 1.5304 978075.5 -44.2 -5.0 163.660 12.4503 
-93.2516 1.5263 978080.5 -39.1 5.0 -99.000 12.5003 
-93.2547 1.5236 978069.0 -21.7 10.9 -99.000 12.5503 
-93.2549 1.5228 978042.5 3.7 9.8 -99.000 12.6003 
-93.2548 1.5227 978034.8 -0.0 -1.5 -99.000 12.6503 
-93.2548 1.5227 978036.2 0.2 0.1 -99.000 12.7003 
-93.2548 1.5227 978036.1 0.0 -0.2 -99.000 12.7503 
-93.2548 1.5227 978036.1 0.1 -0.1 -99.000 12.8003 
-93.2548 1.5227 978036.1 0.0 -0.2 -99.000 12.8503 
-93.2548 1.5227 978036.2 0.1 -0.0 -99.000 12.9003 
-93.2548 1.5227 978036.2 0.1 -0.1 -99.000 12.9503 
-93.2548 1.5227 978036.1 0.1 -0.2 -99.000 13.0003 
-93.2548 1.5227 978036.2 -0.0 -0.2 -99.000 13.0503 
-93.2548 1.5227 978036.3 -0.0 -0.1 -99.000 13.1003 
-93.2548 1.5227 978036.5 0.0 0.1 -99.000 13.1503 
-93.2548 1.5227 978036.3 0.0 -0.0 -99.000 13.2003 
-93.2548 1.5227 978036.1 0.0 -0.2 -99.000 13.2503 
-93.2548 1.5227 978036.0 0.1 -0.2 -99.000 13.3003 
-93.2548 1.5227 978036.2 0.0 -0.1 -99.000 13.3503 
-93.2548 1.5227 978036.0 -0.0 -0.4 -99.000 13.4003 
-93.2548 1.5227 978036.0 0.0 -0.3 -99.000 13.4503 
-93.2548 1.5227 978036.1 0.0 -0.2 -99.000 13.5003 
-93.2548 1.5227 978036.2 0.0 -0.1 -99.000 13.5503 
-93.2548 1.5227 978036.3 0.0 -0.0 -99.000 13.6003 
-93.2548 1.5227 978036.3 0.0 -0.0 -99.000 13.6503 
-93.2548 1.5227 978036.1 0.0 -0.2 -99.000 13.7003 
-93.2548 1.5227 978036.1 -0.0 -0.3 -99.000 13.7503 
-93.2548 1.5227 978036.2 0.1 -0.0 -99.000 13.8003 
-93.2548 1.5227 978036.2 2.7 2.6 -99.000 13.8503 
-93.2545 1.5218 978034.6 -11.9 -13.6 -99.000 13.9003 
-93.2555 1.5199 978042.1 -8.4 -2.6 -99.000 13.9503 
-93.2562 1.5182 978043.9 -6.7 0.9 -99.000 14.0003 
-93.2570 1.5175 978042.3 -7.1 -1.0 -99.000 14.0503 
-93.2577 1.5170 978043.4 -10.7 -3.6 -99.000 14.1003 
-93.2595 1.5157 978049.9 -22.6 -9.0 23.631 14.1503 
-93.2625 1.5153 978062.2 -44.0 -18.2 1895.072 14.2003 
-93.2698 1.5155 978093.4 -76.9 -19.8 2804.997 14.2503 
-93.2791 1.5157 978118.0 -83.9 -2.2 2824.296 14.3003 
-93.2885 1.5159 978120.2 -83.9 0.0 2865.630 14.3503 
-93.2979 1.5159 978119.6 -83.6 -0.3 2842.830 14.4003 
-93.3072 1.5157 978118.7 -83.5 -1.1 2848.760 14.4503 
-93.3166 1.5152 978118.6 -84.2 -1.8 2886.493 14.5003 
-93.3261 1.5149 978119.3 -85.0 -1.9 2875.349 14.5503 
-93.3356 1.5145 978120.2 -84.9 -1.0 2835.074 14.6003 
-93.3450 1.5140 978120.0 -84.5 -0.8 2814.882 14.6503 
-93.3545 1.5135 978120.5 -84.2 0.1 2834.007 14.7003 
-93.3639 1.5129 978120.7 -84.2 0.3 2822.537 14.7503 
-93.3733 1.5122 978121.5 -84.4 0.9 2799.999 14.8003 
-93.3828 1.5117 978122.6 -84.4 2.0 2789.426 14.8503 
-93.3922 1.5111 978123.0 -84.4 2.3 3008.650 14.9003 
-93.4016 1.5104 978123.9 -84.5 3.2 3100.973 14.9503 
-93.4111 1.5097 978125.6 -84.6 4.7 3066.412 15.0003 
-93.4206 1.5091 978127.5 -84.8 6.4 2883.498 15.0503 
-93.4301 1.5085 978130.0 -85.1 8.7 2746.735 15.1003 
-93.4396 1.5078 978132.2 -85.1 10.8 2640.194 15.1503 
-93.4491 1.5072 978134.0 -85.2 12.6 2553.011 15.2003 
-93.4586 1.5066 978134.6 -85.2 13.2 2571.344 15.2503 
-93.4682 1.5058 978133.8 -84.6 12.9 2713.676 15.3003 
-93.4776 1.5050 978131.3 -84.2 10.8 2841.215 15.3503 
-93.4870 1.5043 978128.5 -84.1 8.1 2790.445 15.4003 
-93.4964 1.5036 978125.8 -84.2 5.3 2805.781 15.4503 
-93.5058 1.5031 978123.4 -84.1 3.1 2901.621 15.5003 
-93.5152 1.5025 978121.6 -84.7 0.7 2958.237 15.5503 
-93.5247 1.5020 978121.3 -84.8 0.3 2895.583 15.6003 
-93.5342 1.5014 978120.5 -85.1 -0.8 2835.039 15.6503 
-93.5438 1.5008 978120.6 -85.2 -0.8 2824.878 15.7003 
-93.5533 1.5002 978119.9 -85.3 -1.6 2929.759 15.7503 
-93.5628 1.4995 978118.9 -85.6 -2.9 3015.937 15.8003 
-93.5724 1.4989 978118.3 -85.6 -3.5 3019.976 15.8503 
-93.5820 1.4982 978117.4 -85.7 -4.5 3009.914 15.9003 
-93.5916 1.4976 978117.0 -85.6 -4.8 3032.219 15.9503 
-93.6012 1.4969 978116.6 -85.7 -5.3 3006.378 16.0003 
-93.6107 1.4963 978116.6 -85.6 -5.2 2952.050 16.0503 
-93.6203 1.4957 978116.3 -85.5 -5.3 2939.927 16.1003 
-93.6299 1.4951 978116.8 -85.4 -4.7 2964.939 16.1503 
-93.6394 1.4945 978117.6 -85.5 -4.2 3023.488 16.2003 
-93.6490 1.4938 978118.4 -85.6 -3.4 3017.337 16.2503 
-93.6586 1.4931 978119.6 -85.4 -2.0 2949.732 16.3003 
-93.6681 1.4924 978120.5 -85.0 -0.6 2945.031 16.3503 
-93.6776 1.4917 978122.1 -84.6 1.3 2936.998 16.4003 
-93.6870 1.4912 978123.4 -84.1 3.1 2828.544 16.4503 
-93.6964 1.4906 978124.3 -83.4 4.7 2828.608 16.5003 
-93.7057 1.4899 978125.0 -83.1 5.7 2772.939 16.5503 
-93.7150 1.4893 978126.2 -83.5 6.6 2664.596 16.6003 
-93.7243 1.4886 978127.7 -83.7 7.8 2711.448 16.6503 
-93.7337 1.4880 978128.8 -83.9 8.7 2744.662 16.7003 
-93.7431 1.4873 978129.6 -83.6 9.9 2758.856 16.7503 
-93.7524 1.4867 978129.8 -83.3 10.3 2715.509 16.8003 
-93.7617 1.4860 978130.3 -83.6 10.6 2691.168 16.8503 
-93.7711 1.4854 978130.7 -83.6 10.9 2727.664 16.9003 
-93.7804 1.4847 978131.4 -83.7 11.6 2781.185 16.9503 
-93.7898 1.4841 978131.8 -83.1 12.6 2723.478 17.0003 
-93.7990 1.4835 978131.9 -83.1 12.7 2748.907 17.0503 
-93.8084 1.4829 978132.5 -83.9 12.5 2793.078 17.1003 
-93.8177 1.4824 978133.8 -83.7 14.0 2742.294 17.1503 
-93.8271 1.4819 978134.3 -83.6 14.5 2715.801 17.2003 
-93.8364 1.4814 978134.6 -83.8 14.7 2717.690 17.2503 
-93.8458 1.4808 978135.3 -84.2 15.0 2707.018 17.3003 
-93.8553 1.4801 978135.8 -83.8 15.8 2688.551 17.3503 
-93.8646 1.4795 978135.6 -82.9 16.6 2777.566 17.4003 
-93.8738 1.4787 978134.6 -82.6 15.9 2782.490 17.4503 
-93.8831 1.4780 978134.2 -82.8 15.3 2696.597 17.5003 
-93.8923 1.4773 978134.6 -83.2 15.3 2619.424 17.5503 
-93.9016 1.4768 978134.5 -83.4 15.1 2578.878 17.6003 
-93.9110 1.4763 978133.9 -83.5 14.3 2539.348 17.6503 
-93.9203 1.4757 978132.8 -83.7 13.0 2614.086 17.7003 
-93.9297 1.4752 978132.2 -83.7 12.4 2693.145 17.7503 
-93.9390 1.4746 978131.1 -83.8 11.2 2780.327 17.8003 
-93.9485 1.4741 978129.8 -84.3 9.5 2780.939 17.8503 
-93.9579 1.4735 978128.5 -84.2 8.3 2773.416 17.9003 
-93.9673 1.4728 978126.5 -80.7 9.6 2830.490 17.9503 
-93.9754 1.4724 978117.3 -58.3 23.0 2874.499 18.0003 
-93.9806 1.4723 978091.0 -43.4 11.6 2861.455 18.0503 
-93.9852 1.4723 978081.0 -46.4 -1.4 2869.288 18.1003 
-93.9915 1.4720 978090.8 -70.9 -16.1 2942.765 18.1503 
-94.0006 1.4718 978115.2 -81.9 -2.9 2355.253 18.2003 
-94.0098 1.4716 978118.5 -81.7 0.7 201.639 18.2503 
-94.0188 1.4714 978115.7 -73.0 6.6 -99.000 18.3003 
-94.0259 1.4720 978102.3 -54.8 11.4 -99.000 18.3503 
-94.0308 1.4725 978083.5 -27.2 20.2 -99.000 18.4003 
-94.0321 1.4720 978052.4 -7.4 8.9 -99.000 18.4503 
-94.0325 1.4720 978038.7 -1.4 1.2 -99.000 18.5003 
-94.0325 1.4720 978034.6 0.0 -1.5 -99.000 18.5503 
-94.0325 1.4720 978033.6 0.1 -2.4 -99.000 18.6003 
-94.0325 1.4720 978033.5 0.3 -2.3 -99.000 18.6503 
-94.0325 1.4720 978033.5 0.1 -2.5 -99.000 18.7003 
-94.0325 1.4720 978033.4 0.1 -2.7 -99.000 18.7503 
-94.0325 1.4720 978033.6 0.0 -2.5 -99.000 18.8003 
-94.0325 1.4720 978033.7 0.2 -2.2 -99.000 18.8503 
-94.0325 1.4720 978033.7 -1.2 -3.5 -99.000 18.9003 
-94.0327 1.4719 978035.3 -2.5 -3.3 -99.000 18.9503 
-94.0330 1.4717 978035.8 -2.2 -2.5 -99.000 19.0003 
-94.0331 1.4716 978034.7 -0.1 -1.5 -99.000 19.0503 
-94.0331 1.4716 978033.4 0.1 -2.6 -99.000 19.1003 
-94.0331 1.4716 978033.7 0.1 -2.3 -99.000 19.1503 
-94.0331 1.4716 978033.5 0.1 -2.5 -99.000 19.2003 
-94.0331 1.4716 978033.5 -0.1 -2.6 -99.000 19.2503 
-94.0331 1.4716 978033.3 0.1 -2.7 -99.000 19.3003 
-94.0331 1.4716 978033.4 0.3 -2.4 -99.000 19.3503 
-94.0331 1.4716 978033.2 0.5 -2.4 -99.000 19.4003 
-94.0331 1.4716 978033.1 0.2 -2.8 -99.000 19.4503 
-94.0331 1.4716 978033.4 -0.0 -2.7 -99.000 19.5003 
-94.0331 1.4716 978033.4 0.1 -2.6 -99.000 19.5503 
-94.0331 1.4716 978033.4 0.1 -2.6 -99.000 19.6003 
-94.0331 1.4716 978033.4 0.1 -2.6 -99.000 19.6503 
-94.0331 1.4716 978033.4 0.1 -2.5 -99.000 19.7003 
-94.0331 1.4715 978033.2 0.1 -2.8 -99.000 19.7503 
-94.0330 1.4718 978032.8 5.9 2.6 -99.000 19.8003 
-94.0321 1.4712 978027.4 -4.7 -13.3 -99.000 19.8503 
-94.0331 1.4705 978038.6 -8.5 -6.0 -99.000 19.9003 
-94.0339 1.4698 978040.9 -8.1 -3.2 -99.000 19.9503 
-94.0347 1.4700 978040.7 -10.3 -5.7 -99.000 20.0003 
-94.0358 1.4698 978043.1 -9.6 -2.6 -99.000 20.0503 
-94.0368 1.4701 978042.2 -11.2 -5.1 -99.000 20.1003 
-94.0372 1.4686 978038.0 6.8 8.7 -99.000 20.1503 
-94.0351 1.4685 978019.2 33.8 17.0 1083.751 20.2003 
-94.0300 1.4706 977992.2 57.2 13.3 2984.969 20.2503 
-94.0230 1.4740 977972.1 64.3 0.2 3040.542 20.3003 
-94.0159 1.4775 977969.9 64.2 -1.9 2986.939 20.3503 
-94.0088 1.4812 977971.0 64.2 -0.9 2927.611 20.4003 
-94.0017 1.4849 977972.9 63.8 0.6 2899.421 20.4503 
-93.9947 1.4887 977975.0 63.2 2.0 2862.062 20.5003 
-93.9878 1.4925 977977.3 63.3 4.3 2838.252 20.5503 
-93.9808 1.4963 977979.3 63.0 6.1 2797.419 20.6003 
-93.9739 1.5000 977981.1 63.0 7.9 2690.380 20.6503 
-93.9669 1.5038 977982.5 63.3 9.6 2672.736 20.7003 
-93.9599 1.5076 977983.0 63.6 10.4 2727.141 20.7503 
-93.9529 1.5114 977983.7 63.8 11.3 2752.148 20.8003 
-93.9458 1.5153 977984.2 63.8 11.7 2721.199 20.8503 
-93.9388 1.5191 977984.0 64.0 11.7 2670.347 20.9003 
-93.9317 1.5230 977984.3 64.1 12.0 2686.049 20.9503 
-93.9247 1.5269 977983.8 63.7 11.2 2713.150 21.0003 
-93.9177 1.5309 977984.5 62.9 11.0 2687.416 21.0503 
-93.9108 1.5349 977984.1 63.4 11.0 2798.761 21.1003 
-93.9037 1.5386 977982.5 61.4 7.5 2880.885 21.1503 
-93.8982 1.5444 977995.1 22.3 -19.0 2820.645 21.2003 
-93.8996 1.5530 978045.8 -18.7 -9.4 2725.674 21.2503 
-93.9015 1.5617 978062.4 -15.0 10.9 2783.421 21.3003 
-93.9032 1.5706 978056.8 -14.3 5.9 2672.747 21.3503 
-93.9048 1.5795 978054.2 -13.9 3.7 2844.064 21.4003 
-93.9064 1.5884 978051.5 -13.3 1.5 3106.914 21.4503 
-93.9078 1.5972 978048.5 -12.8 -0.9 3111.040 21.5003 
-93.9093 1.6059 978047.3 -13.5 -2.9 3039.255 21.5503 
-93.9109 1.6148 978047.9 -13.7 -2.5 2891.383 21.6003 
-93.9125 1.6236 978048.7 -13.7 -1.8 2836.883 21.6503 
-93.9140 1.6324 978049.9 -13.8 -0.8 2828.168 21.7003 
-93.9156 1.6410 978051.6 -13.7 1.0 2807.589 21.7503 
-93.9172 1.6496 978053.1 -13.5 2.6 2746.797 21.8003 
-93.9187 1.6582 978054.6 -13.5 4.1 2685.626 21.8503 
-93.9202 1.6669 978056.0 -13.3 5.7 2700.676 21.9003 
-93.9218 1.6756 978057.2 -14.1 6.1 2719.134 21.9503 
-93.9234 1.6843 978059.0 -14.4 7.5 2688.305 22.0003 
-93.9251 1.6931 978060.4 -14.6 8.6 2700.745 22.0503 
-93.9267 1.7018 978061.6 -14.5 9.8 2687.240 22.1003 
-93.9284 1.7105 978062.6 -14.8 10.6 2641.022 22.1503 
-93.9300 1.7192 978063.2 -13.6 12.3 2669.845 22.2003 
-93.9315 1.7279 978062.3 -13.0 11.9 2659.409 22.2503 
-93.9330 1.7367 978062.0 -13.3 11.3 2632.946 22.3003 
-93.9345 1.7454 978061.9 -12.9 11.5 2651.393 22.3503 
-93.9360 1.7542 978060.8 -12.4 10.9 2686.183 22.4003 
-93.9374 1.7630 978059.8 -11.7 10.5 2688.301 22.4503 
-93.9387 1.7718 978058.8 -11.5 9.7 2656.576 22.5003 
-93.9400 1.7807 978058.5 -11.4 9.5 2656.366 22.5503 
-93.9413 1.7895 978058.9 -11.3 9.8 2659.591 22.6003 
-93.9426 1.7984 978059.5 -11.4 10.3 2608.825 22.6503 
-93.9439 1.8073 978059.8 -11.3 10.8 2624.553 22.7003 
-93.9452 1.8162 978060.3 -11.5 10.9 2617.671 22.7503 
-93.9466 1.8251 978060.9 -12.9 10.0 2566.710 22.8003 
-93.9481 1.8340 978061.5 -13.2 10.4 2638.923 22.8503 
-93.9496 1.8430 978059.9 -13.3 8.6 2784.104 22.9003 
-93.9512 1.8520 978058.4 -13.3 7.0 2846.428 22.9503 
-93.9527 1.8610 978057.3 -13.1 6.1 2819.500 23.0003 
-93.9542 1.8701 978057.1 -13.4 5.5 2753.608 23.0503 
-93.9557 1.8791 978058.2 -13.6 6.5 2672.680 23.1003 
-93.9573 1.8881 978059.8 -13.8 7.7 2651.431 23.1503 
-93.9589 1.8970 978061.6 -13.4 9.9 2578.021 23.2003 
-93.9603 1.9059 978062.2 -13.4 10.5 2557.366 23.2503 
-93.9620 1.9148 978064.3 -14.7 11.1 2517.403 23.3003 
-93.9637 1.9237 978066.1 -14.4 13.2 2495.053 23.3503 
-93.9653 1.9325 978066.2 -13.5 14.1 2500.029 23.4003 
-93.9667 1.9411 978065.3 -12.4 14.2 2536.023 23.4503 
-93.9681 1.9495 978064.7 -12.0 14.0 2606.164 23.5003 
-93.9695 1.9579 978064.3 -12.2 13.4 2570.454 23.5503 
-93.9709 1.9662 978064.8 -12.1 13.9 2611.450 23.6003 
-93.9723 1.9746 978065.1 -12.3 14.0 2563.921 23.6503 
-93.9737 1.9830 978065.8 -12.8 14.1 2471.066 23.7003 
-93.9752 1.9913 978066.0 -13.2 13.9 2447.062 23.7503 
-93.9767 1.9997 978065.9 -13.6 13.4 2428.869 23.8003 
-93.9782 2.0081 978063.8 -13.0 11.8 2663.242 23.8503 
-93.9797 2.0166 978061.3 -12.9 9.4 2790.197 23.9003 
-93.9812 2.0251 978059.0 NaN NaN 2742.069 23.9503 
