-92.9103 -0.7685 977954.0 NaN NaN 3256.847 0.0003 
-92.9022 -0.7675 977954.4 74.5 -4.7 3277.709 0.0503 
-92.8940 -0.7665 977954.5 74.6 -4.5 3295.549 0.1003 
-92.8857 -0.7654 977954.0 74.7 -5.0 3298.115 0.1503 
-92.8775 -0.7643 977954.2 74.2 -5.2 3285.953 0.2003 
-92.8693 -0.7632 977954.5 73.5 -5.6 3258.229 0.2503 
-92.8612 -0.7621 977954.3 73.3 -6.0 3234.892 0.3003 
-92.8531 -0.7609 977954.2 73.6 -5.7 3225.819 0.3503 
-92.8450 -0.7597 977954.2 73.7 -5.7 3242.549 0.4003 
-92.8368 -0.7586 977953.8 73.7 -6.1 3246.022 0.4503 
-92.8287 -0.7576 977954.4 72.8 -6.4 3242.692 0.5003 
-92.8207 -0.7565 977955.7 71.6 -6.3 3240.878 0.5503 
-92.8129 -0.7556 977957.4 70.4 -5.8 3231.165 0.6003 
-92.8052 -0.7544 977958.4 70.4 -4.8 3233.206 0.6503 
-92.7974 -0.7532 977959.0 70.1 -4.5 3219.751 0.7003 
-92.7897 -0.7519 977959.4 70.4 -3.8 3195.076 0.7503 
-92.7819 -0.7506 977958.7 70.5 -4.4 3183.221 0.8003 
-92.7740 -0.7493 977958.5 71.6 -3.4 3171.800 0.8503 
-92.7661 -0.7480 977958.5 72.0 -3.0 3165.570 0.9003 
-92.7582 -0.7467 977958.7 71.7 -3.2 3120.066 0.9503 
-92.7502 -0.7455 977959.4 71.6 -2.5 3100.094 1.0003 
-92.7423 -0.7443 977959.9 71.5 -2.1 3130.409 1.0503 
-92.7344 -0.7431 977960.7 71.1 -1.8 3124.576 1.1003 
-92.7266 -0.7419 977960.9 70.4 -2.2 3137.130 1.1503 
-92.7189 -0.7408 977961.9 70.2 -1.4 3164.945 1.2003 
-92.7111 -0.7399 977961.2 71.0 -1.3 3184.095 1.2503 
-92.7032 -0.7390 977960.3 71.3 -1.9 3191.899 1.3003 
-92.6953 -0.7381 977959.5 71.3 -2.8 3190.166 1.3503 
-92.6875 -0.7372 977959.7 70.6 -3.2 3174.808 1.4003 
-92.6797 -0.7361 977960.2 70.2 -3.1 3153.282 1.4503 
-92.6720 -0.7349 977960.0 70.3 -3.2 3135.473 1.5003 
-92.6642 -0.7336 977960.0 69.9 -3.7 3152.118 1.5503 
-92.6565 -0.7323 977960.7 69.5 -3.3 3163.145 1.6003 
-92.6488 -0.7310 977961.0 69.6 -2.9 3158.937 1.6503 
-92.6411 -0.7297 977960.8 69.8 -2.9 3150.506 1.7003 
-92.6334 -0.7287 977960.3 70.5 -2.7 3128.907 1.7503 
-92.6256 -0.7275 977959.6 71.2 -2.8 3147.730 1.8003 
-92.6177 -0.7264 977958.0 71.7 -3.8 3173.825 1.8503 
-92.6098 -0.7252 977958.0 71.6 -4.0 3168.045 1.9003 
-92.6019 -0.7240 977957.9 71.2 -4.4 3164.259 1.9503 
-92.5940 -0.7229 977958.4 70.9 -4.3 3162.138 2.0003 
-92.5862 -0.7216 977958.1 70.9 -4.5 3142.264 2.0503 
-92.5784 -0.7204 977958.1 71.0 -4.4 3121.915 2.1003 
-92.5705 -0.7192 977957.4 71.4 -4.7 3120.229 2.1503 
-92.5626 -0.7180 977956.9 71.4 -5.2 3119.082 2.2003 
-92.5547 -0.7168 977957.2 71.3 -5.0 3121.956 2.2503 
-92.5468 -0.7157 977956.6 72.0 -4.9 3135.835 2.3003 
-92.5388 -0.7146 977955.9 72.5 -5.1 3161.222 2.3503 
-92.5308 -0.7134 977955.0 73.2 -5.3 3151.238 2.4003 
-92.5227 -0.7123 977954.9 72.9 -5.8 3133.237 2.4503 
-92.5147 -0.7112 977955.0 72.4 -6.1 3136.382 2.5003 
-92.5067 -0.7100 977955.3 71.6 -6.5 3146.125 2.5503 
-92.4988 -0.7089 977955.7 71.6 -6.2 3169.941 2.6003 
-92.4909 -0.7078 977955.6 71.8 -6.0 3167.625 2.6503 
-92.4830 -0.7068 977956.1 71.3 -6.0 3149.144 2.7003 
-92.4751 -0.7058 977955.9 71.1 -6.4 3156.109 2.7503 
-92.4673 -0.7049 977955.8 71.2 -6.5 3165.070 2.8003 
-92.4594 -0.7039 977956.0 71.6 -5.8 3177.142 2.8503 
-92.4515 -0.7028 977955.8 71.6 -6.0 3169.578 2.9003 
-92.4436 -0.7015 977955.7 71.6 -6.2 3138.594 2.9503 
-92.4357 -0.7002 977955.6 71.4 -6.4 3121.939 3.0003 
-92.4278 -0.6990 977955.7 71.7 -6.1 3111.707 3.0503 
-92.4198 -0.6977 977954.8 71.4 -7.2 3102.659 3.1003 
-92.4120 -0.6965 977954.6 71.1 -7.7 3115.335 3.1503 
-92.4041 -0.6953 977955.3 71.3 -6.9 3142.259 3.2003 
-92.3963 -0.6941 977954.9 70.7 -7.8 3146.403 3.2503 
-92.3885 -0.6928 977954.8 70.6 -8.0 3143.279 3.3003 
-92.3807 -0.6914 977954.9 70.7 -7.9 3142.702 3.3503 
-92.3728 -0.6901 977954.5 70.7 -8.2 3142.427 3.4003 
-92.3651 -0.6890 977954.3 70.6 -8.6 3141.477 3.4503 
-92.3572 -0.6878 977953.1 71.2 -9.1 3137.676 3.5003 
-92.3494 -0.6867 977952.2 71.3 -9.9 3146.476 3.5503 
-92.3415 -0.6855 977952.1 71.6 -9.7 3164.531 3.6003 
-92.3335 -0.6844 977951.2 71.9 -10.4 3180.863 3.6503 
-92.3257 -0.6833 977950.5 70.9 -12.0 3195.363 3.7003 
-92.3178 -0.6821 977951.2 70.9 -11.3 3202.604 3.7503 
-92.3100 -0.6809 977951.4 70.9 -11.0 3194.887 3.8003 
-92.3022 -0.6797 977951.3 71.4 -10.8 3178.950 3.8503 
-92.2942 -0.6785 977950.7 71.5 -11.2 3149.734 3.9003 
-92.2864 -0.6773 977950.5 71.4 -11.5 3108.971 3.9503 
-92.2785 -0.6761 977951.3 71.4 -10.7 3095.217 4.0003 
-92.2706 -0.6749 977951.1 71.7 -10.6 3100.004 4.0503 
-92.2627 -0.6737 977950.5 71.9 -11.0 3119.335 4.1003 
-92.2547 -0.6726 977949.3 72.1 -12.0 3157.168 4.1503 
-92.2467 -0.6715 977948.1 72.6 -12.7 3176.054 4.2003 
-92.2387 -0.6703 977946.4 72.8 -14.2 3190.569 4.2503 
-92.2306 -0.6690 977944.7 69.9 -18.8 3206.133 4.3003 
-92.2237 -0.6679 977952.5 44.4 -36.4 2731.426 4.3503 
-92.2205 -0.6670 977980.4 25.7 -27.2 367.719 4.4003 
-92.2177 -0.6663 977990.5 30.6 -12.3 -99.000 4.4503 
-92.2133 -0.6653 977979.2 52.2 -2.0 -99.000 4.5003 
-92.2069 -0.6628 977960.8 45.4 -27.2 -99.000 4.5503 
-92.2034 -0.6605 977977.9 22.7 -32.7 -99.000 4.6003 
-92.2028 -0.6611 978003.3 2.7 -27.3 -99.000 4.6503 
-92.2028 -0.6611 978014.0 0.1 -19.3 -99.000 4.7003 
-92.2028 -0.6612 978014.1 0.1 -19.1 -99.000 4.7503 
-92.2028 -0.6612 978014.1 0.1 -19.2 -99.000 4.8003 
-92.2028 -0.6612 978014.5 0.1 -18.8 -99.000 4.8503 
-92.2028 -0.6612 978014.4 0.0 -19.0 -99.000 4.9003 
-92.2028 -0.6612 978014.1 0.1 -19.2 -99.000 4.9503 
-92.2028 -0.6612 978014.3 0.1 -19.0 -99.000 5.0003 
-92.2028 -0.6612 978014.2 0.1 -19.1 -99.000 5.0503 
-92.2028 -0.6612 978014.2 0.1 -19.1 -99.000 5.1003 
-92.2028 -0.6612 978014.3 0.1 -19.0 -99.000 5.1503 
-92.2028 -0.6612 978014.3 0.1 -19.0 -99.000 5.2003 
-92.2028 -0.6612 978014.2 0.1 -19.1 -99.000 5.2503 
-92.2028 -0.6612 978014.1 0.1 -19.2 -99.000 5.3003 
-92.2028 -0.6612 978014.5 0.0 -18.8 -99.000 5.3503 
-92.2028 -0.6612 978014.7 0.0 -18.6 -99.000 5.4003 
-92.2028 -0.6612 978014.5 0.1 -18.8 -99.000 5.4503 
-92.2028 -0.6612 978014.4 0.1 -18.9 -99.000 5.5003 
-92.2028 -0.6612 978014.2 0.1 -19.0 -99.000 5.5503 
-92.2028 -0.6611 978014.4 0.1 -18.9 -99.000 5.6003 
-92.2028 -0.6611 978014.2 0.1 -19.0 -99.000 5.6503 
-92.2028 -0.6612 978014.3 0.1 -19.0 -99.000 5.7003 
-92.2028 -0.6612 978014.3 0.1 -19.0 -99.000 5.7503 
-92.2028 -0.6612 978014.3 0.1 -19.0 -99.000 5.8003 
-92.2028 -0.6612 978014.1 0.1 -19.2 -99.000 5.8503 
-92.2027 -0.6612 978014.2 0.1 -19.1 -99.000 5.9003 
-92.2028 -0.6612 978014.4 0.1 -18.9 -99.000 5.9503 
-92.2028 -0.6612 978014.5 0.0 -18.9 -99.000 6.0003 
-92.2028 -0.6611 978014.3 3.4 -15.7 -99.000 6.0503 
-92.2025 -0.6619 978012.4 6.5 -14.4 -99.000 6.1003 
-92.2024 -0.6625 978013.3 0.5 -19.6 -99.000 6.1503 
-92.2027 -0.6625 978015.9 -4.5 -22.0 -99.000 6.2003 
-92.2032 -0.6619 978018.4 -3.1 -18.0 -99.000 6.2503 
-92.2031 -0.6614 978014.8 9.5 -9.1 806.398 6.3003 
-92.2011 -0.6614 977999.9 23.7 -9.8 3026.890 6.3503 
-92.1985 -0.6597 977990.1 29.8 -13.5 3212.469 6.4003 
-92.1941 -0.6563 977979.3 51.0 -3.0 3209.504 6.4503 
-92.1877 -0.6508 977959.2 58.9 -15.2 3208.932 6.5003 
-92.1812 -0.6450 977954.8 58.7 -19.8 3207.813 6.5503 
-92.1748 -0.6391 977955.1 58.4 -19.8 3208.453 6.6003 
-92.1684 -0.6332 977955.1 58.3 -19.9 3207.905 6.6503 
-92.1620 -0.6273 977955.4 58.6 -19.3 3204.057 6.7003 
-92.1555 -0.6214 977954.5 58.6 -20.2 3207.684 6.7503 
-92.1491 -0.6155 977954.1 58.0 -21.1 3189.518 6.8003 
-92.1428 -0.6096 977953.9 57.9 -21.5 3197.117 6.8503 
-92.1364 -0.6036 977953.0 58.0 -22.2 3215.272 6.9003 
-92.1300 -0.5975 977952.4 58.4 -22.4 3233.252 6.9503 
-92.1236 -0.5916 977951.0 58.8 -23.4 3239.402 7.0003 
-92.1171 -0.5857 977949.5 59.3 -24.4 3217.530 7.0503 
-92.1105 -0.5798 977948.5 59.3 -25.5 3215.821 7.1003 
-92.1041 -0.5738 977948.1 58.7 -26.3 3221.174 7.1503 
-92.0977 -0.5677 977947.6 58.2 -27.4 3226.245 7.2003 
-92.0913 -0.5616 977947.5 58.1 -27.6 3228.785 7.2503 
-92.0849 -0.5555 977946.6 57.9 -28.7 3232.221 7.3003 
-92.0785 -0.5494 977945.6 58.1 -29.5 3253.464 7.3503 
-92.0722 -0.5434 977944.5 58.4 -30.2 3280.436 7.4003 
-92.0657 -0.5376 977943.2 64.8 -25.1 2894.301 7.4503 
-92.0589 -0.5366 977945.9 57.0 -30.2 2832.309 7.5003 
-92.0558 -0.5434 977963.9 24.2 -45.0 3325.817 7.5503 
-92.0533 -0.5509 977974.2 22.1 -36.9 3329.228 7.6003 
-92.0509 -0.5583 977974.8 22.2 -36.2 3314.487 7.6503 
-92.0486 -0.5657 977974.9 21.8 -36.5 3312.666 7.7003 
-92.0462 -0.5732 977975.1 21.8 -36.4 3307.678 7.7503 
-92.0439 -0.5806 977975.1 21.1 -36.9 3302.883 7.8003 
-92.0416 -0.5881 977975.5 21.0 -36.7 3312.531 7.8503 
-92.0393 -0.5955 977975.4 20.4 -37.4 3333.324 7.9003 
-92.0371 -0.6029 977975.7 20.2 -37.3 3341.901 7.9503 
-92.0349 -0.6103 977975.6 20.7 -36.9 3351.936 8.0003 
-92.0327 -0.6178 977974.9 21.0 -37.3 3366.170 8.0503 
-92.0304 -0.6254 977974.8 20.6 -38.0 3367.680 8.1003 
-92.0282 -0.6329 977975.5 20.2 -37.6 3342.616 8.1503 
-92.0260 -0.6402 977975.1 20.3 -37.9 3345.285 8.2003 
-92.0238 -0.6476 977974.7 20.9 -37.7 3357.879 8.2503 
-92.0215 -0.6550 977974.2 21.1 -38.0 3388.430 8.3003 
-92.0192 -0.6624 977974.4 21.3 -37.7 3427.931 8.3503 
-92.0169 -0.6698 977974.3 20.7 -38.3 3398.778 8.4003 
-92.0146 -0.6772 977974.6 21.3 -37.5 3391.876 8.4503 
-92.0123 -0.6847 977974.8 21.3 -37.3 3415.481 8.5003 
-92.0100 -0.6922 977974.9 21.1 -37.4 3419.498 8.5503 
-92.0077 -0.6997 977975.2 21.0 -37.3 3423.818 8.6003 
-92.0054 -0.7073 977975.2 21.3 -36.9 3423.804 8.6503 
-92.0031 -0.7149 977974.8 21.7 -37.0 3422.862 8.7003 
-92.0007 -0.7224 977974.2 22.0 -37.3 3435.257 8.7503 
-91.9983 -0.7301 977974.4 22.1 -37.0 3426.043 8.8003 
-91.9959 -0.7377 977974.3 22.1 -37.2 3436.465 8.8503 
-91.9935 -0.7453 977974.6 22.3 -36.6 3448.666 8.9003 
-91.9911 -0.7531 977974.2 22.9 -36.5 3448.414 8.9503 
-91.9886 -0.7607 977973.3 23.5 -36.7 3464.850 9.0003 
-91.9860 -0.7685 977973.2 23.1 -37.3 3479.248 9.0503 
-91.9836 -0.7762 977974.2 22.8 -36.7 3469.805 9.1003 
-91.9811 -0.7840 977975.0 22.5 -36.1 3464.171 9.1503 
-91.9787 -0.7917 977975.7 21.4 -36.5 3466.618 9.2003 
-91.9764 -0.7995 977976.7 21.0 -36.0 3466.037 9.2503 
-91.9742 -0.8072 977977.3 20.9 -35.6 3483.278 9.3003 
-91.9719 -0.8150 977977.9 20.7 -35.1 3501.406 9.3503 
-91.9697 -0.8227 977977.2 21.0 -35.5 3475.037 9.4003 
-91.9673 -0.8304 977977.8 21.5 -34.5 3464.326 9.4503 
-91.9650 -0.8382 977977.5 22.1 -34.2 3440.095 9.5003 
-91.9626 -0.8459 977976.7 22.5 -34.7 3465.448 9.5503 
-91.9601 -0.8537 977976.8 22.3 -34.7 3502.357 9.6003 
-91.9577 -0.8613 977976.9 22.2 -34.8 3504.921 9.6503 
-91.9553 -0.8689 977976.7 22.6 -34.5 3502.159 9.7003 
-91.9528 -0.8767 977976.9 22.8 -34.2 3486.456 9.7503 
-91.9503 -0.8844 977976.5 22.8 -34.6 3503.500 9.8003 
-91.9479 -0.8921 977976.5 22.1 -35.4 3510.625 9.8503 
-91.9455 -0.8996 977977.1 21.9 -34.9 3502.246 9.9003 
-91.9432 -0.9074 977978.2 21.9 -33.9 3469.707 9.9503 
-91.9408 -0.9152 977978.4 21.5 -34.1 3449.500 10.0003 
-91.9385 -0.9230 977978.3 21.2 -34.5 3475.255 10.0503 
-91.9362 -0.9308 977978.4 21.7 -33.9 3470.116 10.1003 
-91.9338 -0.9387 977978.8 21.5 -33.8 3464.573 10.1503 
-91.9315 -0.9466 977978.7 21.6 -33.8 3483.952 10.2003 
-91.9292 -0.9544 977978.5 20.8 -34.8 3521.463 10.2503 
-91.9272 -0.9623 977982.4 37.9 -13.8 2993.801 10.3003 
-91.9323 -0.9674 978038.5 -77.6 -73.2 3030.070 10.3503 
-91.9417 -0.9684 978085.0 -83.8 -33.0 3516.914 10.4003 
-91.9510 -0.9693 978087.7 -83.9 -30.3 3512.885 10.4503 
-91.9604 -0.9702 978088.3 -84.0 -29.8 3504.580 10.5003 
-91.9698 -0.9712 978089.0 -84.1 -29.3 3482.619 10.5503 
-91.9792 -0.9722 978089.7 -84.4 -28.9 3457.536 10.6003 
-91.9887 -0.9733 978091.1 -84.3 -27.4 3432.223 10.6503 
-91.9981 -0.9744 978091.5 -84.3 -27.0 3416.104 10.7003 
-92.0076 -0.9755 978092.6 -84.8 -26.5 3397.367 10.7503 
-92.0170 -0.9767 978093.8 -84.6 -25.0 3378.472 10.8003 
-92.0265 -0.9779 978094.7 -84.3 -23.7 3366.573 10.8503 
-92.0359 -0.9792 978095.5 -84.5 -23.2 3363.444 10.9003 
-92.0454 -0.9804 978095.9 -84.6 -22.9 3358.960 10.9503 
-92.0548 -0.9816 978096.6 -84.4 -22.0 3352.094 11.0003 
-92.0642 -0.9829 978097.3 -84.2 -21.1 3342.359 11.0503 
-92.0736 -0.9842 978098.0 -84.0 -20.2 3341.971 11.1003 
-92.0830 -0.9855 978098.3 -84.4 -20.4 3347.901 11.1503 
-92.0925 -0.9868 978099.5 -84.6 -19.4 3347.161 11.2003 
-92.1019 -0.9881 978100.5 -84.5 -18.2 3342.149 11.2503 
-92.1114 -0.9894 978101.6 -85.2 -17.8 3337.634 11.3003 
-92.1210 -0.9907 978103.0 -85.4 -16.7 3335.232 11.3503 
-92.1305 -0.9921 978103.8 -85.4 -15.8 3322.944 11.4003 
-92.1401 -0.9934 978104.3 -85.9 -15.7 3301.513 11.4503 
-92.1497 -0.9945 978105.6 -86.2 -14.9 3285.658 11.5003 
-92.1593 -0.9956 978106.0 -86.2 -14.4 3279.333 11.5503 
-92.1690 -0.9967 978106.7 -86.3 -13.9 3274.516 11.6003 
-92.1786 -0.9978 978107.6 -86.6 -13.2 3258.349 11.6503 
-92.1883 -0.9990 978108.4 -86.3 -12.1 3253.549 11.7003 
-92.1980 -1.0002 978108.5 -86.0 -11.8 3254.721 11.7503 
-92.2075 -1.0014 978108.9 -85.4 -10.7 3261.920 11.8003 
-92.2171 -1.0026 978108.8 -85.2 -10.7 3284.843 11.8503 
-92.2266 -1.0038 978109.0 -85.1 -10.3 3278.729 11.9003 
-92.2361 -1.0050 978110.0 -84.9 -9.2 3251.779 11.9503 
-92.2456 -1.0063 978110.2 -85.0 -9.1 3245.922 12.0003 
-92.2551 -1.0075 978110.3 -84.6 -8.6 3250.998 12.0503 
-92.2645 -1.0087 978110.5 -85.1 -8.8 3258.660 12.1003 
-92.2741 -1.0100 978111.3 -85.9 -8.8 3269.550 12.1503 
-92.2837 -1.0113 978112.3 -86.5 -8.4 3267.438 12.2003 
-92.2934 -1.0126 978113.1 -86.3 -7.4 3257.240 12.2503 
-92.3030 -1.0138 978112.6 -86.2 -7.9 3272.646 12.3003 
-92.3127 -1.0151 978113.2 -86.7 -7.7 3285.988 12.3503 
-92.3224 -1.0163 978113.9 -86.9 -7.3 3301.895 12.4003 
-92.3321 -1.0175 978114.1 -86.8 -7.0 3329.063 12.4503 
-92.3418 -1.0187 978114.4 -86.6 -6.6 3341.276 12.5003 
-92.3515 -1.0198 978114.7 -86.7 -6.3 3340.470 12.5503 
-92.3612 -1.0209 978115.0 -86.8 -6.1 3331.342 12.6003 
-92.3709 -1.0220 978115.1 -87.0 -6.2 3313.481 12.6503 
-92.3807 -1.0231 978116.1 -87.7 -5.9 3276.191 12.7003 
-92.3905 -1.0242 978116.2 -87.5 -5.6 3265.937 12.7503 
-92.4003 -1.0256 978115.9 -87.5 -5.9 3259.354 12.8003 
-92.4100 -1.0270 978115.9 -87.8 -6.3 3245.705 12.8503 
-92.4199 -1.0283 978116.2 -87.8 -5.9 3251.874 12.9003 
-92.4297 -1.0297 978116.7 -88.1 -5.7 3293.900 12.9503 
-92.4396 -1.0310 978116.8 -87.9 -5.5 3322.644 13.0003 
-92.4494 -1.0323 978116.8 -88.1 -5.7 3310.079 13.0503 
-92.4593 -1.0335 978117.0 -88.6 -5.9 3287.042 13.1003 
-92.4692 -1.0348 978118.0 -88.5 -4.9 3250.851 13.1503 
-92.4791 -1.0360 978118.0 -88.5 -4.9 3257.752 13.2003 
-92.4890 -1.0373 978118.0 -88.1 -4.5 3284.090 13.2503 
-92.4988 -1.0385 978118.3 -87.7 -3.8 3284.624 13.3003 
-92.5086 -1.0398 978117.8 -87.4 -4.0 3247.108 13.3503 
-92.5184 -1.0409 978117.9 -87.8 -4.2 3222.643 13.4003 
-92.5282 -1.0419 978118.5 -87.6 -3.5 3222.596 13.4503 
-92.5380 -1.0430 978118.6 -87.2 -3.0 3272.584 13.5003 
-92.5477 -1.0440 978118.1 -87.0 -3.2 3297.987 13.5503 
-92.5574 -1.0452 978118.4 -86.3 -2.3 3278.960 13.6003 
-92.5670 -1.0464 978118.0 -86.1 -2.6 3292.660 13.6503 
-92.5766 -1.0475 978117.7 -86.1 -2.7 3286.228 13.7003 
-92.5863 -1.0487 978118.1 -86.0 -2.3 3281.207 13.7503 
-92.5959 -1.0499 978118.3 -85.5 -1.6 3297.785 13.8003 
-92.6054 -1.0512 978118.1 -85.7 -2.0 3295.995 13.8503 
-92.6150 -1.0525 978119.0 -85.8 -1.2 3296.385 13.9003 
-92.6246 -1.0539 978119.4 -85.5 -0.5 3269.125 13.9503 
-92.6341 -1.0552 978118.8 -85.2 -0.9 3259.947 14.0003 
-92.6437 -1.0566 978119.3 -85.6 -0.8 3246.947 14.0503 
-92.6532 -1.0578 978119.3 -85.3 -0.5 3216.343 14.1003 
-92.6628 -1.0590 978119.3 -85.4 -0.6 3215.208 14.1503 
-92.6723 -1.0602 978119.4 -85.0 -0.1 3261.400 14.2003 
-92.6818 -1.0613 978118.8 -85.4 -1.1 3301.140 14.2503 
-92.6914 -1.0625 978119.2 -85.7 -0.9 3311.497 14.3003 
-92.7010 -1.0637 978119.1 -85.9 -1.2 3319.951 14.3503 
-92.7106 -1.0648 978119.1 -86.1 -1.5 3315.508 14.4003 
-92.7202 -1.0660 978119.8 -86.0 -0.7 3313.944 14.4503 
-92.7299 -1.0673 978120.1 -86.1 -0.4 3300.222 14.5003 
-92.7395 -1.0687 978120.6 -86.4 -0.2 3267.967 14.5503 
-92.7492 -1.0701 978121.5 -86.5 0.5 3232.895 14.6003 
-92.7588 -1.0713 978121.5 -86.1 0.9 3228.983 14.6503 
-92.7684 -1.0726 978121.3 -83.6 3.2 3098.794 14.7003 
-92.7761 -1.0763 978113.7 -12.7 66.5 2301.088 14.7503 
-92.7753 -1.0841 978047.5 18.1 31.1 3115.874 14.8003 
-92.7741 -1.0921 978023.7 12.2 1.4 3189.886 14.8503 
-92.7727 -1.1001 978023.7 12.4 1.5 3203.070 14.9003 
-92.7715 -1.1081 978024.5 10.4 0.3 3207.930 14.9503 
-92.7705 -1.1161 978026.7 8.9 1.0 3217.087 15.0003 
-92.7695 -1.1241 978027.9 9.3 2.5 3216.336 15.0503 
-92.7685 -1.1322 978028.4 9.4 3.1 3194.318 15.1003 
-92.7675 -1.1401 978027.7 9.5 2.4 3178.496 15.1503 
-92.7666 -1.1483 978029.2 8.8 3.2 3180.780 15.2003 
-92.7656 -1.1564 978029.9 9.0 4.1 3209.332 15.2503 
-92.7647 -1.1644 978029.9 8.3 3.5 3224.404 15.3003 
-92.7638 -1.1726 978030.4 8.6 4.2 3224.522 15.3503 
-92.7629 -1.1808 978029.7 8.6 3.4 3225.893 15.4003 
-92.7621 -1.1890 978030.3 8.1 3.5 3221.555 15.4503 
-92.7612 -1.1972 978030.6 8.1 3.7 3226.245 15.5003 
-92.7604 -1.2054 978030.3 8.3 3.6 3231.302 15.5503 
-92.7595 -1.2136 978030.1 8.7 3.9 3234.084 15.6003 
-92.7585 -1.2218 978028.9 10.6 4.4 3231.936 15.6503 
-92.7571 -1.2298 978025.2 37.8 28.0 2729.329 15.7003 
-92.7511 -1.2325 977999.7 68.1 32.7 2525.349 15.7503 
-92.7435 -1.2316 977970.5 69.9 5.4 3287.244 15.8003 
-92.7357 -1.2308 977968.1 70.7 3.8 3274.386 15.8503 
-92.7279 -1.2300 977967.8 69.9 2.7 3255.452 15.9003 
-92.7202 -1.2292 977968.4 69.6 3.0 3225.222 15.9503 
-92.7125 -1.2285 977969.1 69.6 3.6 3255.734 16.0003 
-92.7048 -1.2278 977969.1 69.5 3.6 3277.305 16.0503 
-92.6971 -1.2271 977969.4 69.2 3.6 3243.669 16.1003 
-92.6895 -1.2263 977969.7 69.5 4.2 3238.700 16.1503 
-92.6818 -1.2256 977969.3 69.5 3.8 3227.108 16.2003 
-92.6741 -1.2249 977969.1 69.6 3.7 3198.873 16.2503 
-92.6664 -1.2239 977968.8 69.9 3.6 3212.217 16.3003 
-92.6587 -1.2229 977968.0 69.8 2.8 3246.445 16.3503 
-92.6509 -1.2220 977967.8 69.9 2.6 3256.733 16.4003 
-92.6432 -1.2212 977967.8 69.7 2.4 3240.791 16.4503 
-92.6356 -1.2205 977967.7 69.4 2.1 3226.681 16.5003 
-92.6279 -1.2199 977968.1 69.2 2.3 3228.029 16.5503 
-92.6202 -1.2192 977967.8 69.4 2.2 3258.863 16.6003 
-92.6126 -1.2185 977967.3 69.1 1.5 3262.832 16.6503 
-92.6049 -1.2178 977967.1 69.3 1.5 3252.639 16.7003 
-92.5973 -1.2170 977966.9 69.3 1.2 3238.474 16.7503 
-92.5896 -1.2161 977967.1 69.2 1.3 3216.652 16.8003 
-92.5820 -1.2152 977967.3 69.3 1.6 3210.023 16.8503 
-92.5743 -1.2144 977966.8 69.5 1.3 3210.501 16.9003 
-92.5666 -1.2136 977966.0 69.3 0.3 3237.161 16.9503 
-92.5590 -1.2129 977965.9 69.1 -0.0 3253.971 17.0003 
-92.5514 -1.2122 977965.4 68.5 -1.0 3268.958 17.0503 
-92.5438 -1.2116 977964.9 68.5 -1.6 3270.205 17.1003 
-92.5362 -1.2109 977964.3 68.3 -2.4 3268.099 17.1503 
-92.5287 -1.2103 977964.5 68.1 -2.4 3264.002 17.2003 
-92.5212 -1.2095 977964.2 68.4 -2.3 3255.172 17.2503 
-92.5136 -1.2088 977963.6 67.8 -3.6 3238.075 17.3003 
-92.5062 -1.2081 977964.2 67.2 -3.5 3225.743 17.3503 
-92.4987 -1.2074 977963.2 67.7 -4.1 3254.095 17.4003 
-92.4912 -1.2067 977962.6 67.4 -5.0 3281.615 17.4503 
-92.4838 -1.2058 977962.8 67.2 -5.0 3289.807 17.5003 
-92.4764 -1.2049 977962.3 67.4 -5.3 3290.795 17.5503 
-92.4689 -1.2040 977962.2 67.3 -5.5 3293.922 17.6003 
-92.4615 -1.2032 977961.4 67.7 -5.8 3312.168 17.6503 
-92.4540 -1.2025 977961.5 67.1 -6.3 3321.464 17.7003 
-92.4466 -1.2018 977961.9 66.7 -6.4 3332.736 17.7503 
-92.4392 -1.2010 977962.0 66.7 -6.2 3329.374 17.8003 
-92.4319 -1.2003 977962.6 66.3 -6.0 3324.355 17.8503 
-92.4245 -1.1996 977963.0 66.6 -5.4 3320.977 17.9003 
-92.4171 -1.1988 977962.8 67.6 -4.6 3315.333 17.9503 
-92.4096 -1.1979 977961.5 68.1 -5.3 3313.817 18.0003 
-92.4021 -1.1971 977961.3 68.0 -5.6 3312.582 18.0503 
-92.3946 -1.1963 977961.5 67.8 -5.6 3316.400 18.1003 
-92.3871 -1.1955 977961.9 68.2 -4.8 3305.103 18.1503 
-92.3795 -1.1947 977961.6 68.9 -4.4 3301.609 18.2003 
-92.3719 -1.1939 977960.8 69.2 -4.9 3302.577 18.2503 
-92.3642 -1.1930 977960.4 69.6 -5.0 3301.824 18.3003 
-92.3565 -1.1921 977960.5 69.5 -4.8 3289.327 18.3503 
-92.3488 -1.1911 977960.1 69.5 -5.3 3284.704 18.4003 
-92.3411 -1.1902 977960.1 69.5 -5.3 3281.558 18.4503 
-92.3334 -1.1895 977959.5 69.5 -5.9 3282.814 18.5003 
-92.3258 -1.1886 977959.5 69.4 -6.0 3279.605 18.5503 
-92.3181 -1.1879 977959.4 69.0 -6.5 3282.342 18.6003 
-92.3105 -1.1870 977959.8 69.3 -5.8 3285.071 18.6503 
-92.3028 -1.1862 977959.1 69.2 -6.6 3285.504 18.7003 
-92.2952 -1.1854 977959.1 69.3 -6.5 3280.679 18.7503 
-92.2875 -1.1845 977958.9 69.1 -6.9 3283.530 18.8003 
-92.2799 -1.1836 977959.2 68.9 -6.9 3286.930 18.8503 
-92.2723 -1.1828 977959.4 68.5 -6.9 3255.949 18.9003 
-92.2647 -1.1823 977959.6 68.3 -7.0 3241.533 18.9503 
-92.2572 -1.1819 977959.9 68.2 -6.8 3231.885 19.0003 
-92.2497 -1.1813 977959.9 68.0 -7.0 3233.300 19.0503 
-92.2422 -1.1808 977959.6 67.8 -7.4 3243.065 19.1003 
-92.2347 -1.1803 977959.7 67.4 -7.7 3254.983 19.1503 
-92.2273 -1.1798 977960.0 67.2 -7.7 3261.902 19.2003 
-92.2198 -1.1793 977960.2 67.0 -7.6 3270.544 19.2503 
-92.2124 -1.1786 977959.9 67.3 -7.6 3284.565 19.3003 
-92.2050 -1.1779 977959.4 67.7 -7.7 3278.214 19.3503 
-92.1975 -1.1771 977958.9 67.9 -8.0 3273.978 19.4003 
-92.1899 -1.1763 977958.2 68.2 -8.5 3271.833 19.4503 
-92.1824 -1.1757 977958.0 67.7 -9.2 3279.310 19.5003 
-92.1750 -1.1748 977958.2 67.6 -9.0 3278.997 19.5503 
-92.1675 -1.1739 977958.1 67.9 -8.9 3279.974 19.6003 
-92.1600 -1.1730 977957.4 68.1 -9.3 3282.617 19.6503 
-92.1524 -1.1721 977956.7 68.1 -10.0 3283.313 19.7003 
-92.1449 -1.1711 977956.5 68.3 -10.1 3287.259 19.7503 
-92.1378 -1.1728 977960.0 60.2 -14.6 3290.101 19.8003 
-92.1316 -1.1770 977966.1 55.5 -13.3 3287.676 19.8503 
-92.1256 -1.1813 977967.0 55.4 -12.5 3290.059 19.9003 
-92.1195 -1.1856 977967.2 54.9 -12.8 3292.261 19.9503 
-92.1134 -1.1898 977967.6 55.5 -11.8 3290.581 20.0003 
-92.1073 -1.1939 977966.6 56.2 -12.2 3289.079 20.0503 
-92.1011 -1.1980 977965.8 56.2 -12.9 3292.137 20.1003 
-92.0949 -1.2021 977966.0 55.8 -13.2 3290.567 20.1503 
-92.0888 -1.2061 977965.4 55.5 -14.0 3299.720 20.2003 
-92.0826 -1.2103 977965.3 55.5 -14.2 3312.437 20.2503 
-92.0766 -1.2144 977964.9 55.0 -15.1 3327.183 20.3003 
-92.0705 -1.2185 977965.0 55.1 -15.0 3335.956 20.3503 
-92.0644 -1.2227 977965.1 54.9 -15.0 3342.269 20.4003 
-92.0583 -1.2269 977964.5 55.6 -15.0 3339.248 20.4503 
-92.0522 -1.2310 977963.5 55.9 -15.7 3331.256 20.5003 
-92.0461 -1.2350 977963.1 55.3 -16.7 3331.570 20.5503 
-92.0400 -1.2391 977963.2 55.6 -16.3 3348.300 20.6003 
-92.0338 -1.2432 977962.5 56.5 -16.2 3336.175 20.6503 
-92.0275 -1.2472 977961.8 56.4 -16.9 3322.298 20.7003 
-92.0214 -1.2512 977961.7 56.0 -17.4 3332.267 20.7503 
-92.0152 -1.2552 977961.4 56.6 -17.2 3350.599 20.8003 
-92.0089 -1.2593 977960.5 56.6 -18.1 3364.772 20.8503 
-92.0027 -1.2633 977960.2 56.2 -18.8 3382.244 20.9003 
-91.9965 -1.2675 977960.2 56.5 -18.6 3395.476 20.9503 
-91.9903 -1.2715 977960.0 56.2 -18.9 3399.362 21.0003 
-91.9841 -1.2756 977959.9 56.6 -18.7 3393.220 21.0503 
-91.9778 -1.2796 977959.9 56.3 -19.0 3386.879 21.1003 
-91.9716 -1.2836 977960.3 56.1 -18.8 3382.520 21.1503 
-91.9655 -1.2876 977960.2 55.6 -19.5 3372.661 21.2003 
-91.9594 -1.2915 977960.3 56.1 -18.9 3356.210 21.2503 
-91.9531 -1.2954 977960.4 56.3 -18.6 3352.064 21.3003 
-91.9469 -1.2994 977960.7 55.8 -18.9 3354.609 21.3503 
-91.9409 -1.3033 977960.8 55.2 -19.4 3357.425 21.4003 
-91.9348 -1.3073 977961.1 55.7 -18.6 3356.298 21.4503 
-91.9286 -1.3112 977961.4 56.1 -17.8 3345.178 21.5003 
-91.9224 -1.3151 977962.0 51.9 -21.5 3331.144 21.5503 
-91.9176 -1.3183 977972.2 27.6 -35.7 3327.685 21.6003 
-91.9159 -1.3197 977997.4 12.1 -25.9 3332.288 21.6503 
-91.9148 -1.3208 978007.3 13.0 -15.1 3336.094 21.7003 
-91.9125 -1.3226 978000.2 36.1 0.9 3338.895 21.7503 
-91.9070 -1.3262 977974.3 52.7 -8.4 3337.438 21.8003 
-91.9010 -1.3301 977963.8 53.8 -17.9 2397.109 21.8503 
-91.8954 -1.3337 977966.4 37.0 -32.1 96.129 21.9003 
-91.8931 -1.3355 977991.0 7.6 -37.0 -99.000 21.9503 
-91.8938 -1.3354 978020.1 -8.7 -24.1 -99.000 22.0003 
-91.8948 -1.3352 978026.7 -5.6 -14.3 -99.000 22.0503 
-91.8950 -1.3352 978021.7 -0.8 -14.6 -99.000 22.1003 
-91.8951 -1.3354 978018.4 -0.2 -17.3 -99.000 22.1503 
-91.8951 -1.3354 978018.1 0.0 -17.4 -99.000 22.2003 
-91.8950 -1.3353 978017.9 -0.0 -17.6 -99.000 22.2503 
-91.8951 -1.3353 978018.0 -0.0 -17.5 -99.000 22.3003 
-91.8950 -1.3353 978018.1 -0.1 -17.4 -99.000 22.3503 
-91.8950 -1.3352 978017.7 0.0 -17.8 -99.000 22.4003 
-91.8950 -1.3352 978017.7 0.0 -17.8 -99.000 22.4503 
-91.8950 -1.3352 978018.1 -0.0 -17.4 -99.000 22.5003 
-91.8950 -1.3352 978017.6 -0.0 -17.9 -99.000 22.5503 
-91.8950 -1.3352 978017.7 0.0 -17.8 -99.000 22.6003 
-91.8950 -1.3352 978017.8 -0.0 -17.7 -99.000 22.6503 
-91.8950 -1.3352 978018.1 -0.0 -17.5 -99.000 22.7003 
-91.8950 -1.3352 978017.7 -0.0 -17.8 -99.000 22.7503 
-91.8950 -1.3352 978017.9 -0.1 -17.6 -99.000 22.8003 
-91.8950 -1.3353 978018.2 -0.2 -17.5 -99.000 22.8503 
-91.8951 -1.3354 978018.3 -0.5 -17.6 -99.000 22.9003 
-91.8951 -1.3355 978018.6 -0.6 -17.6 -99.000 22.9503 
-91.8951 -1.3356 978018.2 -0.5 -17.8 -99.000 23.0003 
-91.8952 -1.3358 978018.2 -0.5 -17.7 -99.000 23.0503 
-91.8952 -1.3359 978018.4 -0.5 -17.5 -99.000 23.1003 
-91.8952 -1.3360 978018.2 -0.4 -17.7 -99.000 23.1503 
-91.8953 -1.3361 978018.2 -0.4 -17.7 -99.000 23.2003 
-91.8953 -1.3363 978018.3 -0.3 -17.5 -99.000 23.2503 
-91.8953 -1.3364 978018.0 -0.4 -17.8 -99.000 23.3003 
-91.8953 -1.3365 978018.2 -0.4 -17.6 -99.000 23.3503 
-91.8953 -1.3364 978018.4 -0.4 -17.6 -99.000 23.4003 
-91.8953 -1.3362 978017.7 -0.6 -18.4 -99.000 23.4503 
-91.8953 -1.3359 978017.8 -0.7 -18.4 -99.000 23.5003 
-91.8959 -1.3357 978021.5 -10.0 -24.0 -99.000 23.5503 
-91.8971 -1.3361 978028.6 -10.1 -17.0 -99.000 23.6003 
-91.8981 -1.3359 978026.9 1.8 -6.9 78.309 23.6503 
-91.8966 -1.3361 978009.7 27.7 1.9 2341.443 23.7003 
-91.8915 -1.3368 977980.1 57.9 2.5 3313.737 23.7503 
-91.8843 -1.3378 977954.5 66.3 -14.7 3322.545 23.8003 
-91.8769 -1.3387 977949.3 66.8 -19.3 3331.870 23.8503 
-91.8695 -1.3397 977949.2 66.9 -19.4 3338.286 23.9003 
-91.8621 -1.3407 977949.1 NaN NaN 3279.712 23.9503 
