-94.8469	0.5149	977956.5	NaN	NaN	3311.185	0	-7.26618651404
-94.8389	0.5146	977955.9	73.8	-3.4	3313.465	0.05	-6.98328465867
-94.8308	0.5144	977955.8	74	-3.3	3316.184	0.1	-6.5843834172
-94.8226	0.5141	977955.2	73.9	-4	3314.349	0.15	-6.35858180783
-94.8144	0.5139	977955.5	74.2	-3.4	3306.115	0.2	-6.41539692333
-94.8062	0.5135	977955.2	74.4	-3.5	3308.854	0.25	-6.59955472448
-94.798	0.5132	977954.2	74.2	-4.7	3308.198	0.3	-6.91991106097
-94.7898	0.5132	977954.2	73.8	-5.2	3311.647	0.35	-7.22157107856
-94.7817	0.5133	977954.6	73.6	-4.9	3316.384	0.4	-7.4265073765
-94.7736	0.5134	977953.9	73.3	-5.9	3324.369	0.45	-7.62304334105
-94.7655	0.5135	977954.6	73.2	-5.3	3330.388	0.5	-7.82062046908
-94.7574	0.5135	977953.6	73.9	-5.6	3336.03	0.55	-8.06111008728
-94.7492	0.5135	977952.3	74.1	-6.7	3342.894	0.6	-8.36408622375
-94.741	0.5134	977952	74	-7.2	3343.474	0.65	-8.7757162644
-94.7329	0.5134	977951.6	73.4	-8	3344.113	0.7	-9.394808745
-94.7248	0.5133	977952.3	73.4	-7.4	3341.912	0.75	-10.0473823461
-94.7167	0.5131	977952.4	72.8	-7.9	3333.703	0.8	-10.6236386642
-94.7087	0.5131	977953	72.7	-7.4	3332.326	0.85	-11.154813358
-94.7006	0.513	977952.8	72.8	-7.5	3334.59	0.9	-11.6584939219
-94.6926	0.5129	977952.3	72.9	-7.9	3321.828	0.95	-12.0415659916
-94.6845	0.5127	977952.5	72.7	-7.9	3308.77	1	-12.1818747808
-94.6765	0.5126	977952.7	72.6	-7.8	3298.955	1.05	-12.1086724908
-94.6685	0.5125	977953.7	72.2	-7.2	3288.732	1.1	-11.7962269048
-94.6605	0.5122	977954	72.3	-6.8	3281.715	1.15	-11.2720216485
-94.6526	0.5119	977954.3	72.1	-6.7	3283.084	1.2	-10.6085500125
-94.6446	0.5116	977954.7	72.2	-6.2	3296.563	1.25	-9.80563650018
-94.6366	0.5113	977954.9	72.1	-6.1	3281.84	1.3	-8.99070285344
-94.6287	0.5113	977955.6	71.9	-5.6	3265.142	1.35	-8.19164445849
-94.6207	0.5113	977955.9	71.7	-5.4	3257.058	1.4	-7.60881331973
-94.6128	0.5113	977956.3	72.2	-4.6	3257.45	1.45	-7.24199155814
-94.6048	0.5113	977955.6	72.3	-5.2	3271.14	1.5	-7.01208844133
-94.5968	0.5112	977955.9	72.3	-5	3283.519	1.55	-6.92364613809
-94.5888	0.5112	977956.1	72.7	-4.3	3287.742	1.6	-6.93259512834
-94.5808	0.5112	977955.7	72.5	-4.8	3290.389	1.65	-7.02945912289
-94.5732	0.5127	977960	63.9	-9.2	3304.137	1.7	-7.29477559213
-94.5671	0.5184	977971.2	57.1	-4.7	3316.425	1.75	-7.87506880569
-94.5607	0.524	977970.5	57.7	-4.9	3325.735	1.8	-8.46557781419
-94.5544	0.5296	977969.8	57.4	-5.9	3327.535	1.85	-8.93763052527
-94.5481	0.5353	977969.7	56.9	-6.5	3340.201	1.9	-9.36251283203
-94.5419	0.541	977969.8	57.2	-6.1	3338.821	1.95	-9.76740298358
-94.5356	0.5469	977968.9	57.3	-7	3345.826	2	-10.0575794346
-94.5293	0.5529	977968.3	57.6	-7.3	3350.986	2.05	-10.3369406037
-94.5229	0.5588	977967.6	57.7	-7.9	3360.369	2.1	-10.6368377932
-94.5166	0.5646	977968	57.3	-8	3364.922	2.15	-10.8314091521
-94.5104	0.5705	977968	56.8	-8.4	3364.958	2.2	-10.9575068364
-94.5042	0.5764	977967.9	57	-8.2	3374.31	2.25	-11.0418412884
-94.4978	0.5822	977967.2	57.7	-8.4	3374.846	2.3	-11.0438409011
-94.4915	0.588	977967.1	57.5	-8.6	3371.485	2.35	-10.942106493
-94.4852	0.5939	977967.7	57.3	-8.1	3361.116	2.4	-10.8581411465
-94.4789	0.5997	977967.8	57.5	-8	2931.503	2.45	-10.8292430783
-94.4726	0.6056	977969.1	49.8	-14.3	890.235	2.5	-10.7059242713
-94.4685	0.6098	977984.6	23.7	-24.9	2714.267	2.55	-10.5395869694
-94.4669	0.6118	978008.7	14.7	-10	3261.376	2.6	-10.4534190877
-94.465	0.6138	978011	18.5	-3.7	3242.915	2.65	-10.366074085
-94.463	0.6156	978008.2	24.1	-1	1725.678	2.7	-10.2875313448
-94.4594	0.6187	977998.7	43.6	9	-75.663	2.75	-10.1552353459
-94.4539	0.6245	977980.5	49.4	-3.4	-99	2.8	-9.91520105734
-94.4488	0.631	977979.8	45.2	-8.3	-99	2.85	-9.60077129364
-94.4439	0.6374	977985.2	33.7	-14.5	-99	2.9	-9.21739198544
-94.4425	0.6384	978009.4	-0.5	-24.4	-99	2.95	-9.12322884801
-94.4425	0.6381	978026.6	1.2	-5.6	-99	3	-9.13111803482
-94.4425	0.638	978026.3	0	-7	-99	3.05	-9.133753754
-94.4425	0.638	978027.1	0	-6.2	-99	3.1	-9.133753754
-94.4425	0.638	978026.9	0	-6.5	-99	3.15	-9.133753754
-94.4425	0.638	978026.9	0	-6.4	-99	3.2	-9.133753754
-94.4425	0.638	978027	-0	-6.4	-99	3.25	-9.133753754
-94.4425	0.638	978026.8	0.1	-6.5	-99	3.3	-9.133753754
-94.4425	0.638	978026.4	0	-6.9	-99	3.35	-9.133753754
-94.4425	0.638	978026.6	-0	-6.7	-99	3.4	-9.133753754
-94.4425	0.638	978026.9	-0	-6.4	-99	3.45	-9.133753754
-94.4425	0.638	978026.8	-0	-6.5	-99	3.5	-9.133753754
-94.4425	0.638	978026.9	0.1	-6.4	-99	3.55	-9.133753754
-94.4425	0.638	978026.7	0	-6.6	-99	3.6	-9.133753754
-94.4425	0.638	978026.6	-0	-6.7	-99	3.65	-9.133753754
-94.4425	0.638	978026.9	-0	-6.4	-99	3.7	-9.133753754
-94.4425	0.638	978027	-0	-6.3	-99	3.75	-9.133753754
-94.4425	0.638	978026.8	-0	-6.5	-99	3.8	-9.133753754
-94.4425	0.638	978027.1	0	-6.2	-99	3.85	-9.133753754
-94.4425	0.638	978026.6	-0.1	-6.8	-99	3.9	-9.133753754
-94.4425	0.638	978026.6	-0	-6.8	-99	3.95	-9.133753754
-94.4425	0.638	978026.7	-0.1	-6.7	-99	4	-9.133753754
-94.4425	0.638	978026.8	-0.1	-6.6	-99	4.05	-9.133753754
-94.4425	0.638	978026.9	-0.2	-6.6	-99	4.1	-9.133753754
-94.4425	0.638	978027.2	-0.1	-6.2	-99	4.15	-9.133753754
-94.4425	0.638	978027.1	-0	-6.2	-99	4.2	-9.133753754
-94.4425	0.638	978027.1	-0.1	-6.3	-99	4.25	-9.133753754
-94.4425	0.638	978026.8	-0.1	-6.6	-99	4.3	-9.133753754
-94.4425	0.638	978026.8	0	-6.4	-99	4.35	-9.133753754
-94.4425	0.638	978026.7	0	-6.6	-99	4.4	-9.133753754
-94.4425	0.638	978027.2	0.1	-6.1	-99	4.45	-9.133753754
-94.4425	0.638	978026.9	0	-6.4	-99	4.5	-9.133753754
-94.4425	0.638	978026.6	-0.1	-6.8	-99	4.55	-9.133753754
-94.4425	0.638	978026.5	-0.2	-7	-99	4.6	-9.133753754
-94.4425	0.638	978026.6	-0	-6.8	-99	4.65	-9.133753754
-94.4425	0.638	978026.7	-0.1	-6.7	-99	4.7	-9.133753754
-94.4425	0.638	978026.8	-0	-6.5	-99	4.75	-9.133753754
-94.4425	0.638	978026.8	-0	-6.5	-99	4.8	-9.133753754
-94.4425	0.638	978026.8	-0	-6.5	-99	4.85	-9.133753754
-94.4425	0.638	978026.9	-0	-6.5	-99	4.9	-9.133753754
-94.4425	0.638	978026.8	0	-6.5	-99	4.95	-9.133753754
-94.4425	0.638	978027	-0	-6.3	-99	5	-9.133753754
-94.4425	0.638	978026.8	-0	-6.6	-99	5.05	-9.133753754
-94.4425	0.638	978026.8	-0.1	-6.6	-99	5.1	-9.133753754
-94.4425	0.638	978026.9	-0.1	-6.5	-99	5.15	-9.133753754
-94.4425	0.638	978026.9	-0	-6.4	-99	5.2	-9.133753754
-94.4425	0.638	978027.1	-0	-6.2	-99	5.25	-9.133753754
-94.4425	0.638	978027.1	-0	-6.3	-99	5.3	-9.133753754
-94.4425	0.638	978027	-0	-6.3	-99	5.35	-9.133753754
-94.4425	0.638	978026.5	-0.1	-6.9	-99	5.4	-9.133753754
-94.4425	0.638	978027	-0.1	-6.4	-99	5.45	-9.133753754
-94.4425	0.638	978026.7	-0	-6.7	-99	5.5	-9.133753754
-94.4425	0.638	978026.7	-0.1	-6.7	-99	5.55	-9.133753754
-94.4424	0.638	978026.6	0	-6.7	-99	5.6	-9.12879255973
-94.4424	0.638	978027	-0	-6.3	-99	5.65	-9.12879255973
-94.4425	0.638	978027.1	-0	-6.3	-99	5.7	-9.133753754
-94.4425	0.638	978027	-0.2	-6.4	-99	5.75	-9.133753754
-94.4424	0.638	978027.2	-0.2	-6.3	-99	5.8	-9.12879255973
-94.4424	0.638	978027.1	-0.1	-6.3	-99	5.85	-9.12879255973
-94.4424	0.638	978026.9	-0.1	-6.4	-99	5.9	-9.12879255973
-94.4424	0.638	978026.8	-0.1	-6.6	-99	5.95	-9.12879255973
-94.4425	0.638	978026.9	-0.1	-6.5	-99	6	-9.133753754
-94.4425	0.638	978027.2	-0.1	-6.3	-99	6.05	-9.133753754
-94.4425	0.638	978027.7	-0.1	-5.7	-99	6.1	-9.133753754
-94.4424	0.638	978027.1	-0	-6.3	-99	6.15	-9.12879255973
-94.4424	0.638	978027	-0.1	-6.5	-99	6.2	-9.12879255973
-94.4424	0.638	978027	-0	-6.4	-99	6.25	-9.12879255973
-94.4424	0.638	978027	0	-6.3	-99	6.3	-9.12879255973
-94.4424	0.638	978027	-0	-6.4	-99	6.35	-9.12879255973
-94.4424	0.638	978027	0	-6.3	-99	6.4	-9.12879255973
-94.4424	0.638	978027	-0	-6.3	-99	6.45	-9.12879255973
-94.4424	0.638	978027.2	-0	-6.1	-94.743	6.5	-9.12879255973
-94.4424	0.638	978027.2	-0.1	-6.2	1601.194	6.55	-9.12879255973
-94.4425	0.638	978027.2	1.8	-4.3	3253.674	6.6	-9.133753754
-94.4415	0.637	978021.2	20.8	8.7	3250.27	6.65	-9.1089120548
-94.4382	0.6341	978001.1	41.6	9.4	3241.901	6.7	-8.97720008513
-94.4325	0.6296	977978.4	53.8	-1.2	3234.334	6.75	-8.58539054355
-94.4265	0.6247	977971.1	55.1	-7.1	3230.866	6.8	-8.119617235
-94.4204	0.6199	977970.8	55.2	-7.2	3227.783	6.85	-7.81716636903
-94.4143	0.6151	977970.6	55.9	-6.8	3229.87	6.9	-7.65306977644
-94.4081	0.6103	977970.2	56.1	-7	3229.254	6.95	-7.67179464633
-94.402	0.6054	977970.3	55.5	-7.5	3224.858	7	-7.95220446284
-94.3959	0.6005	977970.2	55.2	-7.9	3222.86	7.05	-8.40035876644
-94.3899	0.5956	977970.9	54.7	-7.6	3223.034	7.1	-8.88343979425
-94.3838	0.5908	977971	54.8	-7.4	3222.067	7.15	-9.29642034738
-94.3778	0.586	977970.2	54	-9	3217.695	7.2	-9.57738933273
-94.3719	0.5811	977971.3	53.7	-8.2	3196.42	7.25	-9.65158018856
-94.366	0.5763	977971.8	54.1	-7.3	3191.192	7.3	-9.3914922488
-94.3601	0.5713	977971.1	53.9	-8.1	3207.951	7.35	-9.06638224682
-94.3541	0.5665	977970.9	54	-8.2	3211.738	7.4	-8.96867372813
-94.3482	0.5615	977971.1	54.6	-7.5	3208.378	7.45	-9.18349542042
-94.3421	0.5566	977970.4	54.8	-8	3207.547	7.5	-9.61782029207
-94.3361	0.5517	977969.5	54.8	-8.9	3209.477	7.55	-10.284856678
-94.3301	0.5468	977969.5	54.4	-9.3	3212.679	7.6	-11.0981357939
-94.3241	0.5419	977969.9	54.6	-8.6	3217.082	7.65	-11.7721931924
-94.3181	0.537	977969.5	54.8	-8.8	3218.024	7.7	-12.2375402492
-94.3121	0.5321	977969.2	54.8	-9.1	3215.741	7.75	-12.5391422642
-94.306	0.5273	977969.8	54.9	-8.4	3204.971	7.8	-12.645313781
-94.3	0.5224	977969.7	54.9	-8.6	3198.446	7.85	-12.5802211328
-94.2939	0.5176	977969.3	55	-8.8	3207.082	7.9	-12.5054378174
-94.2879	0.5127	977968.6	55.2	-9.4	3226.432	7.95	-12.4821651446
-94.2818	0.5079	977967.7	55.2	-10.2	3225.296	8	-12.3343602939
-94.2757	0.5031	977968.6	55.2	-9.3	3227.212	8.05	-12.1750386219
-94.2697	0.4983	977968.4	55	-9.6	3246.868	8.1	-12.0291011757
-94.2636	0.4935	977968.6	54.7	-9.8	3237.266	8.15	-11.7303744686
-94.2577	0.4886	977968.7	54.2	-10.2	3249.887	8.2	-11.3378038549
-94.2517	0.4837	977969	54.1	-9.9	3267.489	8.25	-10.8708349304
-94.2458	0.4787	977968.7	54	-10.4	3274.944	8.3	-10.4351146128
-94.2398	0.4736	977969.1	54.1	-9.8	3290.282	8.35	-10.1368500944
-94.2339	0.4686	977968.5	53.7	-10.8	3306.519	8.4	-10.0211255749
-94.228	0.4637	977968.5	53.9	-10.7	3326.487	8.45	-10.1199964577
-94.2221	0.4587	977968.7	53.9	-10.5	3324.583	8.5	-10.4981185785
-94.2162	0.4539	977967.3	53.9	-11.8	3335.294	8.55	-11.0818137737
-94.2101	0.4491	977967	54.3	-11.6	3339.75	8.6	-11.8234150785
-94.2042	0.4443	977967.4	54.2	-11.4	3347.609	8.65	-12.6072554071
-94.1982	0.4394	977968.2	54.3	-10.4	3350.98	8.7	-13.3910695307
-94.1923	0.4344	977967.8	54.5	-10.7	3351.922	8.75	-13.9626045657
-94.1862	0.4294	977966.8	55.3	-10.8	3346.274	8.8	-14.2949421355
-94.1802	0.4246	977965.8	55.5	-11.6	3341.539	8.85	-14.4478810194
-94.174	0.4197	977966.3	55.7	-10.9	3336.34	8.9	-14.3439927449
-94.1679	0.4148	977966.2	55.9	-10.8	3333.548	8.95	-14.0099589359
-94.1617	0.4099	977965.8	56.2	-11	3332.604	9	-13.6013024003
-94.1555	0.405	977965.1	56.5	-11.4	3333.349	9.05	-13.1974359608
-94.1493	0.4001	977965.7	57.2	-10	3344.466	9.1	-12.742456654
-94.1429	0.3951	977965.5	57.7	-9.7	3337.475	9.15	-12.2946068613
-94.1366	0.3901	977964.8	57.1	-11	3318.114	9.2	-11.9824266421
-94.1304	0.3852	977965	56.5	-11.3	3308.5	9.25	-11.7260016933
-94.1242	0.3802	977965.6	56.3	-11	3308.351	9.3	-11.4978446852
-94.118	0.3752	977966.2	56.1	-10.6	3316.214	9.35	-11.3646876402
-94.1118	0.3701	977966.6	55.8	-10.5	3319.821	9.4	-11.2941580738
-94.1057	0.3652	977966.4	55.8	-10.6	3314.36	9.45	-11.2374866185
-94.0995	0.3602	977967.3	56	-9.6	3301.407	9.5	-11.2623712171
-94.0934	0.3552	977967.4	55.5	-10	3284.372	9.55	-11.3363477326
-94.0873	0.3502	977968.8	55.5	-8.6	3261.53	9.6	-11.3669446573
-94.0812	0.3452	977968.4	55	-9.4	3232.971	9.65	-11.3209046987
-94.0752	0.3401	977969.9	54.4	-8.5	3208.641	9.7	-11.1616563725
-94.0693	0.3352	977970.2	54.6	-8.1	3201.053	9.75	-10.845978815
-94.0631	0.3303	977969.3	56.1	-7.4	3191.946	9.8	-10.327659407
-94.057	0.3255	977968.8	55.7	-8.3	3193.551	9.85	-9.78450230252
-94.0509	0.3208	977970.3	55.3	-7.2	3193.412	9.9	-9.28938883193
-94.0447	0.316	977970.3	56.1	-6.5	3194.813	9.95	-8.79662664314
-94.0386	0.3113	977970.4	56	-6.4	3206.061	10	-8.34048941409
-94.0325	0.3063	977970.9	54.1	-7.8	3208.865	10.05	-7.89718664746
-94.0265	0.3012	977972.8	54.4	-5.6	3195.174	10.1	-7.45921641227
-94.0206	0.2961	977973.7	53.8	-5.3	3187.234	10.15	-6.98492301151
-94.0147	0.291	977973.8	53.1	-5.9	3183.157	10.2	-6.49562508856
-94.0089	0.2859	977974.5	53.4	-4.9	3175.287	10.25	-6.17757169055
-94.0029	0.2811	977974.8	54.7	-3.3	3164.002	10.3	-6.03028050924
-93.9969	0.2763	977973.5	54.9	-4.4	3152.626	10.35	-5.87548561451
-93.9908	0.2715	977973.9	55	-3.9	3146.097	10.4	-5.72295799651
-93.9848	0.2668	977973.5	54.9	-4.4	3138.971	10.45	-5.61817180603
-93.9788	0.2621	977973.8	54.3	-4.6	3117.741	10.5	-5.49743559809
-93.9729	0.2571	977974.9	53.2	-4.7	3112.771	10.55	-5.35816331766
-93.967	0.2522	977974.8	53.3	-4.7	3137.379	10.6	-5.2530077941
-93.9611	0.2473	977974.8	50.2	-7.8	3159.613	10.65	-5.26832611244
-93.9564	0.2432	977983	34.4	-15.4	3179.538	10.7	-5.37419459762
-93.9533	0.2404	977998.3	25.9	-8.5	3194.598	10.75	-5.46698709616
-93.9506	0.2379	978004.4	22	-6.4	3203.501	10.8	-5.56854288542
-93.9483	0.2357	978007.8	28.7	3.7	3206.438	10.85	-5.66903445123
-93.9442	0.2321	977995.8	39.7	2.8	3206.83	10.9	-5.85958990274
-93.9397	0.2277	977987.6	40.7	-4.5	3207.036	10.95	-6.13705401427
-93.9355	0.2236	977991.5	34.1	-7.1	2901.915	11	-6.44812751234
-93.9352	0.2221	978019.7	-0.8	-13.9	1268.526	11.05	-6.53387528794
-93.9356	0.2223	978030.4	-1.2	-3.6	91.876	11.1	-6.50933930778
-93.9355	0.2224	978030.6	0.9	-1.3	-99	11.15	-6.50773594204
-93.9353	0.2226	978028.9	1.9	-2	-99	11.2	-6.50462148757
-93.935	0.2228	978028.6	2.3	-1.9	-99	11.25	-6.50521180459
-93.9348	0.2231	978028.1	1.9	-2.8	-99	11.3	-6.49740789068
-93.9345	0.2233	978027.8	2.1	-2.9	-99	11.35	-6.49839290221
-93.9343	0.2235	978028.2	1.5	-3.1	-99	11.4	-6.49592011269
-93.9342	0.2236	978028.8	-0	-4	-99	11.45	-6.49474116114
-93.9342	0.2236	978030.1	-0	-2.7	-99	11.5	-6.49474116114
-93.9342	0.2236	978029.8	-0.2	-3.1	-99	11.55	-6.49474116114
-93.9342	0.2236	978030	-0.1	-2.8	-99	11.6	-6.49474116114
-93.9342	0.2236	978029.9	-0.1	-2.9	-99	11.65	-6.49474116114
-93.9342	0.2236	978030.3	-0.1	-2.5	-99	11.7	-6.49474116114
-93.9342	0.2236	978030.4	-0.2	-2.5	-99	11.75	-6.49474116114
-93.9342	0.2236	978030.6	-0.1	-2.3	-99	11.8	-6.49474116114
-93.9342	0.2236	978030.1	-0.1	-2.8	-99	11.85	-6.49474116114
-93.9342	0.2236	978030.3	-0.1	-2.5	-99	11.9	-6.49474116114
-93.9342	0.2236	978030	-0.1	-2.9	-99	11.95	-6.49474116114
-93.9342	0.2236	978030	-0.1	-2.9	-99	12	-6.49474116114
-93.9342	0.2236	978030.5	-0.1	-2.4	-99	12.05	-6.49474116114
-93.9342	0.2236	978030.3	-0.1	-2.5	-99	12.1	-6.49474116114
-93.9342	0.2236	978030	-0.1	-2.9	-99	12.15	-6.49474116114
-93.9342	0.2236	978029.9	-0.1	-3	-99	12.2	-6.49474116114
-93.9342	0.2236	978029.8	-0.2	-3.1	-99	12.25	-6.49474116114
-93.9342	0.2236	978030.3	-0.1	-2.6	-99	12.3	-6.49474116114
-93.9342	0.2236	978030.1	-0.1	-2.7	-99	12.35	-6.49474116114
-93.9342	0.2236	978030.1	-0.1	-2.8	-99	12.4	-6.49474116114
-93.9342	0.2236	978030	-0.1	-2.8	-99	12.45	-6.49474116114
-93.9342	0.2236	978030.1	-0.1	-2.7	-99	12.5	-6.49474116114
-93.9342	0.2236	978030.2	-0	-2.6	-99	12.55	-6.49474116114
-93.9342	0.2236	978030.1	-0.1	-2.8	-99	12.6	-6.49474116114
-93.9342	0.2236	978030	-0.2	-3	-99	12.65	-6.49474116114
-93.9342	0.2236	978031.1	-4.2	-5.8	-99	12.7	-6.49474116114
-93.9354	0.2237	978038.2	-11.7	-6.3	-99	12.75	-6.44685058997
-93.9367	0.2245	978041.9	-9.2	-0	-99	12.8	-6.36527061956
-93.9369	0.2244	978035.9	4.7	7.9	-99	12.85	-6.36316697274
-93.937	0.224	978029	-9.4	-13.1	-99	12.9	-6.37822796125
-93.9383	0.2237	978040.1	-12.9	-5.6	-99	12.95	-6.35077148771
-93.9399	0.2231	978043.3	-14.9	-4.4	165.209	13	-6.33176195527
-93.9415	0.2225	978044.8	-16.9	-4.8	2242.244	13.05	-6.31725656565
-93.9427	0.221	978042.3	5.5	15.1	1835.785	13.1	-6.3605165983
-93.9406	0.2211	978016.9	31.3	15.4	3090.355	13.15	-6.41117286053
-93.9361	0.2237	977994.6	49.9	11.8	3210.061	13.2	-6.42255434467
-93.93	0.2283	977978	55.6	0.8	3181.869	13.25	-6.45198884922
-93.9239	0.233	977975.8	49.6	-7.4	3157.732	13.3	-6.52518383176
-93.9194	0.2394	977985.8	41.2	-5.8	3175.452	13.35	-6.54723455721
-93.9148	0.2456	977989.5	42.8	-0.5	3166.266	13.4	-6.6367352481
-93.91	0.2515	977988.5	43.1	-1.1	3136.495	13.45	-6.68846474909
-93.9053	0.2575	977988.5	43.3	-1	3110.998	13.5	-6.63583330765
-93.9006	0.2636	977989	42.7	-1.1	3100.451	13.55	-6.53056461069
-93.8959	0.2697	977989.4	42.7	-0.7	3109.164	13.6	-6.37030627531
-93.8912	0.2758	977989.5	42.4	-0.9	3121.028	13.65	-6.18294991299
-93.8866	0.2819	977989.9	43	0.1	3122.295	13.7	-6.0131199383
-93.8819	0.2881	977989.5	43	-0.3	3110.669	13.75	-5.84734062456
-93.8771	0.2943	977989.3	43.5	-0	3112.853	13.8	-5.67863174505
-93.8724	0.3005	977989	43.4	-0.4	3082.105	13.85	-5.59714762872
-93.8676	0.3067	977989.2	43.3	-0.3	3063.249	13.9	-5.49672475992
-93.8629	0.313	977989.8	42.8	-0.3	3047.54	13.95	-5.33739981906
-93.8583	0.3193	977990.2	42.1	-0.6	3048.555	14	-5.14473108226
-93.8537	0.3255	977990.6	42.6	0.3	3069.964	14.05	-4.79296813526
-93.849	0.3316	977990.3	42.4	-0.1	3073.683	14.1	-4.24590591799
-93.8443	0.3377	977990.3	42.6	0	3068.601	14.15	-3.77080917712
-93.8397	0.3437	977989.9	42.6	-0.4	3061.845	14.2	-3.54071346308
-93.835	0.3497	977989.8	42.7	-0.4	3070.356	14.25	-3.53424055384
-93.8303	0.3556	977990.1	42.3	-0.5	3101.855	14.3	-3.82133574463
-93.8257	0.3616	977990.3	42.1	-0.5	3104.211	14.35	-4.24758156921
-93.8211	0.3677	977990.2	42.2	-0.5	3103.676	14.4	-4.63740182785
-93.8165	0.3737	977990.4	41.8	-0.7	3084.077	14.45	-4.86834795357
-93.8119	0.3798	977991.5	41.3	-0.1	3046.265	14.5	-4.8388217006
-93.8074	0.3858	977992.3	41	0.4	3027.975	14.55	-4.52691641657
-93.803	0.392	977993.5	40.4	0.9	3036.653	14.6	-3.95685444798
-93.7985	0.3981	977994.1	40.6	1.8	3032.361	14.65	-3.22361583093
-93.7941	0.4043	977994.1	40.4	1.6	3024.037	14.7	-2.45547880486
-93.7897	0.4105	977995.1	40.4	2.5	3018.969	14.75	-1.73948833736
-93.7852	0.4165	977995.6	40.9	3.5	3019.268	14.8	-1.09969848318
-93.7807	0.4227	977995.6	41.1	3.8	2997.275	14.85	-0.503469009157
-93.7762	0.4288	977996.2	40.8	4.1	2991.381	14.9	0.0799348560956
-93.7718	0.4348	977996.9	41.1	5	2988.573	14.95	0.704039073739
-93.7672	0.4408	977997	41.8	5.9	2953.851	15	1.38196616528
-93.7626	0.4467	977996.3	42.3	5.6	2926.265	15.05	2.07349685159
-93.758	0.4527	977996.8	42.4	6.2	2923.124	15.1	2.7688063826
-93.7533	0.4587	977997.5	42.3	6.8	2943.096	15.15	3.46807936
-93.7487	0.4647	977998.2	42.3	7.4	2927.29	15.2	4.14629827595
-93.7441	0.4707	977999.3	42.1	8.3	2935.377	15.25	4.7226115247
-93.7395	0.4767	977999.8	42.2	8.9	2921.289	15.3	5.12189758423
-93.7349	0.4827	978000.4	42.1	9.4	2880.413	15.35	5.32901114519
-93.7302	0.4887	978000.5	42	9.4	2893.756	15.4	5.24379212108
-93.7256	0.4948	978000.9	41.7	9.6	2894.303	15.45	4.91710914298
-93.7211	0.5008	978000.8	42	9.8	2886.657	15.5	4.41212437073
-93.7165	0.5069	977999.6	41.8	8.4	2903.355	15.55	3.75906027646
-93.7119	0.513	977999.2	42	8.2	2902.555	15.6	3.06359087997
-93.7073	0.5191	977998.1	41.9	6.9	2899.917	15.65	2.38469031442
-93.7027	0.5252	977997.2	41.8	5.9	2906.206	15.7	1.70077768351
-93.6981	0.5311	977996.3	41.8	5	2926.746	15.75	1.068343734
-93.6935	0.5372	977995.8	41.9	4.6	2940.132	15.8	0.561941493828
-93.6889	0.5433	977995.4	42.3	4.5	2933.972	15.85	0.179859920571
-93.6843	0.5493	977995.1	42	3.9	2922.84	15.9	-0.134481595393
-93.6797	0.5553	977996.2	41.6	4.6	2918.298	15.95	-0.383173221372
-93.6752	0.5614	977996.6	41.8	5.2	2914.218	16	-0.485529693115
-93.6706	0.5673	977996.4	42.1	5.4	2918.584	16.05	-0.413743246743
-93.666	0.5734	977996.9	42.1	5.8	2907.074	16.1	-0.351448283179
-93.6613	0.5794	977996.7	42.4	5.9	2902.224	16.15	-0.334633725762
-93.6567	0.5855	977996.7	42.2	5.7	2909.689	16.2	-0.262033781193
-93.6521	0.5915	977997.4	42.3	6.4	2912.7	16.25	-0.294571752423
-93.6474	0.5976	977996.9	42.2	5.8	2933.424	16.3	-0.588737563681
-93.6428	0.6037	977997	41.9	5.6	2943.349	16.35	-1.17590836059
-93.6383	0.6099	977996.4	41.8	4.9	2892.395	16.4	-2.06836437725
-93.6337	0.616	977995.7	41.5	3.9	2924.712	16.45	-3.22307557253
-93.6291	0.6222	977994.6	41.8	3.2	2967.594	16.5	-4.6021059656
-93.6245	0.6283	977992.7	41.9	1.4	2962.888	16.55	-6.13700096109
-93.6199	0.6344	977990.5	42.1	-0.7	3025.881	16.6	-7.86242233494
-93.6153	0.6405	977988.7	42	-2.6	3081.553	16.65	-9.59553785229
-93.6107	0.6466	977987	42	-4.4	3091.621	16.7	-11.1723403967
-93.6061	0.6527	977984.8	42.1	-6.4	3082.909	16.75	-12.5553518079
-93.6015	0.6588	977983.3	42.3	-7.8	3104.669	16.8	-13.7021380688
-93.5969	0.665	977981.4	42.5	-9.4	3130.802	16.85	-14.6275278106
-93.5922	0.6712	977980.2	42.6	-10.7	3130.687	16.9	-15.2996518986
-93.5875	0.6774	977978.9	42.2	-12.2	3127.332	16.95	-15.7114954607
-93.5829	0.6835	977978	42.3	-13.1	3124.825	17	-15.817064175
-93.5783	0.6897	977977.8	41.9	-13.7	3125.839	17.05	-15.6099429773
-93.5737	0.6958	977978.7	41.6	-13.1	3122.307	17.1	-15.2682329112
-93.5692	0.7019	977979	41.9	-12.5	3117.172	17.15	-14.8123849862
-93.5646	0.708	977979.3	41.7	-12.5	3104.964	17.2	-14.203292808
-93.56	0.7141	977980	41.8	-11.6	3091.918	17.25	-13.5706734979
-93.5554	0.7202	977980.3	42.4	-10.7	3079.092	17.3	-12.9923581122
-93.5507	0.7262	977980.9	42.7	-10	3052.088	17.35	-12.3808378088
-93.546	0.7323	977981.8	42.8	-9	3022.51	17.4	-11.6571247983
-93.5414	0.7383	977982.4	42.5	-8.6	3012.022	17.45	-10.8902764421
-93.5367	0.7444	977984.1	42.3	-7.1	3040.349	17.5	-10.1770547435
-93.5321	0.7504	977985.1	42.4	-6.1	3030.109	17.55	-9.52278844201
-93.5274	0.7564	977985.5	42.2	-5.9	3000.437	17.6	-8.85809099837
-93.5229	0.7624	977986.5	41.3	-5.9	2960.983	17.65	-8.21469743169
-93.5184	0.7686	977988.6	40.6	-4.4	2959.958	17.7	-7.60662000401
-93.5139	0.7748	977989	41	-3.6	3017.478	17.75	-7.07536205109
-93.5094	0.781	977988.9	41.2	-3.5	3028.053	17.8	-6.71393069696
-93.505	0.7873	977989.7	38.4	-5.6	2990.093	17.85	-6.51219739215
-93.5011	0.7938	977995.2	24.7	-13.8	2973.709	17.9	-6.35819975707
-93.4994	0.7976	978011.8	13.4	-8.4	2962.976	17.95	-6.30561820338
-93.4979	0.8009	978018.2	14.7	-0.8	2892.87	18	-6.27983100599
-93.4962	0.8043	978015.9	21.5	3.6	1092.987	18.05	-6.26746207029
-93.493	0.8094	978006.7	30.7	3.6	-99	18.1	-6.24921033629
-93.4896	0.8144	978000.3	32	-1.4	-99	18.15	-6.21409974573
-93.486	0.8191	977998.8	34	-0.9	-99	18.2	-6.12082169148
-93.4823	0.8228	977999.3	20.5	-14	-99	18.25	-5.96286506419
-93.4816	0.8231	978017.7	-8.7	-24.7	-99	18.3	-5.92613001088
-93.4823	0.8227	978035.9	-5.4	-3.2	-99	18.35	-5.96194050222
-93.4826	0.8224	978033.8	-2.3	-2.3	-99	18.4	-5.97593569063
-93.4827	0.8224	978030.7	-0.2	-3.2	-99	18.45	-5.98153959158
-93.4827	0.8224	978029.7	-0.1	-4.2	-99	18.5	-5.98153959158
-93.4827	0.8224	978029.9	0	-3.8	-99	18.55	-5.98153959158
-93.4827	0.8224	978029	-0	-4.8	-99	18.6	-5.98153959158
-93.4827	0.8224	978029.6	-0	-4.1	-99	18.65	-5.98153959158
-93.4827	0.8224	978029.6	-0.1	-4.3	-99	18.7	-5.98153959158
-93.4827	0.8224	978030.1	-0.2	-3.9	-99	18.75	-5.98153959158
-93.4827	0.8224	978029.6	-0.1	-4.3	-99	18.8	-5.98153959158
-93.4827	0.8224	978030.1	-0.1	-3.8	-99	18.85	-5.98153959158
-93.4827	0.8224	978030.1	-0	-3.6	-99	18.9	-5.98153959158
-93.4827	0.8224	978031	-0.1	-2.8	-99	18.95	-5.98153959158
-93.4827	0.8224	978030.1	-0.2	-3.8	-99	19	-5.98153959158
-93.4827	0.8224	978029.8	-0.1	-4.1	-99	19.05	-5.98153959158
-93.4827	0.8224	978029.6	-0.1	-4.2	-99	19.1	-5.98153959158
-93.4827	0.8224	978029.9	-0.1	-3.9	-99	19.15	-5.98153959158
-93.4827	0.8224	978030.7	-0	-3.1	-99	19.2	-5.98153959158
-93.4827	0.8224	978030.4	-0.1	-3.4	-99	19.25	-5.98153959158
-93.4827	0.8224	978030.6	0	-3.2	-99	19.3	-5.98153959158
-93.4827	0.8223	978030	0	-3.7	-99	19.35	-5.98056353639
-93.4827	0.8224	978030.1	-0.2	-3.8	-99	19.4	-5.98153959158
-93.4827	0.8224	978030	0	-3.7	-99	19.45	-5.98153959158
-93.4827	0.8224	978030.2	-0	-3.6	-99	19.5	-5.98153959158
-93.4828	0.8224	978031.4	-6.1	-8.5	-99	19.55	-5.98713693796
-93.4842	0.8227	978040.6	-16	-9.1	-99	19.6	-6.06731516919
-93.4857	0.8213	978044.5	-13.2	-2.5	-99	19.65	-6.13226292175
-93.4868	0.8209	978042.1	-11.1	-2.8	-99	19.7	-6.18233852485
-93.4883	0.8207	978043	-12.6	-3.3	-99	19.75	-6.24794699914
-93.4895	0.8208	978042.5	-9.8	-1	-99	19.8	-6.29669317423
-93.4898	0.8196	978034.6	10.6	11.5	177.154	19.85	-6.29333890148
-93.4887	0.817	978022.9	17.2	6.3	2297.359	19.9	-6.21643922599
-93.4859	0.8117	978009	24.6	-0.1	2926.65	19.95	-6.00734891088
-93.4839	0.8044	978008.1	13.4	-12.2	2937.064	20	-5.80275683581
-93.4829	0.7967	978018	8.6	-7	2936.895	20.05	-5.64874206759
-93.482	0.7888	978020	7.9	-5.7	2948.97	20.1	-5.50708692123
-93.4812	0.7812	978019.2	7.7	-6.7	3041.807	20.15	-5.34100482982
-93.4804	0.7735	978020	8.1	-5.6	2979.528	20.2	-5.33084311238
-93.4795	0.7657	978019.6	8	-6	3195.013	20.25	-5.54536477797
-93.4787	0.7579	978019.4	8.1	-6	3885.319	20.3	-6.0190684198
-93.4778	0.7499	978019.5	8.1	-6	3303.524	20.35	-6.77399549672
-93.477	0.7419	978018.6	8	-6.9	2998.283	20.4	-7.74694957144
-93.4762	0.734	978017.6	7.5	-8.5	3018.592	20.45	-8.9434011625
-93.4754	0.7263	978016.4	6.9	-10.1	3142.04	20.5	-10.2212594364
-93.4747	0.7186	978015.2	6.7	-11.6	3121.215	20.55	-11.4636250106
-93.474	0.7106	978016.2	6.1	-11.1	3083.43	20.6	-12.7191763019
-93.4734	0.7026	978015.6	5.3	-12.6	3109.819	20.65	-13.8557094767
-93.473	0.6946	978014.7	4.9	-13.9	3131.493	20.7	-14.9005932326
-93.4725	0.6868	978013.2	5.1	-15.1	3144.912	20.75	-15.718434933
-93.4719	0.6787	978013	5.3	-15.1	3151.688	20.8	-16.3600930592
-93.4714	0.6707	978011.9	5.1	-16.3	3165.81	20.85	-16.6258100842
-93.4709	0.6628	978011.1	5	-17.3	3185.145	20.9	-16.5341676608
-93.4704	0.6548	978011.8	4.9	-16.6	3245.961	20.95	-16.1575939524
-93.4699	0.647	978011.8	4.9	-16.6	3210.809	21	-15.5015569456
-93.4694	0.639	978012.7	5	-15.7	3190.236	21.05	-14.5464135229
-93.4688	0.6312	978013.5	4.9	-14.9	3485.238	21.1	-13.2967237862
-93.4684	0.6234	978015	5.2	-13.1	5386.901	21.15	-11.8908066155
-93.4679	0.6157	978016.2	7.6	-9.5	3671.181	21.2	-10.2727797732
-93.4675	0.6079	978018.1	7.8	-7.3	3030.275	21.25	-8.56595825551
-93.4671	0.6	978020.6	6.5	-6.2	3121.907	21.3	-6.80572123274
-93.4666	0.5921	978022.2	6.8	-4.2	3120.096	21.35	-4.99725577134
-93.4662	0.5844	978023.9	9.3	-0	3177.331	21.4	-3.25709156071
-93.4658	0.5767	978024.7	5.8	-2.6	3317.386	21.45	-1.54588296505
-93.4654	0.5689	978026.8	4.2	-2.2	3122.98	21.5	0.101687417581
-93.465	0.5613	978028	4	-1.2	3191.574	21.55	1.58927944243
-93.4646	0.5535	978030.7	9.7	7.3	3562.364	21.6	2.80093809969
-93.4641	0.5457	978031.6	6.6	5.1	3366.507	21.65	3.74189617195
-93.4637	0.5377	978034.5	4.7	6.1	3034.597	21.7	4.14774869232
-93.4632	0.5296	978036.6	4.8	8.3	2890.847	21.75	4.03419196876
-93.4627	0.5217	978036.5	4.7	8.1	2715.653	21.8	3.37597506829
-93.4622	0.5138	978035.4	5	7.3	2891.074	21.85	2.14918109203
-93.4617	0.506	978033.2	5	5.1	3053.643	21.9	0.493325326602
-93.4612	0.4981	978029.7	4.9	1.6	3115.185	21.95	-1.67911422102
-93.4607	0.4904	978025.9	5	-2.2	3153.99	22	-3.97765888259
-93.4602	0.4824	978023.4	5.3	-4.3	3174.395	22.05	-6.51189440773
-93.4596	0.4745	978020.6	5.3	-7.1	3183.837	22.1	-8.9437985432
-93.459	0.4667	978018.1	5.7	-9.2	3199.881	22.15	-11.154687652
-93.4585	0.4588	978016.1	5.6	-11.4	3232.109	22.2	-13.1125028244
-93.4579	0.4509	978015	5.7	-12.3	3173.027	22.25	-14.6419483886
-93.4573	0.443	978013.8	5.1	-14.1	3171.919	22.3	-15.7873666952
-93.4568	0.4353	978012.8	5.5	-14.7	3164.972	22.35	-16.4892481099
-93.4562	0.4275	978012.1	5.6	-15.3	3162.163	22.4	-16.8584013582
-93.4556	0.4197	978011.4	5.5	-16	3170.021	22.45	-17.0322538252
-93.4551	0.4121	978010.3	5.4	-17.3	3182.453	22.5	-16.9738836859
-93.4545	0.4043	978010.9	6.1	-15.9	3150.483	22.55	-16.7785834445
-93.4538	0.3965	978010.7	6.5	-15.7	3165.647	22.6	-16.4217297467
-93.4532	0.3886	978011.3	6.5	-15.2	3174.494	22.65	-16.0167603358
-93.4525	0.3806	978011.5	5.9	-15.5	3267.635	22.7	-15.6222246222
-93.4521	0.3729	978013.1	10.2	-9.5	3065.629	22.75	-15.1742365532
-93.4518	0.3651	978015.1	24.8	7	3346.557	22.8	-14.6477716382
-93.4515	0.3573	978015.5	11.8	-5.6	3283.812	22.85	-14.130242333
-93.4511	0.3496	978016	18.1	1.2	3324.66	22.9	-13.6331888257
-93.4508	0.3418	978015.9	4.7	-12.2	3217.162	22.95	-13.205177145
-93.4503	0.3339	978015.8	4.5	-12.6	3226.085	23	-12.9625595183
-93.4499	0.3259	978016.5	5.9	-10.4	3086.147	23.05	-12.8645979796
-93.4494	0.318	978015.8	17	-0	3083.78	23.1	-12.9714740865
-93.4492	0.3101	978017.3	29.3	13.8	3232.046	23.15	-13.1895589803
-93.4489	0.3025	978016.4	37.4	21	3624.117	23.2	-13.4696444557
-93.4487	0.2949	978016.5	25.9	9.6	3287.272	23.25	-13.8127552687
-93.4484	0.2872	978016.8	11.9	-4.2	3208.388	23.3	-14.1971006303
-93.4481	0.2796	978015.1	10	-7.7	4870.882	23.35	-14.609786567
-93.4477	0.2719	978016.3	4.7	-11.8	5201.621	23.4	-14.9738957814
-93.4472	0.2638	978016.9	4.5	-11.3	5023.294	23.45	-15.3052105154
-93.4468	0.256	978016.2	5.7	-10.9	3498.976	23.5	-15.5355434037
-93.4464	0.2483	978016.6	5	-11.1	3195.611	23.55	-15.6865832675
-93.446	0.2404	978016.6	4.1	-12.1	3214.75	23.6	-15.7269500452
-93.4455	0.2326	978016.8	4.5	-11.5	3180.748	23.65	-15.6306995294
-93.4451	0.2246	978017.3	6.4	-9.1	3181.811	23.7	-15.4008718009
-93.4446	0.2167	978017.7	5.2	-9.9	3204.376	23.75	-15.0359001862
-93.4441	0.2087	978017.6	6.4	-8.8	3625.61	23.8	-14.5446224757
-93.4437	0.2009	978016.8	4.9	-11.1	5657.403	23.85	-13.9078185529
-93.4433	0.193	978016.4	6.3	-10.1	5183.089	23.9	-13.2208563804
-93.4428	0.185	978017	NaN	NaN	3173.199	23.95	-12.6737710585
