-92.8613	-2.314	978111.5	NaN	NaN	3484.856	0	-9.63734864877
-92.8701	-2.3185	978111.8	-79.7	-9	3485.504	0.05	-8.89200701122
-92.8789	-2.3231	978112	-79.8	-9	3484.059	0.1	-7.88383966636
-92.8879	-2.3278	978113.3	-79.8	-7.7	3464.399	0.15	-6.71575943118
-92.8968	-2.3323	978115.4	-79.5	-5.4	3434.057	0.2	-5.70297243509
-92.9057	-2.3369	978117	-79	-3.2	3382.285	0.25	-4.8828654088
-92.9145	-2.3413	978118.6	-78.9	-1.7	3129.771	0.3	-4.30200097153
-92.9233	-2.3458	978120.7	-78.8	0.5	3120.851	0.35	-3.9904311041
-92.9322	-2.3501	978122.3	-79.4	1.5	3173.943	0.4	-4.03265749737
-92.9411	-2.3546	978122.7	-79.3	2	3133.97	0.45	-4.49558306306
-92.9499	-2.359	978121.2	-79	0.7	3156.371	0.5	-5.454479161
-92.9588	-2.3635	978119.1	-79.6	-1.9	3342.361	0.55	-6.72126385293
-92.9677	-2.368	978117	-79.6	-4.1	3518.763	0.6	-8.33411936901
-92.9766	-2.3725	978115	-80	-6.6	3522.714	0.65	-9.64386230698
-92.9856	-2.3769	978113.3	-79.4	-7.7	3507.936	0.7	-10.3618500748
-92.9944	-2.3813	978111.5	-83.9	-14	3404.742	0.75	-10.4535420929
-93.004	-2.382	978119.4	-86.6	-8.8	3267.396	0.8	-9.8347773032
-93.013	-2.3773	978117.7	-80.4	-4.3	3511.613	0.85	-8.73425639932
-93.0219	-2.3724	978114.7	-79.2	-6	3512.344	0.9	-7.37361031437
-93.0308	-2.3674	978114.7	-79	-5.8	3512.216	0.95	-6.16808021149
-93.0396	-2.3625	978116.3	-78.8	-4	3501.173	1	-5.2485960154
-93.0484	-2.3576	978118.4	-78.8	-1.8	3459.696	1.05	-4.61234928509
-93.0572	-2.3526	978120.2	-78.8	0	3232.756	1.1	-4.18751602532
-93.0661	-2.3479	978122.3	-79.7	1.3	3124.806	1.15	-3.38631837238
-93.075	-2.3432	978125	-79.9	3.8	3135.288	1.2	-2.49475268265
-93.084	-2.3385	978125.2	-79.7	4.2	3170.327	1.25	-1.70693229795
-93.0929	-2.3338	978124.8	-79.6	4	3212.109	1.3	-1.34000351265
-93.1018	-2.3292	978124.4	-79.4	3.8	3287.952	1.35	-1.51253399646
-93.1107	-2.3246	978124.3	-79.5	3.6	3265.64	1.4	-1.96772160043
-93.1195	-2.32	978123.6	-74.8	7.6	3242.672	1.45	-2.89949559824
-93.127	-2.3162	978114	-50.2	22.7	3168.817	1.5	-3.67312772835
-93.1309	-2.3146	978085.5	-32.2	12.2	3141.476	1.55	-4.02893546862
-93.1343	-2.3133	978073.2	-33.4	-1.2	3155.39	1.6	-4.35676794007
-93.1387	-2.311	978079.3	-49.8	-11.6	3270.262	1.65	-4.87243229226
-93.145	-2.3072	978095.4	-59.1	-4.8	3424.39	1.7	-5.65299885435
-93.1519	-2.3032	978100.3	-63.3	-4.1	1767.392	1.75	-6.49135399802
-93.1591	-2.2991	978101.5	-55.5	5	229.634	1.8	-7.36867633068
-93.164	-2.2965	978086.8	-39.4	6.4	-99	1.85	-7.95195058688
-93.1679	-2.2957	978072.3	-21.4	10	-99	1.9	-8.31143147246
-93.1679	-2.2969	978044.9	11.4	15.3	-99	1.95	-8.21367903787
-93.1671	-2.2975	978027.9	6.7	-6.4	-99	2	-8.10357263766
-93.1667	-2.2975	978030.6	1.6	-8.8	-99	2.05	-8.07319617223
-93.1666	-2.2975	978034.1	-0.2	-7.1	-99	2.1	-8.06560455195
-93.1666	-2.2973	978035	-0.2	-6.2	-99	2.15	-8.08215966731
-93.1665	-2.2973	978034.6	-0.2	-6.6	-99	2.2	-8.07457521622
-93.1665	-2.2972	978035.6	-0.4	-5.7	-99	2.25	-8.08284750381
-93.1665	-2.2971	978035.7	-0	-5.3	-99	2.3	-8.09111376337
-93.1665	-2.297	978035.7	-0.3	-5.5	-99	2.35	-8.09937361989
-93.1665	-2.2969	978035.3	-0.3	-5.9	-99	2.4	-8.10762669834
-93.1665	-2.2969	978035.2	0	-5.7	-99	2.45	-8.10762669834
-93.1664	-2.2968	978035	-0.2	-6.1	-99	2.5	-8.10830422807
-93.1663	-2.2967	978034.5	-0.4	-6.8	-99	2.55	-8.10898108878
-93.1664	-2.2967	978035.3	-0.1	-5.8	-99	2.6	-8.11654567666
-93.1664	-2.2966	978035.3	-0.3	-6	-99	2.65	-8.12477924477
-93.1664	-2.2967	978035.4	-0.2	-5.7	-99	2.7	-8.11654567666
-93.1664	-2.2967	978034.6	-0.2	-6.5	-99	2.75	-8.11654567666
-93.1664	-2.2967	978035.6	-0.3	-5.6	-99	2.8	-8.11654567666
-93.1664	-2.2967	978035.4	-0.8	-6.4	-99	2.85	-8.11654567666
-93.1666	-2.2965	978036	-0.1	-5.1	-99	2.9	-8.14812346056
-93.1667	-2.2967	978036.7	-6.9	-11.2	-99	2.95	-8.13924368324
-93.1679	-2.2973	978043.6	-12	-9.4	-99	3	-8.18082402143
-93.1692	-2.2972	978046.5	-9.8	-4.3	-99	3.05	-8.28767497558
-93.1701	-2.2969	978043.7	-10.2	-7.5	-99	3.1	-8.38018155877
-93.1714	-2.2964	978045.4	-3.2	1.2	-99	3.15	-8.51810724528
-93.17	-2.2965	978031.2	17.1	7.3	-99	3.2	-8.40494000681
-93.1706	-2.2939	978035	-22.7	-28.7	-99	3.25	-8.6541571857
-93.1744	-2.291	978066.2	-49.5	-24.2	1621.566	3.3	-9.12865253299
-93.1815	-2.2856	978094	-68.8	-15.7	3477.488	3.35	-9.90509754527
-93.1896	-2.2799	978105.3	-72	-7.5	3484.157	3.4	-10.6479476782
-93.1977	-2.2743	978106.3	-72.3	-6.8	3486.475	3.45	-11.2080054013
-93.2057	-2.2687	978105.9	-71.9	-6.7	3487.709	3.5	-11.4304532746
-93.2138	-2.2631	978106.2	-72.2	-6.8	3490.917	3.55	-11.2787438327
-93.2219	-2.2574	978106.5	-72.4	-6.6	3502.552	3.6	-10.8834448444
-93.2299	-2.2518	978106.5	-72.1	-6.3	3507.896	3.65	-9.98018744424
-93.238	-2.2461	978106.5	-71.8	-5.9	3510.897	3.7	-8.82876104769
-93.246	-2.2403	978106.6	-71.7	-5.8	3512.173	3.75	-7.64650068842
-93.2541	-2.2346	978107.6	-72.6	-5.5	3518.47	3.8	-6.50221989012
-93.2623	-2.229	978109.4	-73.8	-4.9	3521.665	3.85	-5.60829716704
-93.2706	-2.2235	978110.4	-74.2	-4.3	3530.394	3.9	-4.75883526881
-93.2789	-2.218	978111.1	-74.4	-3.7	3525.036	3.95	-4.42520560022
-93.2872	-2.2125	978110.8	-74	-3.6	3521.72	4	-4.54333264962
-93.2954	-2.207	978110.6	-73.7	-3.5	3527.49	4.05	-5.10066105995
-93.3037	-2.2015	978110.5	-74.4	-4.2	3493.465	4.1	-6.03079946726
-93.312	-2.1959	978111	-74.5	-3.7	3434.66	4.15	-7.10491271688
-93.3204	-2.1904	978110.9	-74.2	-3.5	3429.923	4.2	-8.20941841725
-93.3286	-2.1847	978110.3	-74.1	-3.9	3464.122	4.25	-9.01100816823
-93.337	-2.1792	978110	-74.3	-4.4	3462.571	4.3	-9.70558591003
-93.3452	-2.1736	978109.7	-74.3	-4.8	3451.721	4.35	-10.0832660638
-93.3536	-2.1681	978109.5	-74.2	-4.8	3440.72	4.4	-10.2172755319
-93.3618	-2.1625	978109	-73.9	-5	3442.86	4.45	-10.2058890589
-93.3701	-2.1569	978108.5	-74.1	-5.5	3442.4	4.5	-10.0519730762
-93.3784	-2.1514	978108.5	-74	-5.5	3432.284	4.55	-9.86944941986
-93.3867	-2.1458	978108.4	-74.1	-5.6	3425.545	4.6	-9.53756727998
-93.395	-2.1402	978108	-74	-5.8	3416.968	4.65	-9.08371936472
-93.4032	-2.1347	978108.3	-74	-5.6	3417.417	4.7	-8.6303812943
-93.4115	-2.1292	978108.5	-74.3	-5.6	3408.068	4.75	-8.31925717032
-93.4199	-2.1236	978108.8	-74.1	-5	3395.605	4.8	-8.11119889898
-93.4281	-2.118	978108.8	-73.4	-4.3	3384.57	4.85	-7.85316800012
-93.4363	-2.1124	978108.7	-73	-3.9	3367.829	4.9	-7.32931202107
-93.4444	-2.1067	978109.5	-72.9	-3.1	3332.931	4.95	-6.47833396684
-93.4526	-2.101	978110.4	-72.8	-2	3296.245	5	-5.28457478061
-93.4608	-2.0954	978111.7	-73.7	-1.5	3267.084	5.05	-3.89716257421
-93.469	-2.0897	978113.9	-73.5	0.8	3258.776	5.1	-2.2267129846
-93.4772	-2.084	978114.4	-73.6	1.3	3267.447	5.15	-0.51158457194
-93.4855	-2.0783	978116	-74.4	2.2	3266.729	5.2	1.21129550476
-93.4939	-2.0727	978117.9	-74.7	3.7	3244.596	5.25	2.7769836341
-93.5022	-2.0672	978119.3	-74.4	5.5	3233.259	5.3	4.02559713241
-93.5105	-2.0618	978120.5	-74.2	6.9	3230.092	5.35	4.9573681893
-93.5188	-2.0563	978121.6	-74.4	7.9	3224.983	5.4	5.50113497356
-93.5271	-2.0508	978122.5	-74.7	8.5	3259.09	5.45	5.65215842408
-93.5355	-2.0453	978123.4	-74.4	9.7	3220.173	5.5	5.45260838523
-93.5438	-2.0397	978122.4	-74.3	8.8	3213.225	5.55	4.80764287014
-93.5521	-2.034	978121.4	-73.9	8.3	3222.96	5.6	3.7643512753
-93.5604	-2.0283	978119.5	-74.2	6.2	3244.6	5.65	2.56731655011
-93.5687	-2.0227	978118.1	-74.7	4.3	3252.74	5.7	1.24848481562
-93.577	-2.0172	978116.6	-74.4	3.1	3298.28	5.75	-0.0876205549977
-93.5853	-2.0117	978114.9	-74.2	1.7	3310.134	5.8	-1.41383053566
-93.5937	-2.0061	978113.7	-74.2	0.4	3320.431	5.85	-2.75381378298
-93.6019	-2.0006	978112.7	-73.8	-0	3319.591	5.9	-4.05698416905
-93.6102	-1.9949	978112.2	-73.9	-0.6	3319.248	5.95	-5.14021924738
-93.6184	-1.9893	978112.1	-73.9	-0.7	3293.189	6	-5.84365290933
-93.6267	-1.9837	978111.7	-73.5	-0.7	3224.039	6.05	-6.18036601316
-93.6349	-1.978	978111.5	-72.9	-0.2	3190.352	6.1	-6.22028292445
-93.643	-1.9723	978110.6	-72.7	-0.9	3216.253	6.15	-6.23779276423
-93.6512	-1.9668	978110.5	-73.4	-1.7	3278.843	6.2	-6.33018045246
-93.6594	-1.9613	978109.8	-73.4	-2.3	3326.877	6.25	-6.57108536184
-93.6676	-1.9559	978108.9	-73.1	-2.8	3338.927	6.3	-7.01545375523
-93.6757	-1.9504	978108.5	-72.4	-2.6	3340.61	6.35	-7.56495648354
-93.6838	-1.9451	978107	-72	-3.6	3337.477	6.4	-8.21607062621
-93.6918	-1.9398	978106.2	-71.7	-4	3337.333	6.45	-8.8052370291
-93.6998	-1.9345	978106.6	-71.4	-3.3	3334.039	6.5	-9.19536482403
-93.7077	-1.9292	978105.6	-70.4	-3.3	3331.464	6.55	-9.35961018145
-93.7155	-1.9238	978105.1	-70	-3.4	3331.963	6.6	-9.18102823451
-93.7234	-1.9184	978104.7	-70.4	-4.2	3333.94	6.65	-8.67429832053
-93.7313	-1.913	978105.1	-70.6	-4	3331.424	6.7	-7.89726157239
-93.7392	-1.9076	978105.9	-70.1	-2.6	3337.604	6.75	-6.85947124029
-93.7469	-1.9022	978106.6	-69.3	-1.1	3335.051	6.8	-5.39822684683
-93.7546	-1.8968	978106.8	-68.8	-0.4	3338.116	6.85	-3.57825624446
-93.7623	-1.8915	978108	-68.6	1.1	3344.918	6.9	-1.51096614907
-93.7699	-1.8862	978110.4	-67.8	4.3	3329.538	6.95	0.725564086918
-93.7775	-1.881	978113	-67.4	7.4	3031.485	7	2.47239769797
-93.785	-1.8757	978115.8	-68.5	9.1	2829.308	7.05	3.59241057461
-93.7927	-1.8704	978118.8	-68.9	11.7	2835.534	7.1	3.72918677951
-93.8005	-1.8651	978119.6	-70	11.4	2873.443	7.15	2.6533323004
-93.8084	-1.8601	978119.4	-70.7	10.6	2894.442	7.2	1.04084604368
-93.8163	-1.8552	978117.3	-70.6	8.6	2898.965	7.25	-0.620260349236
-93.8241	-1.8501	978113.9	-69	6.9	789.128	7.3	-2.24864944083
-93.8315	-1.8454	978107.3	-55.4	13.8	-99	7.35	-3.5331277711
-93.8365	-1.8422	978087.5	-41.3	8.2	-99	7.4	-4.25337651245
-93.8409	-1.8395	978076.2	-37.1	1.1	-99	7.45	-4.77720052923
-93.8447	-1.8371	978071.5	-33.2	0.3	-99	7.5	-5.18775975174
-93.8483	-1.8352	978067.9	-35.3	-5.3	-99	7.55	-5.51093017733
-93.8528	-1.8326	978072.5	-39	-4.4	-99	7.6	-5.95578811962
-93.8559	-1.8292	978070.2	-7	25.3	-99	7.65	-6.45074942989
-93.8562	-1.8285	978037.7	-2	-2.2	-99	7.7	-6.53575583968
-93.8562	-1.8283	978034.3	0	-3.6	-99	7.75	-6.55620703356
-93.8562	-1.8283	978032.3	-0.1	-5.7	-99	7.8	-6.55620703356
-93.8563	-1.8283	978032.8	-0.2	-5.4	-99	7.85	-6.56028421209
-93.8562	-1.8283	978032.5	-0.1	-5.6	-99	7.9	-6.55620703356
-93.8562	-1.8283	978032.6	-0.2	-5.5	-99	7.95	-6.55620703356
-93.8562	-1.8283	978032.8	-0.1	-5.2	-99	8	-6.55620703356
-93.8563	-1.8283	978032.7	-0.1	-5.4	-99	8.05	-6.56028421209
-93.8563	-1.8283	978032.8	-0.1	-5.2	-99	8.1	-6.56028421209
-93.8562	-1.8283	978032.6	-0.1	-5.5	-99	8.15	-6.55620703356
-93.8563	-1.8283	978032.6	-0.3	-5.6	-99	8.2	-6.56028421209
-93.8563	-1.8283	978032.9	-0.1	-5.2	-99	8.25	-6.56028421209
-93.8562	-1.8283	978032.8	-0.1	-5.2	-99	8.3	-6.55620703356
-93.8562	-1.8283	978033.3	-0.2	-4.8	-99	8.35	-6.55620703356
-93.8563	-1.8283	978033.2	-0.1	-4.8	-99	8.4	-6.56028421209
-93.8562	-1.8283	978032.6	-0.2	-5.5	-99	8.45	-6.55620703356
-93.8563	-1.8283	978033.2	-0.3	-5	-99	8.5	-6.56028421209
-93.8563	-1.8283	978033.4	-0.2	-4.8	-99	8.55	-6.56028421209
-93.8563	-1.8283	978033.4	-0.1	-4.7	-99	8.6	-6.56028421209
-93.8562	-1.8283	978032.8	-0.2	-5.3	-99	8.65	-6.55620703356
-93.8563	-1.8283	978033.2	-0.3	-5	-99	8.7	-6.56028421209
-93.8563	-1.8283	978033.1	-0.1	-5	-99	8.75	-6.56028421209
-93.8563	-1.8283	978032.9	-0	-5.1	-99	8.8	-6.56028421209
-93.8563	-1.8283	978032.9	-0	-5	-99	8.85	-6.56028421209
-93.8562	-1.8283	978033.1	-0.2	-5	-99	8.9	-6.55620703356
-93.856	-1.8283	978031.5	9.8	3.4	-99	8.95	-6.54805236204
-93.8545	-1.8293	978021	14.4	-2.5	-99	9	-6.38314847845
-93.8532	-1.8301	978020.5	4.5	-13	-99	9.05	-6.24594375325
-93.8535	-1.8298	978032.5	-1.6	-7.1	-99	9.1	-6.28992086491
-93.8535	-1.8297	978033.9	-0.2	-4.3	-99	9.15	-6.30056212065
-93.8538	-1.8288	978035.5	-4.7	-7.1	-99	9.2	-6.4071351371
-93.8543	-1.8279	978037.2	-0.1	-0.9	-99	9.25	-6.51942938887
-93.8538	-1.8276	978030.6	11.1	3.8	1005.379	9.3	-6.52920921841
-93.8524	-1.8281	978021.7	12.1	-4.2	2988.768	9.35	-6.42255944786
-93.8509	-1.8278	978021.4	14.6	-1.9	2240.877	9.4	-6.39312911077
-93.8514	-1.8246	978032.1	-8.6	-14.4	3230.41	9.45	-6.71567896583
-93.8526	-1.8194	978044	-14	-7.8	3413.317	9.5	-7.19676049696
-93.8544	-1.8107	978048.9	-17.1	-6	3409.471	9.55	-7.80893841578
-93.8565	-1.8016	978050.3	-19.2	-6.6	3400.584	9.6	-8.1592955663
-93.8588	-1.7926	978052.4	-20.6	-6	3377.211	9.65	-8.20194869231
-93.8611	-1.7836	978053.8	-21	-4.9	3368.709	9.7	-7.91407789745
-93.8635	-1.7745	978054.6	-22	-5.1	3365.981	9.75	-7.42633244255
-93.866	-1.7655	978055.7	-22.3	-4.2	3360.877	9.8	-6.86154196603
-93.8686	-1.7564	978056.1	-22.5	-3.9	3359.54	9.85	-6.28625377314
-93.8711	-1.7474	978056.8	-22.8	-3.5	3354.683	9.9	-5.84398704682
-93.8736	-1.7384	978057.2	-20.5	-0.7	3351.587	9.95	-5.51392110564
-93.8758	-1.7294	978055.1	-19.6	-1.9	3338.437	10	-5.25234483678
-93.878	-1.7203	978055.3	-19.5	-1.5	3333.074	10.05	-5.17986782132
-93.8802	-1.7112	978055.1	-19.5	-1.6	3341.187	10.1	-5.21941107155
-93.8824	-1.7021	978055.2	-19.2	-1.3	3339.238	10.15	-5.18530499928
-93.8846	-1.6932	978055.3	-19.6	-1.5	3338.555	10.2	-5.08690238317
-93.8868	-1.6841	978055.8	-19.5	-0.8	3334.97	10.25	-4.8103767784
-93.889	-1.6751	978055.5	-19.2	-0.8	3344.995	10.3	-4.43922375284
-93.8912	-1.666	978055.1	-18.9	-0.8	3349.398	10.35	-4.12520805331
-93.8933	-1.6568	978055.3	-19.5	-1.3	3349.533	10.4	-3.81647800016
-93.8956	-1.6477	978056.1	-19.7	-0.5	3335.416	10.45	-3.4677540287
-93.8978	-1.6387	978055.5	-19.8	-1.2	3327.9	10.5	-3.15246387213
-93.9	-1.6296	978055.7	-19.6	-0.8	3334.22	10.55	-2.91438746072
-93.9022	-1.6206	978055.2	-19	-0.6	3342.006	10.6	-2.75953045832
-93.9044	-1.6115	978054.4	-18.8	-1.1	3344.165	10.65	-2.65841306511
-93.9064	-1.6024	978053.9	-18.2	-1	3341.608	10.7	-2.81128403759
-93.9085	-1.5932	978053.4	-18.6	-1.8	3345.086	10.75	-3.12201341254
-93.9107	-1.5841	978053.9	-19.3	-2	3331.554	10.8	-3.32572263959
-93.9129	-1.575	978056	-33.2	-13.8	3132.336	10.85	-3.42938820797
-93.9184	-1.5677	978078	-55.9	-14.5	3257.387	10.9	-3.36020880981
-93.9249	-1.561	978093.2	-58.2	-1.4	3352.35	10.95	-3.28715712973
-93.9314	-1.5543	978093.9	-58.5	-1.1	3357.071	11	-3.33020482331
-93.9379	-1.5475	978094.5	-58.2	-0.2	3348.552	11.05	-3.41370996724
-93.9444	-1.5408	978093.9	-57.5	-0	3364.292	11.1	-3.36476210373
-93.9508	-1.5341	978093.5	-57	0.1	3379.383	11.15	-3.37438503787
-93.9571	-1.5272	978092.7	-57.1	-0.7	3377.13	11.2	-3.46357201693
-93.9636	-1.5205	978093.3	-58.2	-1.2	3380.782	11.25	-3.41565973365
-93.9701	-1.5139	978093.7	-58	-0.6	3385.143	11.3	-3.23132304051
-93.9766	-1.5072	978093.4	-58.1	-1	3377.973	11.35	-3.26167705384
-93.983	-1.5007	978092.7	-57.7	-1.2	3363.569	11.4	-3.42570131612
-93.9895	-1.4941	978091.6	-57.5	-2.1	3367.967	11.45	-3.78005177251
-93.9959	-1.4876	978091.2	-58.2	-3.1	3371.83	11.5	-4.52083454163
-94.0024	-1.481	978091.3	-58.4	-3.2	3371.237	11.55	-5.42943686045
-94.009	-1.4745	978091.1	-58.6	-3.6	3369.634	11.6	-6.24605602705
-94.0155	-1.468	978091.6	-59	-3.4	3359.649	11.65	-7.11363617646
-94.0221	-1.4615	978092.4	-58.6	-2.3	3349.684	11.7	-8.01461760963
-94.0286	-1.4549	978091.6	-58.1	-2.5	3339.012	11.75	-8.75476545035
-94.0351	-1.4483	978091.1	-58.8	-3.7	3326.556	11.8	-9.39131366625
-94.0417	-1.4417	978092	-58.7	-2.7	3333.281	11.85	-9.79919214525
-94.0482	-1.4352	978091.5	-58.6	-3	3350.172	11.9	-9.92326037556
-94.0548	-1.4286	978090.6	-58.1	-3.4	3355.984	11.95	-9.86300547902
-94.0612	-1.4219	978089.5	-58.1	-4.4	3357.648	12	-9.74702335169
-94.0678	-1.4152	978089.7	-58.4	-4.5	3359.869	12.05	-9.57081943469
-94.0743	-1.4086	978089.7	-58.4	-4.5	3364.88	12.1	-9.41876429673
-94.0808	-1.4018	978089.4	-58.4	-4.8	3368.367	12.15	-9.4425673126
-94.0873	-1.3951	978089.6	-58.3	-4.4	3370.272	12.2	-9.66047028303
-94.0938	-1.3883	978089.1	-58.4	-5	3367.581	12.25	-9.92157216694
-94.1004	-1.3815	978089.2	-58.4	-5	3363.028	12.3	-10.1048088111
-94.1069	-1.3748	978089.1	-58.2	-4.7	3363.043	12.35	-10.0976183139
-94.1134	-1.368	978088.8	-58.5	-5.3	3370.719	12.4	-9.69829033064
-94.1199	-1.3611	978089.5	-58.7	-4.8	3383.976	12.45	-8.91330650892
-94.1265	-1.3543	978090	-58.5	-4.1	3382.942	12.5	-7.65048270554
-94.133	-1.3475	978089.9	-58.5	-4.2	3383.366	12.55	-6.1244159976
-94.1395	-1.3406	978091.1	-58.4	-2.8	3380.66	12.6	-4.73255623755
-94.146	-1.3337	978091.8	-58	-1.7	3373.079	12.65	-3.48545402322
-94.1525	-1.3268	978092.6	-59	-1.8	3360.576	12.7	-2.56666574231
-94.1592	-1.3202	978095.4	-60.4	-0.4	3355.378	12.75	-1.95808593502
-94.166	-1.3137	978097.3	-60.4	1.5	3358.736	12.8	-1.51057768814
-94.1728	-1.3073	978098.2	-60.4	2.4	3367.923	12.85	-1.29684919475
-94.1795	-1.3009	978097.8	-59.2	3.2	3368.352	12.9	-1.61329966831
-94.186	-1.2942	978095.6	-59.2	1	3360.593	12.95	-2.36086189534
-94.1927	-1.2875	978094.5	-59.5	-0.2	3358.411	13	-3.44853348421
-94.1993	-1.2809	978093.1	-59.4	-1.5	3360.21	13.05	-5.01896990633
-94.2059	-1.2742	978092	-59.1	-2.4	3364.998	13.1	-6.76326965185
-94.2125	-1.2675	978090.6	-58.8	-3.4	3372.553	13.15	-8.27600956506
-94.2191	-1.2608	978089.8	-59.4	-4.8	3373.386	13.2	-9.52940812809
-94.2257	-1.2541	978089.7	-59.3	-4.8	3370.32	13.25	-10.3113014121
-94.2323	-1.2475	978089.4	-60.7	-6.4	3283.696	13.3	-10.4666481521
-94.2395	-1.242	978095	-75.7	-15.8	2838.382	13.35	-10.1427742735
-94.248	-1.2425	978105.6	-76.3	-5.8	3329.839	13.4	-9.49958791014
-94.2565	-1.2433	978105.6	-76.5	-6	3361.128	13.45	-8.77319416907
-94.2651	-1.244	978105.6	-76.3	-5.8	3362.857	13.5	-8.19700504955
-94.2736	-1.2448	978105.3	-76.9	-6.7	3364.71	13.55	-7.81478676388
-94.2822	-1.2455	978106.2	-77.4	-6.3	3367.708	13.6	-7.82103198748
-94.2908	-1.2461	978106.5	-76.9	-5.5	3382.674	13.65	-8.1139098746
-94.2995	-1.2468	978106.1	-77.1	-6.1	3367.981	13.7	-8.67368131495
-94.3081	-1.2476	978106.4	-77.2	-5.9	3354.275	13.75	-9.28126884242
-94.3167	-1.2483	978107	-77.5	-5.7	3363.645	13.8	-9.68969598691
-94.3254	-1.249	978107.4	-77.4	-5.2	3365.014	13.85	-9.8039921951
-94.3341	-1.2496	978107.7	-78	-5.5	3364.807	13.9	-9.37654910374
-94.3428	-1.25	978108.6	-78.1	-4.6	3370.401	13.95	-8.66016293156
-94.3515	-1.2506	978108.4	-78.3	-5	3373.668	14	-7.76781232868
-94.3603	-1.2511	978109.2	-78	-3.9	3380.474	14.05	-6.86388450559
-94.369	-1.2516	978109	-78	-4.2	3380.855	14.1	-6.01197280074
-94.3777	-1.252	978109.5	-76.6	-2.2	3364.992	14.15	-5.36688344327
-94.386	-1.2525	978107	-67	4.9	3357.902	14.2	-5.03242207564
-94.3921	-1.2527	978093	-37.7	20.1	3357.463	14.25	-4.91354273594
-94.3949	-1.2527	978062.5	-23.1	4.3	2802.149	14.3	-4.90094316192
-94.3975	-1.2528	978054.8	-24.4	-4.7	333.372	14.35	-4.92379473933
-94.4003	-1.2529	978057.7	-33.1	-10.5	-99	14.4	-4.97124063827
-94.4052	-1.2535	978072.4	-54	-16.7	-99	14.45	-5.10881309001
-94.412	-1.253	978091	-59.2	-3.3	-99	14.5	-5.24136540186
-94.418	-1.252	978089.9	-40.2	14.5	-99	14.55	-5.3794203619
-94.4201	-1.2523	978063	-3.5	24.4	-99	14.6	-5.45986208637
-94.4201	-1.2517	978033.9	1.3	0.1	-99	14.65	-5.43316814457
-94.4197	-1.2516	978030.8	4.1	-0.2	-99	14.7	-5.41603138743
-94.4195	-1.2516	978029.8	0.3	-5.1	-99	14.75	-5.40963397199
-94.4195	-1.2517	978032.7	0	-2.4	-99	14.8	-5.41413990013
-94.4195	-1.2517	978032.5	-0.1	-2.7	-99	14.85	-5.41413990013
-94.4195	-1.2517	978032.9	-0.1	-2.3	-99	14.9	-5.41413990013
-94.4195	-1.2517	978032.7	-0.1	-2.6	-99	14.95	-5.41413990013
-94.4195	-1.2517	978032.9	-0.1	-2.3	-99	15	-5.41413990013
-94.4195	-1.2517	978033.1	-0.1	-2.1	-99	15.05	-5.41413990013
-94.4195	-1.2517	978032.9	0	-2.2	-99	15.1	-5.41413990013
-94.4195	-1.2517	978032.7	-0	-2.5	-99	15.15	-5.41413990013
-94.4195	-1.2517	978032.4	-0	-2.7	-99	15.2	-5.41413990013
-94.4195	-1.2517	978032.5	0.1	-2.6	-99	15.25	-5.41413990013
-94.4195	-1.2517	978032.3	0.1	-2.7	-99	15.3	-5.41413990013
-94.4195	-1.2517	978032.5	-0	-2.7	-99	15.35	-5.41413990013
-94.4195	-1.2517	978032.6	-0.1	-2.7	-99	15.4	-5.41413990013
-94.4195	-1.2517	978033	-0	-2.2	-99	15.45	-5.41413990013
-94.4195	-1.2517	978032.7	-0.1	-2.5	-99	15.5	-5.41413990013
-94.4195	-1.2517	978032.7	-0.1	-2.6	-99	15.55	-5.41413990013
-94.4195	-1.2517	978032.7	-0	-2.4	-99	15.6	-5.41413990013
-94.4195	-1.2517	978032.3	0	-2.9	-99	15.65	-5.41413990013
-94.4195	-1.2517	978032.5	0	-2.7	-99	15.7	-5.41413990013
-94.4195	-1.2517	978032.6	-0.1	-2.7	-99	15.75	-5.41413990013
-94.4195	-1.2517	978032.6	-0.1	-2.7	-99	15.8	-5.41413990013
-94.4195	-1.2517	978032.7	-0.1	-2.6	-99	15.85	-5.41413990013
-94.4195	-1.2517	978033.1	-0.1	-2.1	-99	15.9	-5.41413990013
-94.4195	-1.2517	978032.9	-0.1	-2.4	-99	15.95	-5.41413990013
-94.4195	-1.2517	978032.6	-0.1	-2.6	-99	16	-5.41413990013
-94.4195	-1.2517	978032.9	-0.1	-2.4	-99	16.05	-5.41413990013
-94.4192	-1.2518	978030.7	11.5	7.1	-99	16.1	-5.40904986095
-94.4175	-1.2526	978019.9	12.9	-2.3	-99	16.15	-5.39132452542
-94.4165	-1.2528	978021.5	6.2	-7.5	-99	16.2	-5.36878629866
-94.4163	-1.2527	978029.1	-1	-7	-99	16.25	-5.35759680241
-94.4166	-1.2522	978034.4	-3.8	-4.6	-99	16.3	-5.34327976656
-94.4171	-1.2514	978036.7	-0.7	0.8	-99	16.35	-5.32164351308
-94.4166	-1.2512	978030.8	16	11.7	336.82	16.4	-5.29547500301
-94.4144	-1.2514	978018.4	13.3	-3.4	1388.337	16.45	-5.23281341028
-94.4162	-1.2489	978041.2	-26.8	-20.7	3079.758	16.5	-5.17304656272
-94.4205	-1.2461	978068.1	-51.4	-18.4	3357.258	16.55	-5.2070393861
-94.4271	-1.2404	978091.2	-63.1	-7	3354.515	16.6	-5.22316027384
-94.4344	-1.2344	978098.8	-64.6	-0.9	3356.279	16.65	-5.2772328109
-94.4416	-1.2283	978098.8	-64.2	-0.4	3360.534	16.7	-5.29104869855
-94.4487	-1.2223	978098.6	-64.3	-0.7	3335.42	16.75	-5.16857354838
-94.4559	-1.2162	978099.5	-64.5	-0	3338.12	16.8	-4.9148220099
-94.4631	-1.2102	978100.1	-64.6	0.5	3350.661	16.85	-4.4938646652
-94.4703	-1.2042	978100.2	-64.1	1.2	3338.261	16.9	-3.96237370579
-94.4774	-1.1981	978099.8	-63.1	1.8	3313.017	16.95	-3.50715957331
-94.4844	-1.1919	978098.5	-63	0.6	3302.264	17	-3.05907535635
-94.4915	-1.1858	978099.1	-62.9	1.3	3300.811	17.05	-2.54060104287
-94.4985	-1.1796	978099.2	-62.8	1.6	3330.753	17.1	-1.87022586143
-94.5055	-1.1735	978099.3	-62.9	1.6	3354.446	17.15	-1.10840782454
-94.5125	-1.1673	978099.5	-62.8	1.9	3361.43	17.2	-0.527184878229
-94.5195	-1.1612	978099.3	-62.9	1.6	3353.953	17.25	-0.165542595357
-94.5265	-1.1551	978099.8	-62.4	2.6	3340.991	17.3	-0.168858533229
-94.5335	-1.1489	978099.5	-62.3	2.4	3318.83	17.35	-0.667425636586
-94.5405	-1.1428	978099.2	-62.6	1.9	3318.306	17.4	-1.32127023285
-94.5475	-1.1366	978099.8	-62	3.1	3349.384	17.45	-1.73354599606
-94.5543	-1.1303	978098.7	-61.2	2.8	3372.011	17.5	-1.80721068153
-94.5611	-1.124	978098.5	-61.2	2.6	3331.65	17.55	-1.55307730831
-94.5679	-1.1178	978098.4	-61	2.8	3332.169	17.6	-1.16973386763
-94.5748	-1.1116	978098	-61.5	1.9	3351.235	17.65	-0.918380526747
-94.5817	-1.1052	978098.3	-62	1.7	3322.807	17.7	-0.916721074119
-94.5886	-1.0989	978098.6	-62.2	1.8	3319.299	17.75	-1.12310071039
-94.5956	-1.0926	978098.3	-62.8	0.9	3347.373	17.8	-1.55489279236
-94.6026	-1.0863	978098.6	-63	1	3379.575	17.85	-2.10157569787
-94.6097	-1.08	978098.3	-63.2	0.5	3358.628	17.9	-2.57892401684
-94.6167	-1.0737	978098	-62.8	0.7	3354.493	17.95	-3.12120384733
-94.6237	-1.0674	978097.3	-62.7	0.1	3402.057	18	-3.58337376121
-94.6307	-1.0611	978097.2	-63.1	-0.4	3421.386	18.05	-3.77917710496
-94.6378	-1.0548	978097.5	-63.1	-0	3397.606	18.1	-3.82811838103
-94.6448	-1.0486	978096.8	-62.7	-0.3	3370.017	18.15	-3.76743366556
-94.6518	-1.0424	978096.8	-62.2	0.2	3355.151	18.2	-3.56068688504
-94.6587	-1.0362	978096.3	-62.3	-0.3	3363.628	18.25	-3.32205390462
-94.6657	-1.03	978096.2	-62	-0.2	3348.2	18.3	-3.23435821106
-94.6726	-1.0238	978096.1	-62.7	-0.9	3320.351	18.35	-3.34843883326
-94.6797	-1.0177	978097.2	-63.5	-0.6	3344.333	18.4	-3.5739933415
-94.6867	-1.0115	978097.4	-62.8	0.3	3341.833	18.45	-3.9505865138
-94.6937	-1.0052	978096.7	-62.6	-0.2	3334.072	18.5	-4.27471631743
-94.7007	-0.9989	978095.9	-62.3	-0.6	3322.631	18.55	-4.37575170814
-94.7076	-0.9926	978095.1	-62.5	-1.6	3316.412	18.6	-4.39294839326
-94.7146	-0.9863	978095.7	-62.6	-1.1	3317.106	18.65	-4.5098475895
-94.7216	-0.9799	978095.6	-62.5	-1.1	3316.003	18.7	-4.6866892707
-94.7286	-0.9736	978095.3	-63.1	-2	3316.007	18.75	-4.84598698773
-94.7357	-0.9672	978096.4	-63.2	-0.9	3316.479	18.8	-5.0804979497
-94.7427	-0.9609	978096.4	-62.5	-0.2	3317.062	18.85	-5.31150587011
-94.7497	-0.9545	978095.6	-62	-0.4	3313.844	18.9	-5.250561699
-94.7566	-0.9481	978095.8	-62.5	-0.8	3305.376	18.95	-5.11889277831
-94.7636	-0.9417	978096.9	-63	-0.2	3288.92	19	-4.96928779895
-94.7707	-0.9354	978098	-63	1	3265.967	19.05	-4.73402385664
-94.7777	-0.929	978098.2	-63.4	0.7	3237.562	19.1	-4.61781293868
-94.7848	-0.9227	978098.8	-63.6	1.2	3233.029	19.15	-4.60893031646
-94.7919	-0.9162	978098.6	-63.6	1	3239.482	19.2	-4.70170618417
-94.799	-0.9098	978098.2	-63.4	0.8	3252.147	19.25	-4.98699785537
-94.8061	-0.9034	978097.4	-63.3	0.1	3261.086	19.3	-5.47065453391
-94.8131	-0.8969	978096.5	-63.1	-0.5	3283.966	19.35	-6.01624482296
-94.8202	-0.8904	978095.8	-63.6	-1.7	3273.492	19.4	-6.47466801122
-94.8273	-0.8839	978095.9	-63.6	-1.6	3260.268	19.45	-6.58896455531
-94.8344	-0.8774	978095.5	-63.4	-1.7	3268.908	19.5	-6.44005390012
-94.8415	-0.8709	978094.7	-63.7	-2.9	3279.026	19.55	-6.32678871938
-94.8486	-0.8644	978094.7	-64.3	-3.5	3308.482	19.6	-6.28324921023
-94.8558	-0.858	978094.7	-63.8	-2.9	3333.494	19.65	-6.40131563524
-94.8629	-0.8516	978093.6	-63.5	-3.6	3325.149	19.7	-6.88581790969
-94.87	-0.8452	978092.9	-63.2	-4.1	3324.844	19.75	-7.50674543093
-94.877	-0.8388	978092.7	-63	-4	3335.936	19.8	-7.9232408133
-94.8841	-0.8323	978092.6	-63.6	-4.7	3336.427	19.85	-8.09220010479
-94.8912	-0.8258	978093.3	-63.8	-4.3	3335.534	19.9	-8.01471222738
-94.8983	-0.8194	978093.5	-64.3	-4.6	3328.571	19.95	-7.79060100277
-94.9056	-0.8129	978093.9	-64.9	-4.7	3329.497	20	-7.51525080692
-94.9128	-0.8064	978094.2	-64.7	-4.2	3335.439	20.05	-7.27818783286
-94.92	-0.7999	978094.3	-64.5	-3.9	3337.766	20.1	-7.14077769801
-94.9272	-0.7935	978094.6	-64.8	-3.9	3341.027	20.15	-7.17002480407
-94.9345	-0.787	978095.5	-65.2	-3.3	3345.184	20.2	-7.06251581886
-94.9418	-0.7805	978096.1	-65.1	-2.7	3334.941	20.25	-6.74974609619
-94.9491	-0.7741	978096.6	-65	-2	3291.596	20.3	-6.17347866258
-94.9563	-0.7675	978096.9	-65	-1.7	3271.243	20.35	-5.45965160806
-94.9636	-0.761	978097.2	-65.1	-1.5	3258.753	20.4	-4.99761540386
-94.9708	-0.7545	978097.5	-65.4	-1.4	3249.59	20.45	-4.79098620156
-94.9782	-0.7481	978097.4	-65.3	-1.4	3249.118	20.5	-4.81474199737
-94.9854	-0.7418	978097.4	-65	-1.2	3258.381	20.55	-5.11431697292
-94.9927	-0.7354	978096.9	-64.7	-1.3	3301.642	20.6	-5.61288330142
-94.9999	-0.729	978096.1	-64.4	-1.9	3366.257	20.65	-6.21670594407
-95.0071	-0.7227	978095.3	-62.8	-1	3393.966	20.7	-6.85810357169
-95.0137	-0.7167	978091.3	-46.7	11.1	3389.842	20.75	-7.50308691191
-95.0174	-0.7131	978070	-28.1	8.4	3374.416	20.8	-7.88747830771
-95.0202	-0.7106	978056.1	-23.5	-0.9	3362.651	20.85	-8.16520043895
-95.0226	-0.7083	978053.7	-32.5	-12.3	3378.104	20.9	-8.38079955287
-95.0281	-0.7043	978072.5	-57.2	-18.2	3384.179	20.95	-8.81441926826
-95.0347	-0.698	978089.4	-57.7	-1.7	2970.83	21	-9.22586759854
-95.0409	-0.6917	978086.1	-50.5	2.3	512.983	21.05	-9.38471950516
-95.0461	-0.6859	978077.6	-30.6	13.6	-99	21.1	-9.32641402687
-95.0476	-0.6819	978054.8	-0.6	20.8	-99	21.15	-9.25457903145
-95.0476	-0.6811	978029.7	-0.5	-4.2	-99	21.2	-9.24101921583
-95.0476	-0.681	978029.1	0	-4.3	-99	21.25	-9.23924581073
-95.0476	-0.681	978028.5	0	-4.8	-99	21.3	-9.23924581073
-95.0476	-0.681	978028.6	-0.1	-4.8	-99	21.35	-9.23924581073
-95.0476	-0.681	978029.1	-0	-4.3	-99	21.4	-9.23924581073
-95.0476	-0.6811	978028.8	0	-4.6	-99	21.45	-9.24101921583
-95.0476	-0.6811	978028.8	-0	-4.6	-99	21.5	-9.24101921583
-95.0476	-0.6811	978029.2	-0	-4.2	-99	21.55	-9.24101921583
-95.0476	-0.6811	978028.8	0	-4.5	-99	21.6	-9.24101921583
-95.0476	-0.6811	978028.7	-0	-4.7	-99	21.65	-9.24101921583
-95.0476	-0.6811	978028.8	-0	-4.6	-99	21.7	-9.24101921583
-95.0476	-0.681	978028.7	0.1	-4.6	-99	21.75	-9.23924581073
-95.0476	-0.6811	978028.5	-0	-4.9	-99	21.8	-9.24101921583
-95.0476	-0.6811	978028.5	-0.2	-5.1	-99	21.85	-9.24101921583
-95.0476	-0.6811	978029.1	-0	-4.3	-99	21.9	-9.24101921583
-95.0476	-0.681	978029	-0.4	-4.9	-99	21.95	-9.23924581073
-95.0478	-0.6811	978029.6	-1.2	-5.1	-99	22	-9.2394152641
-95.0479	-0.6812	978030.1	-1.1	-4.5	-99	22.05	-9.24026152834
-95.048	-0.6812	978030.3	-1.4	-4.6	-99	22.1	-9.23934484025
-95.0482	-0.6813	978030.5	-1.5	-4.4	-99	22.15	-9.23903812384
-95.0484	-0.6814	978030.2	-1.2	-4.5	-99	22.2	-9.23849876161
-95.0485	-0.6814	978030.1	-0.8	-4.2	-99	22.25	-9.23736124109
-95.0486	-0.6815	978029.8	-1.2	-4.8	-99	22.3	-9.23773046168
-95.0488	-0.6814	978030.6	-3	-5.8	-99	22.35	-9.23373313716
-95.0491	-0.6815	978031.4	-2.3	-4.3	-99	22.4	-9.2312528818
-95.0493	-0.6815	978030.6	-2.1	-5	-99	22.45	-9.2284254143
-95.0495	-0.6816	978030.7	-0.9	-3.6	-99	22.5	-9.22684613777
-95.0495	-0.6817	978029.1	0	-4.3	-99	22.55	-9.22820737146
-95.0495	-0.6816	978028.7	0.2	-4.5	-99	22.6	-9.22684613777
-95.0495	-0.6816	978028.5	0.1	-4.8	-99	22.65	-9.22684613777
-95.0494	-0.6816	978028.3	0.2	-4.9	-99	22.7	-9.22835703882
-95.0493	-0.6815	978028.2	0.1	-5	-99	22.75	-9.2284254143
-95.0493	-0.6815	978028.9	0	-4.5	-99	22.8	-9.2284254143
-95.0493	-0.6815	978028.7	-0	-4.8	-99	22.85	-9.2284254143
-95.0493	-0.6815	978028.8	-0	-4.6	-99	22.9	-9.2284254143
-95.0493	-0.6815	978028.9	0.1	-4.4	-99	22.95	-9.2284254143
-95.0492	-0.6815	978028.3	4.3	-0.9	-99	23	-9.22985552512
-95.0483	-0.6823	978022.8	11.8	1.1	-99	23.05	-9.25334499439
-95.0473	-0.6827	978018.8	6.3	-8.4	-99	23.1	-9.2699504822
-95.047	-0.6821	978025.9	-1	-8.5	-99	23.15	-9.26254193822
-95.0475	-0.6813	978031.5	-6.2	-8.1	-99	23.2	-9.24528483054
-95.0478	-0.6818	978033.4	-15.7	-15.8	855.473	23.25	-9.25111926323
-95.0502	-0.6827	978045.3	-21.8	-9.9	3188.923	23.3	-9.22828873567
-95.0524	-0.6834	978049.4	-20.6	-4.6	3381.223	23.35	-9.18499300518
-95.0548	-0.6849	978050.1	-29.6	-12.9	3386.214	23.4	-9.12368630652
-95.0593	-0.6881	978063.7	-51.4	-21.1	3393.288	23.45	-8.9735973957
-95.0661	-0.6919	978085.8	-65.5	-13.1	3397.788	23.5	-8.59369590023
-95.0737	-0.6952	978095.1	-69	-7.3	3397.303	23.55	-8.17489367511
-95.0815	-0.6985	978097.2	-70.3	-6.5	3398.504	23.6	-8.00444018526
-95.0893	-0.7017	978098.3	-70.8	-6	3396.229	23.65	-8.04950202176
-95.0973	-0.705	978099.1	-71.8	-6.1	3421.437	23.7	-8.46026088455
-95.1053	-0.7082	978099.3	-71.9	-6	3421.761	23.75	-9.14213861821
-95.1134	-0.7115	978099.7	-72.4	-6.1	3423.595	23.8	-9.7418550918
-95.1215	-0.7149	978099.9	-72.5	-6.1	3414.84	23.85	-10.2037456429
-95.1296	-0.7182	978100.1	-72.4	-5.8	3421.065	23.9	-10.0754385764
-95.1376	-0.7216	978100.4	NaN	NaN	3406.76	23.95	-9.4755570639
