-91.0313 -2.4082 978137.7 NaN NaN 2976.184 0.0000 
-91.0409 -2.4081 978138.0 -87.4 8.8 2982.244 0.0500 
-91.0507 -2.4079 978138.7 -87.6 9.3 3000.314 0.1000 
-91.0605 -2.4077 978139.4 -87.6 10.0 3002.900 0.1500 
-91.0703 -2.4075 978139.3 -87.5 10.0 3020.314 0.2000 
-91.0800 -2.4073 978138.1 -86.8 9.5 3080.691 0.2500 
-91.0897 -2.4071 978137.2 -86.2 9.2 3123.928 0.3000 
-91.0994 -2.4070 978135.9 -86.5 7.6 3088.259 0.3500 
-91.1091 -2.4068 978135.8 -86.2 7.9 3074.533 0.4000 
-91.1187 -2.4067 978135.4 -85.9 7.7 3076.581 0.4500 
-91.1283 -2.4065 978135.0 -86.0 7.2 3088.486 0.5000 
-91.1379 -2.4064 978134.4 -85.9 6.7 3077.573 0.5500 
-91.1476 -2.4062 978134.3 -86.2 6.4 3084.086 0.6000 
-91.1572 -2.4061 978134.7 -85.9 7.0 3086.436 0.6500 
-91.1668 -2.4059 978134.7 -85.8 7.2 3093.006 0.7000 
-91.1764 -2.4058 978134.9 -86.5 6.6 3120.386 0.7500 
-91.1862 -2.4057 978135.4 -86.9 6.7 3127.807 0.8000 
-91.1959 -2.4056 978135.2 -86.9 6.5 3132.722 0.8500 
-91.2056 -2.4056 978135.1 -86.7 6.6 3152.025 0.9000 
-91.2153 -2.4056 978134.3 -86.5 6.1 3164.134 0.9500 
-91.2250 -2.4055 978134.6 -86.7 6.1 3156.640 1.0000 
-91.2347 -2.4055 978135.0 -87.0 6.3 3179.213 1.0500 
-91.2445 -2.4054 978134.7 -87.1 5.8 3157.846 1.1000 
-91.2542 -2.4054 978135.2 -86.7 6.7 3115.544 1.1500 
-91.2639 -2.4053 978135.2 -86.3 7.2 3140.418 1.2000 
-91.2736 -2.4053 978134.6 -86.5 6.3 3146.232 1.2500 
-91.2833 -2.4052 978134.1 -86.4 5.9 3153.274 1.3000 
-91.2929 -2.4052 978133.6 -86.2 5.6 3169.162 1.3500 
-91.3026 -2.4051 978133.0 -86.0 5.2 3178.982 1.4000 
-91.3122 -2.4051 978132.4 -86.0 4.6 3183.517 1.4500 
-91.3218 -2.4050 978132.8 -86.0 5.1 3185.493 1.5000 
-91.3314 -2.4049 978131.7 -85.6 4.3 3199.855 1.5500 
-91.3410 -2.4049 978131.4 -85.4 4.2 3222.789 1.6000 
-91.3506 -2.4049 978131.4 -85.1 4.6 3223.892 1.6500 
-91.3600 -2.4047 978131.3 -84.6 4.9 3235.268 1.7000 
-91.3695 -2.4044 978130.9 -85.1 4.1 3236.988 1.7500 
-91.3791 -2.4040 978131.4 -85.6 4.0 3193.216 1.8000 
-91.3887 -2.4037 978131.0 -85.5 3.8 3203.241 1.8500 
-91.3983 -2.4033 978130.5 -85.8 2.9 3191.609 1.9000 
-91.4079 -2.4030 978130.1 -85.3 3.1 3229.013 1.9500 
-91.4174 -2.4027 978129.6 -85.3 2.5 3232.993 2.0000 
-91.4269 -2.4024 978129.1 -85.8 1.5 3214.234 2.0500 
-91.4366 -2.4022 978129.9 -86.2 1.9 3206.247 2.1000 
-91.4462 -2.4019 978130.2 -86.4 2.1 3217.525 2.1500 
-91.4559 -2.4017 978130.3 -86.4 2.2 3215.096 2.2000 
-91.4656 -2.4014 978130.0 -85.9 2.3 3227.513 2.2500 
-91.4752 -2.4013 978129.2 -86.0 1.5 3291.888 2.3000 
-91.4849 -2.4011 978129.0 -86.6 0.7 3282.810 2.3500 
-91.4946 -2.4009 978129.5 -87.2 0.5 3254.622 2.4000 
-91.5044 -2.4006 978130.1 -87.1 1.2 3247.738 2.4500 
-91.5141 -2.4003 978129.9 -87.1 1.1 3217.777 2.5000 
-91.5239 -2.4002 978130.4 -87.3 1.3 3228.220 2.5500 
-91.5336 -2.4002 978130.7 -86.9 2.1 3250.390 2.6000 
-91.5433 -2.4001 978129.2 -86.3 1.2 3266.133 2.6500 
-91.5530 -2.4000 978128.4 -86.6 0.1 3311.527 2.7000 
-91.5627 -2.3999 978128.4 -87.0 -0.4 3309.730 2.7500 
-91.5725 -2.3998 978129.2 -87.7 -0.2 3296.199 2.8000 
-91.5823 -2.3996 978130.1 -87.9 0.4 3293.143 2.8500 
-91.5922 -2.3993 978129.9 -88.3 -0.1 3275.967 2.9000 
-91.6021 -2.3991 978130.6 -88.8 0.0 3282.909 2.9500 
-91.6121 -2.3988 978130.9 -89.1 0.1 3303.111 3.0000 
-91.6221 -2.3985 978131.2 -89.2 0.2 3301.939 3.0500 
-91.6321 -2.3983 978131.2 -89.1 0.4 3281.305 3.1000 
-91.6420 -2.3982 978130.7 -88.9 0.1 3284.992 3.1500 
-91.6520 -2.3981 978129.2 -88.2 -0.7 3328.529 3.2000 
-91.6618 -2.3980 978128.1 -88.2 -1.9 3343.468 3.2500 
-91.6717 -2.3979 978127.8 -88.5 -2.5 3359.199 3.3000 
-91.6816 -2.3977 978127.5 -88.6 -2.8 3361.466 3.3500 
-91.6916 -2.3975 978127.6 -88.2 -2.4 3357.749 3.4000 
-91.7014 -2.3974 978126.3 -87.9 -3.2 3369.372 3.4500 
-91.7113 -2.3973 978125.7 -88.0 -4.0 3340.992 3.5000 
-91.7211 -2.3973 978125.8 -87.9 -3.8 3317.794 3.5500 
-91.7309 -2.3971 978125.1 -88.3 -4.9 3369.492 3.6000 
-91.7408 -2.3969 978125.0 -88.3 -5.0 3405.502 3.6500 
-91.7507 -2.3967 978124.6 -88.5 -5.6 3408.344 3.7000 
-91.7607 -2.3966 978125.2 -89.0 -5.6 3416.294 3.7500 
-91.7707 -2.3964 978125.6 -89.6 -5.8 3423.480 3.8000 
-91.7807 -2.3962 978126.0 -90.0 -5.7 3408.319 3.8500 
-91.7908 -2.3961 978126.7 -89.9 -4.8 3351.366 3.9000 
-91.8009 -2.3960 978127.1 -89.9 -4.6 3339.600 3.9500 
-91.8110 -2.3958 978127.1 -90.0 -4.6 3335.147 4.0000 
-91.8210 -2.3956 978126.7 -90.2 -5.3 3343.273 4.0500 
-91.8312 -2.3955 978126.5 -87.9 -3.1 3360.085 4.1000 
-91.8404 -2.3954 978121.0 -64.3 15.0 3370.981 4.1500 
-91.8455 -2.3954 978090.5 -35.8 13.0 3382.111 4.2000 
-91.8486 -2.3956 978067.0 -27.4 -2.1 3395.034 4.2500 
-91.8517 -2.3959 978063.6 -39.8 -18.0 3304.271 4.3000 
-91.8579 -2.3959 978084.1 -66.2 -23.8 1139.254 4.3500 
-91.8662 -2.3958 978106.5 -75.8 -11.0 -99.000 4.4000 
-91.8748 -2.3957 978111.3 -76.2 -6.6 -99.000 4.4500 
-91.8832 -2.3956 978110.5 -69.4 -0.6 -99.000 4.5000 
-91.8900 -2.3959 978099.1 -50.0 7.5 -99.000 4.5500 
-91.8941 -2.3953 978076.6 -12.6 22.3 -99.000 4.6000 
-91.8939 -2.3943 978042.0 6.6 6.9 -99.000 4.6500 
-91.8937 -2.3943 978031.5 -0.4 -10.5 -99.000 4.7000 
-91.8937 -2.3944 978034.6 -0.1 -7.2 -99.000 4.7500 
-91.8937 -2.3943 978034.2 -0.1 -7.7 -99.000 4.8000 
-91.8936 -2.3944 978033.8 -0.1 -8.0 -99.000 4.8500 
-91.8936 -2.3944 978034.2 -0.1 -7.6 -99.000 4.9000 
-91.8936 -2.3944 978034.3 -0.0 -7.4 -99.000 4.9500 
-91.8936 -2.3944 978034.0 -0.1 -7.8 -99.000 5.0000 
-91.8936 -2.3944 978034.3 -0.2 -7.5 -99.000 5.0500 
-91.8936 -2.3944 978034.4 -0.3 -7.6 -99.000 5.1000 
-91.8936 -2.3944 978034.5 -0.4 -7.6 -99.000 5.1500 
-91.8936 -2.3944 978034.3 -0.2 -7.5 -99.000 5.2000 
-91.8936 -2.3944 978034.7 -0.1 -7.1 -99.000 5.2500 
-91.8936 -2.3944 978034.6 -0.1 -7.2 -99.000 5.3000 
-91.8936 -2.3944 978034.4 -0.2 -7.5 -99.000 5.3500 
-91.8936 -2.3944 978034.6 -0.2 -7.2 -99.000 5.4000 
-91.8936 -2.3944 978034.7 -0.2 -7.2 -99.000 5.4500 
-91.8936 -2.3944 978034.4 -0.1 -7.3 -99.000 5.5000 
-91.8936 -2.3944 978033.9 -0.1 -7.9 -99.000 5.5500 
-91.8936 -2.3944 978034.4 -0.1 -7.3 -99.000 5.6000 
-91.8936 -2.3944 978034.5 -0.1 -7.4 -99.000 5.6500 
-91.8936 -2.3944 978034.3 -0.1 -7.6 -99.000 5.7000 
-91.8936 -2.3944 978034.2 -0.2 -7.7 -99.000 5.7500 
-91.8936 -2.3944 978034.4 -0.2 -7.5 -99.000 5.8000 
-91.8936 -2.3944 978034.6 -0.3 -7.4 -99.000 5.8500 
-91.8936 -2.3944 978034.4 -0.2 -7.5 -99.000 5.9000 
-91.8936 -2.3944 978034.2 -0.2 -7.6 -99.000 5.9500 
-91.8936 -2.3944 978034.4 -0.1 -7.4 -99.000 6.0000 
-91.8936 -2.3944 978034.5 -0.2 -7.4 -99.000 6.0500 
-91.8936 -2.3943 978034.9 -0.6 -7.5 -99.000 6.1000 
-91.8937 -2.3944 978034.9 3.2 -3.6 -99.000 6.1500 
-91.8932 -2.3949 978031.1 5.5 -5.1 -99.000 6.2000 
-91.8927 -2.3954 978029.5 3.0 -9.2 -99.000 6.2500 
-91.8933 -2.3958 978037.6 -11.0 -15.1 -99.000 6.3000 
-91.8948 -2.3957 978046.1 -10.5 -6.1 -99.000 6.3500 
-91.8956 -2.3955 978042.7 -5.9 -4.9 -99.000 6.4000 
-91.8961 -2.3948 978039.2 -4.2 -6.7 1657.472 6.4500 
-91.8959 -2.3940 978035.3 7.0 0.6 3320.799 6.5000 
-91.8947 -2.3917 978024.7 8.5 -8.5 3265.934 6.5500 
-91.8943 -2.3883 978028.8 -1.2 -14.0 3459.643 6.6000 
-91.8948 -2.3834 978037.3 -2.7 -7.0 3451.804 6.6500 
-91.8949 -2.3753 978035.5 0.2 -5.9 3445.881 6.7000 
-91.8948 -2.3666 978033.7 1.3 -6.4 3433.321 6.7500 
-91.8947 -2.3578 978032.6 2.1 -6.6 3426.857 6.8000 
-91.8945 -2.3491 978032.2 -2.2 -11.3 3423.038 6.8500 
-91.8953 -2.3403 978038.9 -8.0 -10.4 3410.245 6.9000 
-91.8962 -2.3313 978041.8 -5.5 -5.0 3375.627 6.9500 
-91.8968 -2.3224 978039.2 -4.8 -6.7 3364.131 7.0000 
-91.8973 -2.3135 978039.4 -4.6 -6.3 3365.820 7.0500 
-91.8979 -2.3046 978039.5 -4.5 -6.1 3365.759 7.1000 
-91.8984 -2.2956 978039.2 -4.5 -6.3 3362.394 7.1500 
-91.8990 -2.2868 978039.6 -5.4 -6.7 3366.036 7.2000 
-91.8997 -2.2779 978040.7 -5.7 -5.8 3364.227 7.2500 
-91.9003 -2.2690 978040.3 -5.1 -5.5 3361.690 7.3000 
-91.9009 -2.2602 978039.6 -4.9 -6.0 3386.407 7.3500 
-91.9015 -2.2514 978039.4 -5.3 -6.6 3403.808 7.4000 
-91.9022 -2.2426 978039.7 -5.3 -6.3 3404.374 7.4500 
-91.9028 -2.2337 978039.6 -5.3 -6.2 3405.231 7.5000 
-91.9034 -2.2249 978039.3 -6.0 -7.1 3401.694 7.5500 
-91.9042 -2.2162 978040.3 0.6 0.5 3274.155 7.6000 
-91.9024 -2.2086 978027.5 41.4 28.6 3177.196 7.6500 
-91.8967 -2.2030 977987.1 54.1 0.9 3407.880 7.7000 
-91.8907 -2.1979 977979.6 54.9 -5.8 3410.643 7.7500 
-91.8846 -2.1927 977979.5 55.2 -5.6 3401.598 7.8000 
-91.8785 -2.1875 977978.7 55.7 -5.7 3395.092 7.8500 
-91.8723 -2.1824 977978.4 56.1 -5.6 3383.437 7.9000 
-91.8662 -2.1773 977978.5 56.1 -5.5 3366.158 7.9500 
-91.8600 -2.1721 977978.9 56.0 -5.2 3367.210 8.0000 
-91.8538 -2.1669 977978.7 55.9 -5.4 3367.776 8.0500 
-91.8477 -2.1618 977978.7 55.5 -5.9 3368.268 8.1000 
-91.8416 -2.1567 977979.6 55.0 -5.4 3362.267 8.1500 
-91.8356 -2.1515 977980.4 54.6 -5.0 3351.372 8.2000 
-91.8296 -2.1464 977980.3 55.1 -4.5 3345.328 8.2500 
-91.8235 -2.1415 977980.0 55.3 -4.7 3326.595 8.3000 
-91.8174 -2.1365 977980.0 55.5 -4.4 3316.429 8.3500 
-91.8113 -2.1317 977979.8 55.1 -4.9 3308.824 8.4000 
-91.8053 -2.1268 977980.3 55.1 -4.5 3312.645 8.4500 
-91.7992 -2.1219 977980.0 55.3 -4.4 3316.658 8.5000 
-91.7931 -2.1170 977979.9 55.2 -4.6 3320.388 8.5500 
-91.7870 -2.1119 977980.1 55.6 -4.0 3335.840 8.6000 
-91.7809 -2.1069 977979.6 55.6 -4.5 3339.381 8.6500 
-91.7747 -2.1019 977979.3 55.7 -4.6 3357.508 8.7000 
-91.7686 -2.0968 977978.7 55.8 -5.1 3358.839 8.7500 
-91.7625 -2.0917 977979.2 55.2 -5.2 3340.359 8.8000 
-91.7565 -2.0866 977980.3 54.7 -4.5 3330.251 8.8500 
-91.7504 -2.0816 977980.0 55.5 -4.0 3326.463 8.9000 
-91.7442 -2.0765 977978.8 56.4 -4.3 3324.201 8.9500 
-91.7380 -2.0714 977978.0 56.6 -4.8 3329.526 9.0000 
-91.7318 -2.0663 977977.7 56.3 -5.4 3346.669 9.0500 
-91.7256 -2.0613 977978.0 56.3 -5.0 3329.808 9.1000 
-91.7194 -2.0562 977978.0 55.9 -5.4 3281.840 9.1500 
-91.7133 -2.0510 977978.2 55.5 -5.5 3292.041 9.2000 
-91.7072 -2.0458 977978.7 54.9 -5.7 3336.021 9.2500 
-91.7012 -2.0406 977979.3 55.1 -4.9 3360.845 9.3000 
-91.6951 -2.0356 977978.9 56.4 -3.9 3348.735 9.3500 
-91.6886 -2.0312 977977.1 64.7 2.7 3302.113 9.4000 
-91.6812 -2.0292 977969.0 67.9 -2.3 3271.592 9.4500 
-91.6736 -2.0272 977965.7 68.4 -5.0 3263.980 9.5000 
-91.6660 -2.0253 977965.2 69.0 -4.9 3263.179 9.5500 
-91.6584 -2.0234 977965.2 69.1 -4.8 3263.274 9.6000 
-91.6508 -2.0216 977965.7 69.1 -4.3 3266.191 9.6500 
-91.6431 -2.0196 977966.1 69.4 -3.5 3265.743 9.7000 
-91.6354 -2.0178 977965.8 70.1 -3.2 3267.019 9.7500 
-91.6277 -2.0158 977965.6 69.7 -3.8 3264.294 9.8000 
-91.6200 -2.0139 977966.5 69.4 -3.2 3257.574 9.8500 
-91.6123 -2.0119 977966.6 68.9 -3.5 3246.840 9.9000 
-91.6048 -2.0100 977967.2 67.9 -3.9 3244.239 9.9500 
-91.5973 -2.0080 977968.2 67.3 -3.5 3247.229 10.0000 
-91.5899 -2.0062 977968.1 67.0 -4.0 3237.903 10.0500 
-91.5825 -2.0043 977968.3 67.2 -3.4 3232.374 10.1000 
-91.5750 -2.0025 977967.7 68.1 -3.2 3233.401 10.1500 
-91.5674 -2.0008 977966.5 69.1 -3.3 3248.536 10.2000 
-91.5598 -1.9990 977965.8 69.2 -3.9 3283.449 10.2500 
-91.5521 -1.9973 977965.8 68.8 -4.4 3284.730 10.3000 
-91.5446 -1.9955 977966.0 68.3 -4.6 3284.486 10.3500 
-91.5370 -1.9937 977966.3 67.8 -4.8 3276.520 10.4000 
-91.5296 -1.9917 977966.6 67.8 -4.5 3267.510 10.4500 
-91.5220 -1.9898 977966.3 68.0 -4.6 3238.217 10.5000 
-91.5145 -1.9879 977965.7 68.5 -4.7 3212.043 10.5500 
-91.5069 -1.9860 977964.7 69.1 -5.2 3220.558 10.6000 
-91.4993 -1.9841 977963.9 69.1 -5.8 3257.409 10.6500 
-91.4917 -1.9822 977963.7 68.5 -6.6 3291.491 10.7000 
-91.4841 -1.9803 977964.5 68.1 -6.3 3279.972 10.7500 
-91.4766 -1.9785 977964.2 68.9 -5.7 3281.427 10.8000 
-91.4689 -1.9766 977963.8 69.2 -5.8 3280.817 10.8500 
-91.4613 -1.9747 977963.9 69.4 -5.5 1981.687 10.9000 
-91.4536 -1.9728 977963.8 69.5 -5.5 -26.309 10.9500 
-91.4459 -1.9709 977963.8 69.9 -5.1 -99.000 11.0000 
-91.4381 -1.9690 977962.9 70.5 -5.4 -99.000 11.0500 
-91.4304 -1.9671 977963.3 70.1 -5.4 -99.000 11.1000 
-91.4226 -1.9653 977963.8 70.2 -4.8 -99.000 11.1500 
-91.4148 -1.9634 977963.8 70.5 -4.4 -99.000 11.2000 
-91.4070 -1.9616 977963.8 68.2 -6.8 -99.000 11.2500 
-91.4002 -1.9600 977972.6 42.7 -23.5 -99.000 11.3000 
-91.3975 -1.9594 978004.0 17.6 -17.1 -99.000 11.3500 
-91.3960 -1.9589 978020.8 13.6 -4.3 -99.000 11.4000 
-91.3944 -1.9585 978022.3 14.3 -2.1 -99.000 11.4500 
-91.3928 -1.9580 978021.5 15.3 -1.9 -99.000 11.5000 
-91.3909 -1.9575 978019.1 28.8 9.2 -99.000 11.5500 
-91.3863 -1.9563 978000.4 51.1 12.8 -99.000 11.6000 
-91.3798 -1.9547 977980.8 60.5 2.6 -99.000 11.6500 
-91.3730 -1.9530 977975.1 61.6 -1.9 -99.000 11.7000 
-91.3662 -1.9513 977975.7 50.7 -12.3 -99.000 11.7500 
-91.3625 -1.9501 977997.3 6.8 -34.5 -99.000 11.8000 
-91.3628 -1.9499 978033.9 -8.7 -13.5 -99.000 11.8500 
-91.3639 -1.9500 978046.3 -9.8 -2.2 -99.000 11.9000 
-91.3648 -1.9499 978045.7 -1.6 5.5 -99.000 11.9500 
-91.3647 -1.9499 978037.5 -0.3 -1.4 -99.000 12.0000 
-91.3647 -1.9497 978036.5 -0.2 -2.4 -99.000 12.0500 
-91.3647 -1.9496 978036.4 -0.4 -2.6 -99.000 12.1000 
-91.3647 -1.9494 978036.5 -0.6 -2.7 -99.000 12.1500 
-91.3647 -1.9493 978036.4 -0.5 -2.7 -99.000 12.2000 
-91.3647 -1.9492 978036.4 -0.3 -2.6 -99.000 12.2500 
-91.3647 -1.9493 978036.5 -0.5 -2.6 -99.000 12.3000 
-91.3647 -1.9493 978037.0 -0.5 -2.2 -99.000 12.3500 
-91.3647 -1.9494 978036.9 -0.5 -2.2 -99.000 12.4000 
-91.3647 -1.9495 978036.5 -0.2 -2.4 -99.000 12.4500 
-91.3647 -1.9495 978036.4 -0.3 -2.5 -99.000 12.5000 
-91.3647 -1.9496 978036.7 -0.4 -2.4 -99.000 12.5500 
-91.3648 -1.9497 978036.9 -0.3 -2.1 -99.000 12.6000 
-91.3648 -1.9497 978036.6 -0.2 -2.3 -99.000 12.6500 
-91.3648 -1.9498 978036.9 -0.3 -2.0 -99.000 12.7000 
-91.3648 -1.9498 978036.4 -0.2 -2.4 -99.000 12.7500 
-91.3648 -1.9499 978036.3 -0.3 -2.6 -99.000 12.8000 
-91.3648 -1.9499 978036.5 -0.2 -2.4 -99.000 12.8500 
-91.3648 -1.9500 978037.3 -0.3 -1.7 -99.000 12.9000 
-91.3648 -1.9500 978037.0 -0.3 -2.0 -99.000 12.9500 
-91.3648 -1.9499 978036.5 -0.4 -2.6 -99.000 13.0000 
-91.3648 -1.9499 978036.4 3.1 0.8 -99.000 13.0500 
-91.3637 -1.9506 978029.4 14.9 5.6 -99.000 13.1000 
-91.3622 -1.9514 978023.0 8.4 -7.3 -99.000 13.1500 
-91.3622 -1.9518 978035.0 -7.3 -11.0 -99.000 13.2000 
-91.3631 -1.9524 978042.8 -6.3 -2.2 -99.000 13.2500 
-91.3636 -1.9530 978041.5 -7.2 -4.4 -99.000 13.3000 
-91.3648 -1.9541 978046.0 -20.6 -13.3 -99.000 13.3500 
-91.3678 -1.9544 978060.6 -24.3 -2.4 557.147 13.4000 
-91.3702 -1.9545 978059.5 -20.3 0.5 2863.258 13.4500 
-91.3724 -1.9545 978057.4 -29.8 -11.1 3176.028 13.5000 
-91.3773 -1.9544 978075.4 -60.9 -24.2 3177.930 13.5500 
-91.3857 -1.9536 978106.3 -80.2 -12.6 3186.470 13.6000 
-91.3950 -1.9524 978118.2 -83.2 -3.7 3208.235 13.6500 
-91.4043 -1.9513 978118.9 -83.6 -3.4 3225.394 13.7000 
-91.4137 -1.9501 978118.6 -83.6 -3.7 3230.517 13.7500 
-91.4231 -1.9490 978117.7 -84.3 -5.2 3234.590 13.8000 
-91.4325 -1.9483 978117.7 -84.5 -5.4 3222.478 13.8500 
-91.4420 -1.9478 978116.9 -84.2 -5.9 3219.744 13.9000 
-91.4514 -1.9473 978117.0 -84.2 -5.9 3230.147 13.9500 
-91.4608 -1.9467 978116.7 -84.1 -6.0 3232.681 14.0000 
-91.4702 -1.9462 978116.3 -84.2 -6.5 3252.095 14.0500 
-91.4796 -1.9458 978116.2 -84.6 -7.0 3261.906 14.1000 
-91.4891 -1.9454 978117.2 -84.9 -6.4 3271.067 14.1500 
-91.4986 -1.9450 978116.9 -84.9 -6.6 3253.412 14.2000 
-91.5082 -1.9447 978116.9 -85.2 -6.9 3251.998 14.2500 
-91.5177 -1.9444 978117.3 -84.7 -6.0 3269.953 14.3000 
-91.5271 -1.9441 978117.2 -84.0 -5.4 3240.675 14.3500 
-91.5365 -1.9438 978117.2 -84.0 -5.4 3222.421 14.4000 
-91.5459 -1.9435 978117.4 -83.8 -5.0 3220.472 14.4500 
-91.5553 -1.9431 978117.6 -84.3 -5.2 3195.692 14.5000 
-91.5647 -1.9426 978118.1 -84.0 -4.5 3199.941 14.5500 
-91.5741 -1.9422 978118.5 -83.8 -3.9 3224.857 14.6000 
-91.5834 -1.9417 978119.1 -83.6 -3.1 3216.102 14.6500 
-91.5928 -1.9413 978119.0 -84.0 -3.6 3222.689 14.7000 
-91.6022 -1.9409 978119.8 -85.0 -3.7 3205.007 14.7500 
-91.6118 -1.9405 978120.8 -85.3 -3.0 3220.021 14.8000 
-91.6213 -1.9401 978121.6 -85.6 -2.6 3204.951 14.8500 
-91.6309 -1.9397 978122.2 -85.6 -1.9 3189.921 14.9000 
-91.6405 -1.9394 978122.1 -84.9 -1.4 3200.481 14.9500 
-91.6499 -1.9390 978122.1 -84.9 -1.3 3219.330 15.0000 
-91.6594 -1.9386 978122.0 -84.9 -1.5 3207.489 15.0500 
-91.6690 -1.9383 978122.3 -85.3 -1.7 3216.679 15.1000 
-91.6785 -1.9381 978123.1 -85.3 -0.8 3245.161 15.1500 
-91.6880 -1.9378 978123.3 -85.3 -0.6 3221.688 15.2000 
-91.6976 -1.9376 978123.3 -85.6 -0.9 3221.406 15.2500 
-91.7072 -1.9373 978123.3 -85.6 -0.9 3224.095 15.3000 
-91.7168 -1.9369 978123.5 -86.0 -1.1 3231.376 15.3500 
-91.7264 -1.9365 978123.9 -85.8 -0.5 3244.916 15.4000 
-91.7360 -1.9361 978123.4 -86.1 -1.2 3272.999 15.4500 
-91.7456 -1.9357 978123.7 -85.8 -0.6 3242.445 15.5000 
-91.7552 -1.9353 978123.6 -86.0 -0.9 3240.980 15.5500 
-91.7649 -1.9349 978123.8 -86.0 -0.7 3260.365 15.6000 
-91.7745 -1.9345 978124.4 -86.4 -0.5 3247.834 15.6500 
-91.7842 -1.9341 978124.6 -86.3 -0.2 3239.418 15.7000 
-91.7938 -1.9337 978124.5 -86.5 -0.5 3234.237 15.7500 
-91.8035 -1.9333 978124.6 -86.5 -0.5 3238.812 15.8000 
-91.8132 -1.9329 978124.9 -86.8 -0.4 3241.089 15.8500 
-91.8229 -1.9325 978125.2 -86.4 0.3 3244.737 15.9000 
-91.8325 -1.9320 978125.0 -86.0 0.5 3258.040 15.9500 
-91.8422 -1.9315 978124.5 -85.5 0.5 3274.484 16.0000 
-91.8517 -1.9310 978123.3 -85.2 -0.5 3281.512 16.0500 
-91.8612 -1.9305 978122.9 -84.8 -0.5 3300.897 16.1000 
-91.8707 -1.9301 978122.5 -84.7 -0.7 3308.722 16.1500 
-91.8802 -1.9298 978122.5 -84.9 -0.9 3311.449 16.2000 
-91.8897 -1.9295 978122.0 -85.2 -1.7 3305.141 16.2500 
-91.8992 -1.9293 978122.9 -85.6 -1.3 3296.072 16.3000 
-91.9088 -1.9291 978123.1 -86.0 -1.5 3294.064 16.3500 
-91.9185 -1.9289 978124.1 -86.2 -0.7 3291.989 16.4000 
-91.9281 -1.9287 978124.3 -86.1 -0.3 3286.565 16.4500 
-91.9378 -1.9285 978124.5 -86.1 -0.1 3281.856 16.5000 
-91.9474 -1.9281 978124.7 -85.8 0.4 3266.466 16.5500 
-91.9570 -1.9278 978124.8 -85.6 0.6 3250.706 16.6000 
-91.9665 -1.9275 978124.9 -85.3 1.1 3239.967 16.6500 
-91.9760 -1.9271 978124.6 -85.1 1.0 3261.368 16.7000 
-91.9856 -1.9267 978124.4 -85.3 0.6 3318.718 16.7500 
-91.9951 -1.9262 978124.5 -85.4 0.6 3350.529 16.8000 
-92.0047 -1.9258 978124.4 -85.5 0.3 3313.111 16.8500 
-92.0142 -1.9252 978124.5 -85.2 0.9 3304.700 16.9000 
-92.0238 -1.9247 978124.5 -85.3 0.7 3293.451 16.9500 
-92.0333 -1.9243 978125.2 -85.7 1.0 3295.467 17.0000 
-92.0429 -1.9238 978125.7 -85.8 1.5 3311.619 17.0500 
-92.0525 -1.9234 978125.5 -86.0 1.0 3337.133 17.1000 
-92.0622 -1.9230 978125.7 -86.1 1.1 3345.001 17.1500 
-92.0718 -1.9227 978125.5 -86.0 1.1 3343.820 17.2000 
-92.0814 -1.9223 978125.7 -85.9 1.3 3333.465 17.2500 
-92.0910 -1.9220 978125.8 -85.8 1.5 3307.232 17.3000 
-92.1006 -1.9218 978126.3 -85.6 2.2 3315.268 17.3500 
-92.1102 -1.9216 978126.2 -85.7 2.0 3321.382 17.4000 
-92.1198 -1.9214 978127.1 -86.0 2.6 3271.059 17.4500 
-92.1294 -1.9212 978127.5 -86.0 3.0 3245.805 17.5000 
-92.1390 -1.9208 978127.9 -85.8 3.5 3253.727 17.5500 
-92.1486 -1.9204 978128.2 -85.8 3.9 3247.609 17.6000 
-92.1583 -1.9201 978128.4 -86.0 4.0 3283.990 17.6500 
-92.1679 -1.9198 978128.4 -86.3 3.6 3299.649 17.7000 
-92.1776 -1.9195 978128.7 -86.5 3.8 3314.077 17.7500 
-92.1872 -1.9192 978128.9 -86.3 4.1 3324.124 17.8000 
-92.1969 -1.9188 978128.6 -86.4 3.7 3312.897 17.8500 
-92.2066 -1.9184 978128.7 -86.5 3.8 3296.665 17.9000 
-92.2163 -1.9181 978129.0 -86.6 4.0 3300.501 17.9500 
-92.2259 -1.9177 978129.1 -86.7 4.0 3309.020 18.0000 
-92.2356 -1.9174 978128.9 -86.6 3.8 3317.257 18.0500 
-92.2453 -1.9171 978128.8 -86.9 3.5 3305.316 18.1000 
-92.2551 -1.9166 978129.5 -87.0 4.0 3310.736 18.1500 
-92.2648 -1.9162 978129.5 -87.2 3.9 3292.961 18.2000 
-92.2746 -1.9157 978129.9 -87.2 4.3 3278.122 18.2500 
-92.2843 -1.9153 978129.3 -87.0 3.8 3280.107 18.3000 
-92.2941 -1.9151 978128.6 -87.0 3.1 3294.292 18.3500 
-92.3038 -1.9148 978128.3 -87.4 2.4 3305.301 18.4000 
-92.3136 -1.9145 978129.1 -87.7 3.0 3313.455 18.4500 
-92.3234 -1.9142 978129.0 -87.9 2.7 3324.530 18.5000 
-92.3333 -1.9140 978128.9 -88.0 2.4 3337.143 18.5500 
-92.3431 -1.9138 978128.4 -87.8 2.1 3340.090 18.6000 
-92.3530 -1.9136 978128.0 -87.8 1.8 3355.419 18.6500 
-92.3627 -1.9133 978127.1 -72.8 15.8 3366.546 18.7000 
-92.3689 -1.9133 978104.1 -46.8 18.9 3339.580 18.7500 
-92.3735 -1.9133 978083.5 -41.2 3.9 3317.119 18.8000 
-92.3783 -1.9130 978082.8 -56.0 -11.7 3312.818 18.8500 
-92.3863 -1.9126 978105.4 -81.7 -14.7 3314.307 18.9000 
-92.3961 -1.9124 978125.3 -86.2 0.7 2666.123 18.9500 
-92.4055 -1.9119 978124.6 -80.6 5.5 256.941 19.0000 
-92.4142 -1.9119 978117.5 -69.8 9.2 -99.000 19.0500 
-92.4207 -1.9125 978102.7 -36.0 28.2 -99.000 19.1000 
-92.4221 -1.9116 978063.5 -8.4 16.7 -99.000 19.1500 
-92.4228 -1.9115 978044.9 -4.8 1.7 -99.000 19.2000 
-92.4230 -1.9116 978041.9 -0.5 3.0 -99.000 19.2500 
-92.4230 -1.9116 978038.5 1.6 1.7 -99.000 19.3000 
-92.4225 -1.9116 978035.3 4.9 1.8 -99.000 19.3500 
-92.4219 -1.9117 978033.6 5.1 0.3 -99.000 19.4000 
-92.4215 -1.9115 978034.2 1.1 -3.1 -99.000 19.4500 
-92.4215 -1.9114 978037.9 -0.4 -0.9 -99.000 19.5000 
-92.4215 -1.9113 978038.6 -0.4 -0.3 -99.000 19.5500 
-92.4215 -1.9112 978039.2 -0.3 0.5 -99.000 19.6000 
-92.4215 -1.9112 978039.1 -0.2 0.5 -99.000 19.6500 
-92.4215 -1.9112 978038.8 -0.3 0.0 -99.000 19.7000 
-92.4215 -1.9112 978039.2 -0.2 0.6 -99.000 19.7500 
-92.4215 -1.9112 978039.1 -0.1 0.6 -99.000 19.8000 
-92.4215 -1.9112 978038.9 -0.1 0.4 -99.000 19.8500 
-92.4215 -1.9112 978038.8 -0.1 0.2 -99.000 19.9000 
-92.4215 -1.9112 978039.0 -0.0 0.5 -99.000 19.9500 
-92.4215 -1.9112 978039.0 -0.0 0.6 -99.000 20.0000 
-92.4215 -1.9112 978038.8 -0.1 0.3 -99.000 20.0500 
-92.4215 -1.9112 978038.5 -0.2 -0.1 -99.000 20.1000 
-92.4215 -1.9112 978039.1 -0.2 0.4 -99.000 20.1500 
-92.4215 -1.9112 978039.0 -0.2 0.4 -99.000 20.2000 
-92.4215 -1.9112 978039.1 -0.2 0.5 -99.000 20.2500 
-92.4215 -1.9112 978039.3 -0.0 0.8 -99.000 20.3000 
-92.4210 -1.9114 978035.9 10.6 8.1 -99.000 20.3500 
-92.4196 -1.9118 978028.0 4.0 -6.4 -99.000 20.4000 
-92.4204 -1.9121 978041.0 -9.8 -7.3 -99.000 20.4500 
-92.4213 -1.9127 978047.9 -9.9 -0.5 -99.000 20.5000 
-92.4224 -1.9136 978047.7 -10.3 -1.0 -99.000 20.5500 
-92.4235 -1.9144 978048.7 -12.3 -2.0 -99.000 20.6000 
-92.4237 -1.9159 978042.5 -26.3 -22.2 601.522 20.6500 
-92.4240 -1.9206 978040.8 -46.2 -43.9 3022.168 20.7000 
-92.4244 -1.9292 978041.5 -27.2 -24.2 3347.538 20.7500 
-92.4254 -1.9384 978046.7 -11.2 -3.1 3348.293 20.8000 
-92.4269 -1.9475 978050.0 -12.8 -1.4 3353.857 20.8500 
-92.4283 -1.9567 978050.7 -12.6 -0.6 3363.803 20.9000 
-92.4298 -1.9659 978050.3 -12.6 -1.0 3367.027 20.9500 
-92.4312 -1.9749 978050.1 -12.7 -1.3 3369.623 21.0000 
-92.4327 -1.9840 978050.0 -12.7 -1.5 3372.349 21.0500 
-92.4342 -1.9931 978050.3 -12.7 -1.3 3372.612 21.1000 
-92.4356 -2.0022 978049.9 -12.8 -1.8 3372.998 21.1500 
-92.4371 -2.0113 978050.3 -13.0 -1.7 3377.094 21.2000 
-92.4386 -2.0205 978050.7 -13.0 -1.4 3377.494 21.2500 
-92.4401 -2.0296 978051.0 -13.2 -1.4 3376.764 21.3000 
-92.4416 -2.0387 978051.0 -13.2 -1.5 3378.054 21.3500 
-92.4431 -2.0477 978051.5 -13.4 -1.2 3381.086 21.4000 
-92.4447 -2.0567 978052.0 -13.8 -1.1 3385.600 21.4500 
-92.4463 -2.0656 978053.1 -14.1 -0.4 3370.338 21.5000 
-92.4479 -2.0747 978054.3 -14.6 0.2 3333.386 21.5500 
-92.4496 -2.0837 978055.1 -14.8 0.7 3308.982 21.6000 
-92.4513 -2.0928 978055.4 -15.0 0.8 3308.355 21.6500 
-92.4531 -2.1018 978055.7 -15.7 0.3 3319.676 21.7000 
-92.4551 -2.1109 978061.6 -48.8 -26.9 2617.209 21.7500 
-92.4635 -2.1153 978106.2 -81.9 -15.4 3108.139 21.8000 
-92.4727 -2.1196 978123.1 -82.4 1.0 3320.075 21.8500 
-92.4820 -2.1239 978121.8 -81.7 0.4 3349.270 21.9000 
-92.4910 -2.1284 978119.9 -80.6 -0.5 3370.402 21.9500 
-92.5000 -2.1329 978118.8 -80.9 -1.9 3393.198 22.0000 
-92.5091 -2.1374 978118.8 -81.3 -2.3 3398.880 22.0500 
-92.5182 -2.1419 978118.8 -81.0 -2.1 3424.848 22.1000 
-92.5272 -2.1464 978118.5 -80.8 -2.2 3414.891 22.1500 
-92.5363 -2.1508 978118.6 -81.5 -2.9 3401.464 22.2000 
-92.5455 -2.1553 978119.5 -82.0 -2.5 3379.458 22.2500 
-92.5547 -2.1598 978119.9 -82.3 -2.4 3390.585 22.3000 
-92.5639 -2.1642 978120.2 -82.2 -2.1 3388.945 22.3500 
-92.5731 -2.1686 978120.0 -82.0 -2.1 3389.613 22.4000 
-92.5822 -2.1731 978119.8 -81.4 -1.8 3402.475 22.4500 
-92.5913 -2.1776 978118.9 -81.2 -2.4 3388.982 22.5000 
-92.6004 -2.1822 978118.6 -80.8 -2.3 3385.797 22.5500 
-92.6094 -2.1866 978117.9 -80.7 -3.0 3389.660 22.6000 
-92.6184 -2.1912 978118.2 -80.4 -2.4 3380.630 22.6500 
-92.6274 -2.1957 978117.7 -80.4 -2.9 3369.442 22.7000 
-92.6364 -2.2001 978118.2 -80.0 -2.2 3361.493 22.7500 
-92.6453 -2.2045 978118.0 -80.1 -2.4 3358.035 22.8000 
-92.6543 -2.2090 978118.5 -80.1 -1.9 3360.494 22.8500 
-92.6633 -2.2136 978119.2 -80.3 -1.5 3354.401 22.9000 
-92.6722 -2.2181 978119.2 -80.0 -1.3 3339.598 22.9500 
-92.6812 -2.2227 978118.6 -80.0 -1.9 3341.840 23.0000 
-92.6901 -2.2272 978119.3 -80.4 -1.5 3357.274 23.0500 
-92.6992 -2.2318 978120.0 -80.6 -1.1 3353.591 23.1000 
-92.7082 -2.2364 978119.6 -80.1 -1.1 3351.345 23.1500 
-92.7171 -2.2410 978118.2 -80.1 -2.5 3363.737 23.2000 
-92.7261 -2.2457 978118.3 -80.4 -2.7 3394.095 23.2500 
-92.7351 -2.2504 978118.0 -80.4 -3.1 3416.988 23.3000 
-92.7441 -2.2549 978117.3 -80.3 -3.7 3423.074 23.3500 
-92.7531 -2.2595 978116.1 -80.5 -5.2 3435.524 23.4000 
-92.7621 -2.2641 978115.8 -81.0 -5.9 3429.854 23.4500 
-92.7712 -2.2686 978116.0 -80.8 -5.6 3403.691 23.5000 
-92.7802 -2.2731 978115.8 -81.0 -6.0 3429.289 23.5500 
-92.7893 -2.2777 978115.1 -81.0 -6.7 3438.362 23.6000 
-92.7984 -2.2821 978114.8 -81.2 -7.2 3443.299 23.6500 
-92.8075 -2.2866 978115.4 -81.1 -6.6 3430.486 23.7000 
-92.8165 -2.2911 978114.7 -80.6 -6.8 3447.405 23.7500 
-92.8255 -2.2956 978113.3 -79.5 -7.2 3451.612 23.8000 
-92.8344 -2.3002 978112.2 -79.7 -8.6 3453.754 23.8500 
-92.8433 -2.3047 978111.4 -79.5 -9.1 3480.384 23.9000 
-92.8522 -2.3093 978111.6 NaN NaN 3485.701 23.9500 
