-95.1459 -0.7250 978101.3 NaN NaN 3368.179 0.0000 
-95.1538 -0.7283 978100.3 -72.1 -5.4 3349.061 0.0500 
-95.1619 -0.7317 978100.8 -72.8 -5.5 3345.950 0.1000 
-95.1701 -0.7351 978101.4 -73.1 -5.2 3355.703 0.1500 
-95.1782 -0.7386 978101.3 -72.3 -4.5 3342.857 0.2000 
-95.1862 -0.7420 978100.5 -72.2 -5.2 3347.948 0.2500 
-95.1943 -0.7454 978100.7 -72.2 -5.0 3349.541 0.3000 
-95.2024 -0.7488 978100.8 -72.7 -5.5 3373.760 0.3500 
-95.2105 -0.7522 978101.5 -72.5 -4.5 3371.580 0.4000 
-95.2186 -0.7555 978100.4 -73.3 -6.5 3367.990 0.4500 
-95.2269 -0.7586 978101.3 -73.9 -6.1 3351.212 0.5000 
-95.2351 -0.7618 978102.1 -73.6 -5.1 3348.673 0.5500 
-95.2433 -0.7649 978102.4 -73.7 -4.9 3359.959 0.6000 
-95.2516 -0.7681 978102.2 -73.9 -5.3 3361.095 0.6500 
-95.2598 -0.7713 978102.4 -73.7 -4.9 3350.425 0.7000 
-95.2680 -0.7745 978103.0 -73.5 -4.1 3323.628 0.7500 
-95.2763 -0.7778 978103.6 -73.8 -3.8 3296.428 0.8000 
-95.2845 -0.7810 978103.5 -73.0 -3.2 3309.113 0.8500 
-95.2926 -0.7842 978103.0 -73.1 -3.8 3311.625 0.9000 
-95.3008 -0.7874 978103.2 -73.5 -3.9 3305.891 0.9500 
-95.3090 -0.7907 978103.8 -73.5 -3.3 3316.695 1.0000 
-95.3172 -0.7939 978103.5 -72.7 -2.9 3334.196 1.0500 
-95.3253 -0.7971 978102.6 -72.0 -3.2 3333.874 1.1000 
-95.3333 -0.8003 978102.7 -71.6 -2.6 3329.900 1.1500 
-95.3413 -0.8035 978101.9 -71.7 -3.5 3307.972 1.2000 
-95.3493 -0.8068 978101.6 -72.1 -4.2 3301.813 1.2500 
-95.3574 -0.8102 978101.9 -71.9 -3.7 3308.192 1.3000 
-95.3654 -0.8135 978101.6 -72.1 -4.3 3342.679 1.3500 
-95.3735 -0.8169 978102.2 -72.1 -3.6 3350.301 1.4000 
-95.3815 -0.8202 978100.9 -71.6 -4.4 3309.764 1.4500 
-95.3894 -0.8235 978100.4 -72.0 -5.4 3287.886 1.5000 
-95.3976 -0.8267 978100.4 -72.7 -6.1 3328.300 1.5500 
-95.4057 -0.8300 978100.9 -72.4 -5.3 3337.449 1.6000 
-95.4138 -0.8332 978100.7 -72.9 -5.9 3331.754 1.6500 
-95.4219 -0.8363 978100.8 -73.9 -6.8 3331.123 1.7000 
-95.4302 -0.8394 978102.3 -73.7 -5.2 3333.353 1.7500 
-95.4384 -0.8424 978100.8 -73.4 -6.4 3351.474 1.8000 
-95.4467 -0.8454 978100.9 -73.6 -6.5 3350.264 1.8500 
-95.4548 -0.8485 978100.5 -73.1 -6.4 3345.441 1.9000 
-95.4630 -0.8517 978100.8 -73.4 -6.5 3339.219 1.9500 
-95.4712 -0.8548 978101.2 -72.9 -5.5 3338.767 2.0000 
-95.4793 -0.8580 978101.4 -73.6 -6.0 3339.296 2.0500 
-95.4876 -0.8611 978101.9 -73.8 -5.7 3346.732 2.1000 
-95.4958 -0.8643 978102.5 -73.8 -5.2 3353.204 2.1500 
-95.5041 -0.8676 978102.2 -73.7 -5.4 3346.983 2.2000 
-95.5123 -0.8709 978102.3 -73.6 -5.2 3355.634 2.2500 
-95.5205 -0.8744 978102.5 -72.8 -4.2 3354.541 2.3000 
-95.5286 -0.8778 978101.9 -72.7 -4.7 3341.328 2.3500 
-95.5367 -0.8813 978102.0 -72.7 -4.6 3285.716 2.4000 
-95.5448 -0.8847 978102.7 -72.8 -4.0 3316.788 2.4500 
-95.5530 -0.8880 978103.0 -73.0 -3.9 3328.778 2.5000 
-95.5612 -0.8912 978103.7 -73.2 -3.4 3313.284 2.5500 
-95.5693 -0.8945 978104.0 -73.3 -3.2 3292.283 2.6000 
-95.5775 -0.8977 978104.9 -73.8 -2.9 3271.024 2.6500 
-95.5858 -0.9011 978104.7 -73.2 -2.4 3287.195 2.7000 
-95.5939 -0.9043 978103.4 -72.7 -3.2 3311.080 2.7500 
-95.6020 -0.9075 978103.5 -72.6 -3.1 3308.448 2.8000 
-95.6101 -0.9108 978103.3 -72.6 -3.3 3328.956 2.8500 
-95.6182 -0.9141 978103.1 -72.8 -3.7 3320.273 2.9000 
-95.6264 -0.9174 978103.8 -73.1 -3.4 3301.521 2.9500 
-95.6346 -0.9207 978104.2 -73.3 -3.2 3303.821 3.0000 
-95.6427 -0.9240 978104.1 -72.9 -2.8 3367.524 3.0500 
-95.6508 -0.9273 978103.1 -72.4 -3.3 3389.884 3.1000 
-95.6589 -0.9306 978103.1 -72.5 -3.4 3356.390 3.1500 
-95.6671 -0.9338 978103.6 -72.8 -3.2 3313.522 3.2000 
-95.6752 -0.9371 978104.1 -72.8 -2.7 3308.552 3.2500 
-95.6833 -0.9403 978104.0 -73.2 -3.3 3337.291 3.3000 
-95.6915 -0.9435 978104.5 -73.3 -2.9 3330.974 3.3500 
-95.6997 -0.9466 978104.6 -61.9 8.6 3332.720 3.4000 
-95.7047 -0.9484 978085.3 -30.8 20.4 3343.763 3.4500 
-95.7070 -0.9489 978056.9 -21.5 1.3 3340.213 3.5000 
-95.7095 -0.9493 978054.3 -24.3 -4.1 3212.045 3.5500 
-95.7128 -0.9506 978060.3 -45.9 -19.7 1110.421 3.6000 
-95.7196 -0.9536 978086.9 -66.8 -14.0 -99.000 3.6500 
-95.7275 -0.9567 978101.2 -71.9 -4.8 -99.000 3.7000 
-95.7356 -0.9591 978103.3 -63.2 6.0 -99.000 3.7500 
-95.7411 -0.9601 978088.3 -39.6 14.6 -99.000 3.8000 
-95.7440 -0.9610 978064.3 -11.5 18.8 -99.000 3.8500 
-95.7440 -0.9610 978035.0 0.9 1.8 -99.000 3.9000 
-95.7439 -0.9611 978030.7 0.1 -3.3 -99.000 3.9500 
-95.7439 -0.9611 978032.1 0.0 -2.0 -99.000 4.0000 
-95.7439 -0.9611 978032.0 -0.0 -2.1 -99.000 4.0500 
-95.7439 -0.9612 978032.0 -0.0 -2.1 -99.000 4.1000 
-95.7439 -0.9612 978031.8 -0.1 -2.3 -99.000 4.1500 
-95.7439 -0.9612 978031.7 -0.0 -2.4 -99.000 4.2000 
-95.7439 -0.9612 978032.1 -0.1 -2.1 -99.000 4.2500 
-95.7439 -0.9612 978032.2 -0.1 -2.0 -99.000 4.3000 
-95.7439 -0.9612 978031.9 -0.1 -2.4 -99.000 4.3500 
-95.7439 -0.9612 978032.1 -0.0 -2.0 -99.000 4.4000 
-95.7439 -0.9612 978032.2 0.1 -1.8 -99.000 4.4500 
-95.7439 -0.9612 978032.3 0.0 -1.8 -99.000 4.5000 
-95.7439 -0.9611 978031.9 -0.0 -2.2 -99.000 4.5500 
-95.7439 -0.9612 978031.8 -0.1 -2.5 -99.000 4.6000 
-95.7439 -0.9612 978032.2 -0.1 -2.1 -99.000 4.6500 
-95.7436 -0.9613 978030.4 10.4 6.6 -99.000 4.7000 
-95.7419 -0.9622 978019.8 16.2 1.9 -99.000 4.7500 
-95.7405 -0.9623 978018.4 6.5 -9.2 -99.000 4.8000 
-95.7406 -0.9620 978030.3 -4.3 -8.1 -99.000 4.8500 
-95.7411 -0.9614 978036.9 1.8 4.5 -99.000 4.9000 
-95.7396 -0.9616 978024.4 16.2 6.4 -99.000 4.9500 
-95.7391 -0.9631 978025.9 -12.3 -20.6 1485.261 5.0000 
-95.7425 -0.9632 978056.4 -47.5 -25.2 3321.763 5.0500 
-95.7499 -0.9638 978090.6 -74.3 -17.8 3346.364 5.1000 
-95.7588 -0.9642 978110.5 -80.3 -3.9 3348.607 5.1500 
-95.7678 -0.9646 978113.1 -81.5 -2.6 3348.532 5.2000 
-95.7770 -0.9650 978113.5 -81.5 -2.2 3341.234 5.2500 
-95.7861 -0.9654 978113.5 -81.6 -2.3 3336.181 5.3000 
-95.7952 -0.9659 978114.1 -81.3 -1.4 3335.761 5.3500 
-95.8042 -0.9664 978112.9 -81.0 -2.2 3335.521 5.4000 
-95.8133 -0.9668 978112.7 -81.3 -2.7 3323.009 5.4500 
-95.8224 -0.9672 978113.5 -81.5 -2.2 3321.707 5.5000 
-95.8315 -0.9677 978113.2 -81.6 -2.6 3332.470 5.5500 
-95.8406 -0.9682 978113.7 -81.5 -1.9 3335.350 5.6000 
-95.8497 -0.9687 978112.9 -81.2 -2.4 3292.690 5.6500 
-95.8588 -0.9692 978113.5 -81.8 -2.4 3261.809 5.7000 
-95.8680 -0.9697 978113.9 -81.6 -1.9 3263.087 5.7500 
-95.8771 -0.9703 978114.3 -77.6 2.5 2656.254 5.8000 
-95.8820 -0.9654 978098.8 -20.5 44.1 2638.388 5.8500 
-95.8823 -0.9562 978040.8 3.1 9.7 3251.089 5.9000 
-95.8815 -0.9470 978027.1 8.7 1.7 3242.850 5.9500 
-95.8807 -0.9376 978024.0 4.3 -5.7 3255.021 6.0000 
-95.8808 -0.9283 978030.0 -2.7 -6.7 3280.811 6.0500 
-95.8812 -0.9189 978034.7 -3.4 -2.8 3297.301 6.1000 
-95.8816 -0.9095 978034.6 -3.5 -2.9 3308.755 6.1500 
-95.8820 -0.9001 978034.0 -3.3 -3.2 3299.394 6.2000 
-95.8825 -0.8906 978033.4 -2.6 -3.1 3301.614 6.2500 
-95.8827 -0.8812 978031.4 -1.1 -3.6 3305.071 6.3000 
-95.8829 -0.8718 978030.4 -1.7 -5.2 3303.685 6.3500 
-95.8831 -0.8623 978030.4 -0.8 -4.3 3302.293 6.4000 
-95.8832 -0.8528 978029.0 0.5 -4.4 3300.083 6.4500 
-95.8832 -0.8434 978027.8 0.5 -5.5 3299.148 6.5000 
-95.8832 -0.8339 978028.0 0.8 -5.0 3294.236 6.5500 
-95.8832 -0.8244 978028.0 0.3 -5.5 3279.202 6.6000 
-95.8832 -0.8149 978029.4 -0.3 -4.6 3251.399 6.6500 
-95.8833 -0.8054 978030.3 -0.0 -3.4 3233.362 6.7000 
-95.8834 -0.7959 978030.8 0.1 -2.8 3232.601 6.7500 
-95.8834 -0.7864 978031.4 0.6 -1.6 3240.518 6.8000 
-95.8834 -0.7770 978031.7 0.7 -1.2 3245.497 6.8500 
-95.8834 -0.7674 978032.6 0.8 -0.2 3254.641 6.9000 
-95.8833 -0.7579 978033.1 0.4 -0.1 3289.385 6.9500 
-95.8834 -0.7484 978033.2 0.3 -0.0 3317.690 7.0000 
-95.8834 -0.7389 978032.9 0.3 -0.3 3330.197 7.0500 
-95.8834 -0.7294 978032.3 -0.1 -1.3 3273.478 7.1000 
-95.8835 -0.7199 978031.9 -0.0 -1.6 3270.730 7.1500 
-95.8835 -0.7103 978031.4 0.5 -1.5 3279.708 7.2000 
-95.8835 -0.7007 978030.4 0.4 -2.7 3281.007 7.2500 
-95.8836 -0.6911 978030.3 0.7 -2.4 3293.693 7.3000 
-95.8835 -0.6814 978030.3 0.7 -2.3 3307.149 7.3500 
-95.8835 -0.6717 978031.0 0.3 -2.1 3310.263 7.4000 
-95.8836 -0.6621 978032.0 0.0 -1.3 3300.186 7.4500 
-95.8836 -0.6525 978032.7 0.6 -0.1 3296.850 7.5000 
-95.8836 -0.6428 978032.5 1.3 0.5 3298.510 7.5500 
-95.8835 -0.6332 978032.8 1.4 0.9 3294.174 7.6000 
-95.8834 -0.6235 978033.2 1.5 1.5 3293.070 7.6500 
-95.8833 -0.6137 978033.7 1.1 1.5 3290.814 7.7000 
-95.8832 -0.6040 978034.6 1.4 2.7 3279.545 7.7500 
-95.8831 -0.5942 978034.5 1.4 2.7 3286.711 7.8000 
-95.8831 -0.5845 978035.6 -0.6 1.9 3294.334 7.8500 
-95.8833 -0.5748 978037.3 -0.9 3.1 3297.844 7.9000 
-95.8835 -0.5651 978037.5 -0.9 3.4 3303.802 7.9500 
-95.8836 -0.5553 978037.5 -0.6 3.8 3301.887 8.0000 
-95.8837 -0.5456 978037.4 -0.4 3.9 3303.937 8.0500 
-95.8838 -0.5359 978037.6 0.0 4.5 3309.033 8.1000 
-95.8838 -0.5262 978037.0 0.2 4.0 3294.654 8.1500 
-95.8839 -0.5166 978037.0 0.1 4.0 3283.047 8.2000 
-95.8839 -0.5069 978036.9 0.2 4.0 3261.029 8.2500 
-95.8839 -0.4973 978036.7 1.4 5.1 3272.761 8.3000 
-95.8838 -0.4877 978035.2 2.1 4.3 3276.925 8.3500 
-95.8836 -0.4780 978035.0 1.8 3.8 3284.453 8.4000 
-95.8834 -0.4682 978034.9 2.0 3.9 3295.370 8.4500 
-95.8833 -0.4585 978034.3 2.4 3.7 3305.332 8.5000 
-95.8830 -0.4488 978033.2 2.4 2.6 3308.371 8.5500 
-95.8829 -0.4391 978033.2 1.5 1.7 3290.671 8.6000 
-95.8828 -0.4293 978033.4 1.5 2.0 3299.065 8.6500 
-95.8827 -0.4195 978032.9 1.4 1.3 3314.207 8.7000 
-95.8827 -0.4098 978032.8 1.1 1.0 3312.954 8.7500 
-95.8826 -0.4001 978032.5 -0.1 -0.6 3323.737 8.8000 
-95.8828 -0.3903 978033.7 -1.1 -0.4 3327.151 8.8500 
-95.8829 -0.3806 978033.1 -0.1 0.2 3339.909 8.9000 
-95.8830 -0.3709 978031.9 -0.1 -1.1 3331.223 8.9500 
-95.8831 -0.3612 978031.8 -0.3 -1.3 3313.412 9.0000 
-95.8832 -0.3515 978031.5 -0.4 -1.7 3300.566 9.0500 
-95.8833 -0.3417 978031.3 -0.3 -1.8 3287.028 9.1000 
-95.8834 -0.3320 978030.9 -0.3 -2.3 3281.492 9.1500 
-95.8835 -0.3223 978031.1 -0.3 -2.0 3309.857 9.2000 
-95.8835 -0.3125 978030.9 0.0 -1.9 3293.555 9.2500 
-95.8836 -0.3028 978031.0 0.4 -1.5 3260.369 9.3000 
-95.8835 -0.2930 978030.7 0.6 -1.5 3250.142 9.3500 
-95.8835 -0.2833 978031.2 0.7 -0.8 3233.025 9.4000 
-95.8835 -0.2735 978031.1 1.0 -0.7 3207.282 9.4500 
-95.8834 -0.2637 978030.5 1.5 -0.8 3239.985 9.5000 
-95.8833 -0.2539 978029.9 1.4 -1.5 3247.218 9.5500 
-95.8832 -0.2442 978029.8 1.4 -1.6 3285.271 9.6000 
-95.8831 -0.2344 978029.3 1.1 -2.3 3310.906 9.6500 
-95.8831 -0.2246 978029.6 0.6 -2.5 3312.959 9.7000 
-95.8831 -0.2147 978030.4 0.3 -2.1 3315.057 9.7500 
-95.8831 -0.2049 978030.8 0.5 -1.5 3323.478 9.8000 
-95.8832 -0.1950 978031.3 0.1 -1.4 3338.342 9.8500 
-95.8833 -0.1852 978032.3 -0.5 -1.0 3349.181 9.9000 
-95.8834 -0.1754 978033.2 -0.3 0.2 3352.070 9.9500 
-95.8835 -0.1655 978033.1 0.3 0.7 3347.058 10.0000 
-95.8835 -0.1557 978033.3 -0.1 0.5 3344.049 10.0500 
-95.8836 -0.1458 978034.7 -0.5 1.5 3338.240 10.1000 
-95.8837 -0.1359 978035.2 -0.3 2.2 3333.965 10.1500 
-95.8838 -0.1259 978035.5 -0.4 2.4 3327.851 10.2000 
-95.8839 -0.1159 978036.1 -0.7 2.7 3321.405 10.2500 
-95.8841 -0.1058 978036.9 -0.7 3.5 3312.607 10.3000 
-95.8842 -0.0957 978037.2 -0.6 3.9 3303.479 10.3500 
-95.8844 -0.0856 978037.6 -0.9 4.0 3296.811 10.4000 
-95.8845 -0.0754 978038.2 -0.7 4.8 3290.328 10.4500 
-95.8847 -0.0653 978038.3 -0.8 4.8 3286.959 10.5000 
-95.8848 -0.0552 978038.6 -0.8 5.1 3285.404 10.5500 
-95.8850 -0.0451 978038.8 -0.8 5.3 3281.469 10.6000 
-95.8851 -0.0350 978038.5 1.2 7.0 3278.672 10.6500 
-95.8849 -0.0249 978036.4 2.2 5.9 3278.488 10.7000 
-95.8847 -0.0148 978035.8 2.4 5.4 3279.048 10.7500 
-95.8845 -0.0048 978035.6 2.1 5.0 3282.021 10.8000 
-95.8844 0.0052 978035.7 2.3 5.3 3282.800 10.8500 
-95.8842 0.0152 978034.8 2.3 4.5 3276.428 10.9000 
-95.8840 0.0253 978034.6 2.1 4.1 3288.575 10.9500 
-95.8838 0.0353 978034.2 2.2 3.7 3301.375 11.0000 
-95.8837 0.0452 978033.8 1.4 2.5 3316.670 11.0500 
-95.8836 0.0552 978033.8 1.4 2.5 3309.570 11.1000 
-95.8835 0.0652 978033.5 1.5 2.4 3303.281 11.1500 
-95.8834 0.0751 978033.2 1.5 2.0 3312.464 11.2000 
-95.8833 0.0851 978033.0 1.6 1.9 3311.550 11.2500 
-95.8832 0.0950 978032.5 1.9 1.7 3312.103 11.3000 
-95.8830 0.1050 978031.9 2.1 1.3 3312.090 11.3500 
-95.8828 0.1150 978031.7 2.2 1.2 3315.869 11.4000 
-95.8826 0.1249 978031.4 2.4 1.1 3315.439 11.4500 
-95.8824 0.1349 978031.2 2.3 0.8 3313.302 11.5000 
-95.8823 0.1448 978031.5 2.3 1.1 3308.324 11.5500 
-95.8821 0.1548 978031.1 2.6 1.0 3316.702 11.6000 
-95.8819 0.1647 978031.3 0.7 -0.7 3323.062 11.6500 
-95.8820 0.1746 978033.2 -0.2 0.3 3328.834 11.7000 
-95.8821 0.1843 978033.6 -0.6 0.2 3331.010 11.7500 
-95.8822 0.1941 978034.0 -0.5 0.8 3332.531 11.8000 
-95.8823 0.2039 978033.7 -0.3 0.7 3330.203 11.8500 
-95.8824 0.2136 978033.9 -0.3 0.9 3324.605 11.9000 
-95.8825 0.2231 978034.4 -0.5 1.1 3315.272 11.9500 
-95.8826 0.2327 978034.9 -0.5 1.6 3294.101 12.0000 
-95.8827 0.2423 978035.2 -0.3 2.2 3266.604 12.0500 
-95.8828 0.2518 978035.0 -0.1 2.1 3268.762 12.1000 
-95.8829 0.2612 978035.4 -0.6 2.0 3280.495 12.1500 
-95.8831 0.2707 978036.1 -1.1 2.2 3274.752 12.2000 
-95.8833 0.2802 978036.4 -0.9 2.6 3267.610 12.2500 
-95.8834 0.2896 978036.3 -0.1 3.4 3266.099 12.3000 
-95.8834 0.2990 978035.4 0.2 2.8 3262.578 12.3500 
-95.8835 0.3084 978035.5 -0.1 2.6 3258.821 12.4000 
-95.8835 0.3177 978035.5 0.3 3.0 3258.511 12.4500 
-95.8835 0.3271 978034.7 0.4 2.3 3256.039 12.5000 
-95.8835 0.3365 978034.2 0.6 2.0 3263.367 12.5500 
-95.8835 0.3459 978033.9 0.3 1.4 3288.289 12.6000 
-95.8836 0.3552 978033.5 0.3 1.0 3307.820 12.6500 
-95.8836 0.3646 978032.7 0.6 0.4 3314.402 12.7000 
-95.8835 0.3740 978032.1 0.6 -0.2 3317.138 12.7500 
-95.8835 0.3834 978031.6 0.5 -0.8 3322.437 12.8000 
-95.8835 0.3928 978031.3 0.6 -1.0 3323.186 12.8500 
-95.8835 0.4020 978031.2 0.9 -0.9 3323.385 12.9000 
-95.8835 0.4113 978030.9 1.1 -1.0 3322.184 12.9500 
-95.8834 0.4207 978030.7 1.1 -1.1 3322.798 13.0000 
-95.8833 0.4299 978031.1 1.0 -0.9 3322.063 13.0500 
-95.8833 0.4392 978031.8 0.7 -0.5 3294.248 13.1000 
-95.8833 0.4484 978032.8 0.3 0.1 3290.295 13.1500 
-95.8833 0.4575 978033.9 0.2 1.0 3290.260 13.2000 
-95.8834 0.4667 978034.8 0.0 1.8 3265.852 13.2500 
-95.8834 0.4759 978035.7 0.1 2.7 3248.548 13.3000 
-95.8835 0.4851 978036.4 0.2 3.5 3238.293 13.3500 
-95.8835 0.4943 978036.6 0.5 4.1 3240.662 13.4000 
-95.8835 0.5033 978036.9 0.5 4.3 3235.117 13.4500 
-95.8835 0.5124 978037.4 0.5 4.8 3215.492 13.5000 
-95.8835 0.5215 978037.4 0.5 4.8 3210.307 13.5500 
-95.8835 0.5306 978037.5 0.5 4.8 3213.227 13.6000 
-95.8835 0.5396 978037.6 0.6 5.1 3219.472 13.6500 
-95.8835 0.5486 978037.3 0.5 4.7 3218.412 13.7000 
-95.8835 0.5577 978037.2 0.3 4.4 3227.437 13.7500 
-95.8835 0.5669 978036.9 0.5 4.1 3241.906 13.8000 
-95.8835 0.5759 978036.4 0.4 3.6 3251.828 13.8500 
-95.8835 0.5850 978035.9 0.7 3.4 3256.208 13.9000 
-95.8835 0.5942 978034.8 0.5 2.0 3271.565 13.9500 
-95.8835 0.6034 978034.2 0.3 1.3 3278.521 14.0000 
-95.8835 0.6126 978033.8 0.2 0.7 3275.395 14.0500 
-95.8835 0.6218 978032.9 0.3 -0.1 3280.038 14.1000 
-95.8836 0.6311 978032.1 12.9 11.6 3109.680 14.1500 
-95.8799 0.6384 978011.5 66.1 44.3 2982.732 14.2000 
-95.8718 0.6389 977965.6 76.0 8.2 3326.951 14.2500 
-95.8633 0.6389 977953.9 76.6 -2.7 3322.582 14.3000 
-95.8548 0.6389 977954.1 76.5 -2.7 3322.317 14.3500 
-95.8464 0.6389 977954.7 76.6 -2.0 3317.330 14.4000 
-95.8379 0.6389 977954.4 76.4 -2.5 3307.196 14.4500 
-95.8295 0.6389 977954.3 76.4 -2.6 3296.581 14.5000 
-95.8210 0.6390 977954.1 76.6 -2.6 3287.747 14.5500 
-95.8126 0.6390 977954.4 76.6 -2.2 3293.209 14.6000 
-95.8041 0.6391 977954.9 76.8 -1.7 3305.607 14.6500 
-95.7957 0.6392 977954.4 71.5 -7.5 3309.002 14.7000 
-95.7890 0.6394 977967.9 38.9 -26.5 3319.931 14.7500 
-95.7865 0.6396 978001.9 22.8 -8.6 3325.521 14.8000 
-95.7838 0.6398 978008.0 24.2 -1.0 3326.826 14.8500 
-95.7811 0.6400 978007.3 26.4 0.3 3328.365 14.9000 
-95.7774 0.6402 978000.0 52.0 18.7 3239.045 14.9500 
-95.7699 0.6405 977970.5 71.6 8.8 1140.662 15.0000 
-95.7618 0.6410 977958.4 68.7 -6.3 -99.000 15.0500 
-95.7555 0.6430 977971.0 36.9 -25.4 -99.000 15.1000 
-95.7535 0.6436 978006.8 7.0 -19.6 -99.000 15.1500 
-95.7536 0.6435 978028.3 -1.0 -6.0 -99.000 15.2000 
-95.7537 0.6436 978031.4 -0.1 -2.0 -99.000 15.2500 
-95.7536 0.6436 978030.4 -0.0 -3.0 -99.000 15.3000 
-95.7536 0.6436 978030.8 0.0 -2.5 -99.000 15.3500 
-95.7536 0.6436 978030.7 0.0 -2.6 -99.000 15.4000 
-95.7536 0.6436 978030.8 -0.0 -2.6 -99.000 15.4500 
-95.7536 0.6436 978030.9 0.1 -2.4 -99.000 15.5000 
-95.7536 0.6436 978030.5 0.1 -2.8 -99.000 15.5500 
-95.7536 0.6436 978030.8 0.0 -2.5 -99.000 15.6000 
-95.7536 0.6436 978030.6 0.0 -2.7 -99.000 15.6500 
-95.7536 0.6436 978030.6 0.0 -2.7 -99.000 15.7000 
-95.7536 0.6436 978030.5 -0.0 -2.9 -99.000 15.7500 
-95.7536 0.6436 978030.4 0.0 -2.9 -99.000 15.8000 
-95.7536 0.6436 978030.4 0.1 -2.8 -99.000 15.8500 
-95.7536 0.6436 978030.4 -0.0 -3.0 -99.000 15.9000 
-95.7536 0.6436 978030.7 0.1 -2.6 -99.000 15.9500 
-95.7536 0.6436 978030.6 0.0 -2.7 -99.000 16.0000 
-95.7536 0.6436 978030.8 -0.1 -2.6 -99.000 16.0500 
-95.7536 0.6436 978030.7 -0.0 -2.7 -99.000 16.1000 
-95.7536 0.6436 978030.5 -0.0 -2.8 -99.000 16.1500 
-95.7536 0.6436 978030.7 0.1 -2.6 -99.000 16.2000 
-95.7536 0.6436 978030.4 0.1 -2.9 -99.000 16.2500 
-95.7536 0.6436 978030.3 0.0 -3.0 -99.000 16.3000 
-95.7536 0.6436 978030.6 -0.0 -2.7 -99.000 16.3500 
-95.7536 0.6436 978030.8 -0.0 -2.6 -99.000 16.4000 
-95.7536 0.6436 978030.6 -0.0 -2.8 -99.000 16.4500 
-95.7536 0.6436 978030.7 0.0 -2.6 -99.000 16.5000 
-95.7536 0.6436 978030.8 -0.0 -2.5 -99.000 16.5500 
-95.7536 0.6436 978030.6 -0.0 -2.8 -99.000 16.6000 
-95.7536 0.6436 978030.5 0.1 -2.7 -99.000 16.6500 
-95.7536 0.6436 978030.7 -0.0 -2.7 -99.000 16.7000 
-95.7536 0.6436 978030.3 -0.0 -3.1 -99.000 16.7500 
-95.7536 0.6436 978030.3 0.0 -3.0 -99.000 16.8000 
-95.7536 0.6436 978030.6 -0.0 -2.7 -99.000 16.8500 
-95.7536 0.6436 978030.4 0.0 -2.9 -99.000 16.9000 
-95.7536 0.6436 978030.3 0.1 -2.9 -99.000 16.9500 
-95.7536 0.6436 978030.4 0.0 -2.9 -99.000 17.0000 
-95.7536 0.6436 978030.8 0.1 -2.4 -99.000 17.0500 
-95.7536 0.6436 978030.6 0.1 -2.7 -99.000 17.1000 
-95.7536 0.6436 978030.7 0.1 -2.6 -99.000 17.1500 
-95.7536 0.6436 978030.4 -0.0 -2.9 -99.000 17.2000 
-95.7536 0.6436 978030.8 -0.0 -2.6 -99.000 17.2500 
-95.7536 0.6436 978030.6 -0.1 -2.8 -99.000 17.3000 
-95.7536 0.6436 978030.0 -0.0 -3.3 -99.000 17.3500 
-95.7536 0.6436 978030.1 -0.1 -3.3 -99.000 17.4000 
-95.7536 0.6436 978030.8 -0.0 -2.5 -99.000 17.4500 
-95.7536 0.6436 978030.6 0.0 -2.7 -99.000 17.5000 
-95.7536 0.6436 978030.8 0.0 -2.5 -99.000 17.5500 
-95.7536 0.6436 978030.5 -0.0 -2.8 -99.000 17.6000 
-95.7536 0.6436 978030.5 0.0 -2.8 -99.000 17.6500 
-95.7536 0.6436 978030.7 -0.1 -2.7 -99.000 17.7000 
-95.7536 0.6436 978030.6 -0.0 -2.8 -99.000 17.7500 
-95.7536 0.6436 978030.4 0.0 -2.9 -99.000 17.8000 
-95.7536 0.6436 978030.2 0.0 -3.2 -99.000 17.8500 
-95.7536 0.6436 978030.6 -0.1 -2.8 -99.000 17.9000 
-95.7536 0.6436 978030.7 0.1 -2.5 -99.000 17.9500 
-95.7536 0.6436 978030.4 0.0 -2.9 -99.000 18.0000 
-95.7536 0.6436 978030.6 0.0 -2.7 -99.000 18.0500 
-95.7536 0.6436 978030.7 1.1 -1.5 -99.000 18.1000 
-95.7533 0.6431 978029.7 2.8 -0.9 -99.000 18.1500 
-95.7554 0.6433 978044.3 -7.3 3.7 -99.000 18.2000 
-95.7540 0.6440 978030.4 29.5 26.5 583.346 18.2500 
-95.7501 0.6411 977998.8 48.5 13.9 2987.973 18.3000 
-95.7437 0.6363 977975.5 59.7 1.9 3320.654 18.3500 
-95.7370 0.6315 977969.4 61.0 -2.9 3317.834 18.4000 
-95.7303 0.6266 977968.8 60.8 -3.7 3312.192 18.4500 
-95.7236 0.6218 977969.4 61.2 -2.6 3309.572 18.5000 
-95.7168 0.6170 977970.0 61.7 -1.6 3299.653 18.5500 
-95.7100 0.6122 977970.2 62.7 -0.4 3288.911 18.6000 
-95.7030 0.6076 977969.7 62.8 -0.8 3285.648 18.6500 
-95.6961 0.6030 977969.3 62.6 -1.4 3268.771 18.7000 
-95.6893 0.5985 977969.3 62.0 -1.9 3270.236 18.7500 
-95.6825 0.5939 977970.2 61.2 -1.8 3267.583 18.8000 
-95.6758 0.5892 977971.2 61.6 -0.4 3248.000 18.8500 
-95.6690 0.5845 977970.9 61.6 -0.6 3235.727 18.9000 
-95.6622 0.5798 977971.0 61.7 -0.6 3247.787 18.9500 
-95.6554 0.5750 977970.8 61.4 -1.0 3269.431 19.0000 
-95.6487 0.5703 977971.0 61.3 -0.9 3274.596 19.0500 
-95.6419 0.5656 977971.0 61.6 -0.6 3276.609 19.1000 
-95.6351 0.5609 977970.8 61.6 -0.8 3278.385 19.1500 
-95.6284 0.5561 977970.9 61.2 -1.0 3287.370 19.2000 
-95.6216 0.5514 977970.7 61.0 -1.4 3287.967 19.2500 
-95.6150 0.5467 977971.0 60.9 -1.2 3304.120 19.3000 
-95.6082 0.5420 977971.3 60.9 -0.9 3309.871 19.3500 
-95.6015 0.5374 977971.2 61.1 -0.9 3304.135 19.4000 
-95.5948 0.5327 977971.0 61.0 -1.0 3296.408 19.4500 
-95.5881 0.5279 977971.7 61.6 0.1 3288.102 19.5000 
-95.5811 0.5237 977970.3 71.5 8.7 3279.793 19.5500 
-95.5729 0.5236 977961.5 75.1 3.5 3279.017 19.6000 
-95.5646 0.5235 977957.8 75.3 -0.0 3275.833 19.6500 
-95.5563 0.5234 977957.5 75.2 -0.4 3263.098 19.7000 
-95.5479 0.5233 977957.5 75.5 -0.1 3266.862 19.7500 
-95.5396 0.5232 977957.9 75.1 -0.2 3283.637 19.8000 
-95.5313 0.5231 977957.9 75.0 -0.2 3301.550 19.8500 
-95.5231 0.5232 977957.9 75.0 -0.2 3304.298 19.9000 
-95.5148 0.5233 977957.3 74.4 -1.3 3304.949 19.9500 
-95.5066 0.5234 977958.2 74.3 -0.6 3311.263 20.0000 
-95.4984 0.5237 977958.4 73.9 -0.8 3314.638 20.0500 
-95.4902 0.5235 977958.5 74.2 -0.3 3317.133 20.1000 
-95.4820 0.5232 977957.7 74.8 -0.6 3313.174 20.1500 
-95.4737 0.5229 977957.1 74.6 -1.4 3308.626 20.2000 
-95.4655 0.5228 977957.6 74.9 -0.7 3311.055 20.2500 
-95.4572 0.5227 977957.9 74.5 -0.8 3312.092 20.3000 
-95.4490 0.5226 977958.3 74.3 -0.5 3311.015 20.3500 
-95.4408 0.5224 977958.2 74.5 -0.4 3304.275 20.4000 
-95.4326 0.5224 977957.8 75.2 -0.1 3294.305 20.4500 
-95.4242 0.5225 977956.7 75.5 -0.9 3284.019 20.5000 
-95.4159 0.5226 977956.2 75.4 -1.4 3290.028 20.5500 
-95.4075 0.5226 977956.2 75.9 -1.0 3298.819 20.6000 
-95.3991 0.5224 977956.2 75.9 -1.0 3312.178 20.6500 
-95.3907 0.5222 977955.6 75.9 -1.7 3316.246 20.7000 
-95.3824 0.5220 977955.3 75.3 -2.5 3312.838 20.7500 
-95.3741 0.5218 977955.8 75.1 -2.2 3314.012 20.8000 
-95.3658 0.5216 977955.7 75.1 -2.4 3316.729 20.8500 
-95.3575 0.5214 977954.9 74.4 -3.8 3315.105 20.9000 
-95.3494 0.5212 977956.3 73.9 -2.9 3316.663 20.9500 
-95.3412 0.5212 977956.0 74.2 -2.9 3325.673 21.0000 
-95.3329 0.5211 977955.9 75.0 -2.2 3328.372 21.0500 
-95.3247 0.5210 977955.5 74.6 -3.0 3327.613 21.1000 
-95.3165 0.5209 977955.4 74.4 -3.3 3331.815 21.1500 
-95.3082 0.5207 977956.1 74.4 -2.6 3332.756 21.2000 
-95.3000 0.5205 977955.3 74.6 -3.2 3332.895 21.2500 
-95.2917 0.5203 977955.2 74.7 -3.2 3331.308 21.3000 
-95.2835 0.5200 977955.5 74.4 -3.2 3332.565 21.3500 
-95.2753 0.5198 977955.3 74.4 -3.4 3337.808 21.4000 
-95.2671 0.5197 977955.6 74.8 -2.7 3351.155 21.4500 
-95.2588 0.5195 977955.6 74.8 -2.6 3358.430 21.5000 
-95.2506 0.5193 977955.2 74.7 -3.2 3366.618 21.5500 
-95.2423 0.5193 977955.3 75.3 -2.5 3371.441 21.6000 
-95.2339 0.5193 977955.0 75.5 -2.7 3371.403 21.6500 
-95.2256 0.5193 977955.1 75.1 -2.9 3365.460 21.7000 
-95.2173 0.5192 977954.6 75.1 -3.4 3350.951 21.7500 
-95.2090 0.5191 977955.2 74.8 -3.1 3342.772 21.8000 
-95.2007 0.5188 977955.8 75.5 -1.8 3334.679 21.8500 
-95.1924 0.5186 977955.5 75.8 -1.8 3327.110 21.9000 
-95.1840 0.5184 977955.2 75.8 -2.0 3310.104 21.9500 
-95.1756 0.5182 977955.2 75.9 -2.0 3303.420 22.0000 
-95.1672 0.5182 977955.0 75.7 -2.4 3300.653 22.0500 
-95.1589 0.5181 977956.1 75.4 -1.6 3296.137 22.1000 
-95.1506 0.5180 977956.7 75.2 -1.2 3284.563 22.1500 
-95.1423 0.5178 977956.3 74.8 -2.0 3278.768 22.2000 
-95.1340 0.5177 977957.0 75.2 -0.9 3278.717 22.2500 
-95.1257 0.5176 977956.7 75.4 -1.0 3284.205 22.3000 
-95.1174 0.5175 977957.1 75.2 -0.9 3286.924 22.3500 
-95.1091 0.5175 977956.7 75.0 -1.5 3287.315 22.4000 
-95.1009 0.5174 977957.3 74.4 -1.3 3286.516 22.4500 
-95.0927 0.5173 977957.9 74.8 -0.3 3288.981 22.5000 
-95.0843 0.5170 977957.4 75.5 -0.2 3293.633 22.5500 
-95.0760 0.5168 977957.7 75.0 -0.3 3289.997 22.6000 
-95.0677 0.5167 977957.6 74.8 -0.7 3275.418 22.6500 
-95.0595 0.5166 977958.0 74.4 -0.7 3271.191 22.7000 
-95.0513 0.5167 977958.1 74.1 -0.9 3277.555 22.7500 
-95.0431 0.5167 977958.4 74.0 -0.6 3282.750 22.8000 
-95.0350 0.5166 977958.1 73.6 -1.4 3280.176 22.8500 
-95.0268 0.5166 977958.4 73.6 -1.1 3279.620 22.9000 
-95.0187 0.5165 977959.2 74.0 0.1 3279.867 22.9500 
-95.0105 0.5164 977959.3 74.3 0.5 3280.525 23.0000 
-95.0023 0.5162 977958.3 74.4 -0.3 3282.400 23.0500 
-94.9940 0.5161 977957.8 74.3 -1.0 3282.497 23.1000 
-94.9859 0.5161 977958.0 74.1 -1.0 3279.779 23.1500 
-94.9777 0.5162 977958.9 74.3 0.1 3277.041 23.2000 
-94.9695 0.5161 977958.3 74.1 -0.6 3271.055 23.2500 
-94.9613 0.5161 977958.3 74.2 -0.6 3274.560 23.3000 
-94.9531 0.5160 977958.4 74.2 -0.5 3278.367 23.3500 
-94.9449 0.5159 977957.3 74.3 -1.5 3276.221 23.4000 
-94.9367 0.5157 977957.5 74.0 -1.6 3275.158 23.4500 
-94.9285 0.5157 977958.0 73.6 -1.5 3273.166 23.5000 
-94.9204 0.5156 977957.8 73.5 -1.8 3275.256 23.5500 
-94.9123 0.5156 977958.3 73.8 -0.9 3271.354 23.6000 
-94.9041 0.5156 977958.3 73.5 -1.3 3274.005 23.6500 
-94.8960 0.5156 977958.0 73.7 -1.4 3282.569 23.7000 
-94.8879 0.5156 977957.2 73.9 -1.9 3287.579 23.7500 
-94.8797 0.5156 977956.7 74.1 -2.3 3296.459 23.8000 
-94.8715 0.5156 977957.0 73.7 -2.3 3304.570 23.8500 
-94.8634 0.5153 977956.4 73.6 -3.1 3306.597 23.9000 
-94.8552 0.5151 977956.7 NaN NaN 3307.180 23.9500 
