-83.2209 8.4078 978328.4 NaN NaN -99.000 0.0000 
-83.2217 8.3991 978328.6 -6.9 178.9 -99.000 0.0500 
-83.2225 8.3900 978270.3 -6.8 120.9 -99.000 0.1000 
-83.2233 8.3810 978168.1 -6.4 19.3 -99.000 0.1500 
-83.2241 8.3719 978182.0 -6.1 33.8 -99.000 0.2000 
-83.2249 8.3628 978180.2 -6.7 31.6 -99.000 0.2500 
-83.2257 8.3535 978178.6 -7.5 29.4 -99.000 0.3000 
-83.2266 8.3443 978174.9 -7.3 26.2 -99.000 0.3500 
-83.2275 8.3351 978168.8 -7.0 20.6 -99.000 0.4000 
-83.2283 8.3259 978158.2 -73.7 -56.5 -99.000 0.4500 
-83.2265 8.3176 978133.4 77.8 70.4 -99.000 0.5000 
-83.2187 8.3132 978076.5 68.9 4.9 -99.000 0.5500 
-83.2110 8.3084 978062.5 68.9 -9.1 -99.000 0.6000 
-83.2033 8.3035 978059.6 69.6 -11.2 -99.000 0.6500 
-83.1953 8.2989 978056.4 70.9 -13.0 -99.000 0.7000 
-83.1874 8.2945 978054.9 71.3 -13.9 -99.000 0.7500 
-83.1793 8.2901 978055.2 71.3 -13.5 -99.000 0.8000 
-83.1713 8.2858 978055.4 66.1 -18.5 -93.191 0.8500 
-83.1661 8.2794 978075.9 -17.1 -81.0 674.037 0.9000 
-83.1673 8.2708 978121.2 -14.1 -32.4 1371.671 0.9500 
-83.1697 8.2623 978132.4 -33.1 -40.0 1362.712 1.0000 
-83.1743 8.2549 978149.3 -40.5 -30.3 1345.416 1.0500 
-83.1789 8.2474 978151.2 -40.4 -28.1 1310.988 1.1000 
-83.1835 8.2398 978153.1 -41.1 -26.8 1259.393 1.1500 
-83.1882 8.2323 978155.4 -40.8 -23.9 1238.416 1.2000 
-83.1929 8.2247 978157.5 -40.5 -21.3 1185.940 1.2500 
-83.1975 8.2170 978161.9 -40.8 -17.0 1075.065 1.3000 
-83.2022 8.2094 978167.0 -41.0 -11.9 998.892 1.3500 
-83.2069 8.2018 978169.7 -41.3 -9.3 1063.569 1.4000 
-83.2116 8.1941 978170.4 -40.9 -8.1 1147.574 1.4500 
-83.2162 8.1865 978168.6 -40.0 -8.7 1225.673 1.5000 
-83.2207 8.1789 978165.6 -39.9 -11.5 1356.415 1.5500 
-83.2252 8.1712 978163.8 -39.0 -12.2 1505.423 1.6000 
-83.2296 8.1634 978161.5 -40.0 -15.3 1687.442 1.6500 
-83.2343 8.1559 978161.7 -41.2 -16.1 1789.874 1.7000 
-83.2391 8.1484 978161.6 -41.7 -16.6 1857.012 1.7500 
-83.2438 8.1410 978162.0 -41.9 -16.2 1919.691 1.8000 
-83.2486 8.1339 978162.0 -41.9 -16.0 1930.468 1.8500 
-83.2534 8.1268 978162.9 -42.6 -15.6 1929.054 1.9000 
-83.2583 8.1196 978165.5 -41.5 -11.7 1918.397 1.9500 
-83.2629 8.1123 978165.2 -40.0 -10.3 1892.583 2.0000 
-83.2674 8.1051 978165.3 -39.0 -9.0 1860.073 2.0500 
-83.2718 8.0975 978166.3 -38.9 -7.7 1829.831 2.1000 
-83.2763 8.0900 978168.7 -40.2 -6.5 1804.273 2.1500 
-83.2809 8.0827 978170.4 -40.4 -4.8 1780.806 2.2000 
-83.2855 8.0753 978172.2 -39.6 -1.9 1763.362 2.2500 
-83.2898 8.0684 978171.7 -30.3 7.0 1753.627 2.3000 
-83.2925 8.0637 978161.8 -19.6 8.0 1748.898 2.3500 
-83.2944 8.0605 978153.8 -16.9 2.7 1742.195 2.4000 
-83.2963 8.0574 978153.0 -16.4 2.5 1736.737 2.4500 
-83.2981 8.0545 978152.7 -16.2 2.4 1732.393 2.5000 
-83.2999 8.0516 978153.3 -16.2 3.1 1727.561 2.5500 
-83.3017 8.0488 978153.4 -16.0 3.5 1724.334 2.6000 
-83.3036 8.0460 978153.5 -16.2 3.5 1719.790 2.6500 
-83.3054 8.0431 978154.4 -24.6 -4.0 1715.048 2.7000 
-83.3094 8.0375 978168.5 -38.0 -3.1 1707.043 2.7500 
-83.3138 8.0305 978177.1 -38.7 4.9 1699.171 2.8000 
-83.3182 8.0234 978178.2 -39.2 5.7 1689.067 2.8500 
-83.3227 8.0163 978179.9 -41.8 5.0 1676.637 2.9000 
-83.3280 8.0098 978185.4 -49.4 3.0 1655.224 2.9500 
-83.3338 8.0040 978193.5 -52.5 8.2 1634.954 3.0000 
-83.3399 7.9980 978198.2 -53.1 12.4 1609.699 3.0500 
-83.3459 7.9920 978199.6 -50.8 16.3 1596.806 3.1000 
-83.3511 7.9853 978196.1 -42.7 21.1 1600.709 3.1500 
-83.3559 7.9780 978191.4 -41.7 17.6 1592.485 3.2000 
-83.3607 7.9708 978193.7 -37.2 24.6 1578.407 3.2500 
-83.3641 7.9654 978188.3 -24.8 31.7 1567.704 3.3000 
-83.3664 7.9616 978177.6 -16.7 29.2 1561.248 3.3500 
-83.3680 7.9588 978172.1 -14.9 25.6 1549.271 3.4000 
-83.3698 7.9557 978172.5 -16.6 24.3 1539.983 3.4500 
-83.3718 7.9525 978175.6 -18.1 26.0 1533.734 3.5000 
-83.3738 7.9492 978177.7 -22.5 23.8 1528.354 3.5500 
-83.3772 7.9443 978185.8 -33.4 21.1 1522.801 3.6000 
-83.3812 7.9385 978196.1 -39.4 25.6 1517.567 3.6500 
-83.3862 7.9318 978204.5 -45.1 28.4 1516.384 3.7000 
-83.3914 7.9248 978210.7 -47.2 32.7 1494.568 3.7500 
-83.3969 7.9178 978214.8 -48.0 36.2 1473.016 3.8000 
-83.4024 7.9107 978217.4 -48.2 38.8 1461.151 3.8500 
-83.4079 7.9036 978220.2 -48.3 41.6 1447.428 3.9000 
-83.4133 7.8966 978221.8 -48.1 43.6 1408.989 3.9500 
-83.4188 7.8896 978223.2 -47.6 45.6 1367.448 4.0000 
-83.4242 7.8825 978224.8 -47.9 47.1 1359.013 4.0500 
-83.4297 7.8752 978226.4 -48.3 48.5 1350.129 4.1000 
-83.4352 7.8681 978228.1 -49.0 49.7 1351.127 4.1500 
-83.4408 7.8610 978229.1 -49.2 50.7 1344.755 4.2000 
-83.4464 7.8540 978228.2 -49.2 49.9 1344.905 4.2500 
-83.4521 7.8468 978228.7 -50.4 49.4 1343.662 4.3000 
-83.4579 7.8398 978229.0 -51.1 49.1 1337.509 4.3500 
-83.4637 7.8327 978227.9 -51.0 48.4 1378.723 4.4000 
-83.4695 7.8257 978226.8 -50.7 47.7 1369.277 4.4500 
-83.4752 7.8189 978225.8 -50.5 47.0 1340.534 4.5000 
-83.4810 7.8120 978225.8 -51.2 46.6 1330.414 4.5500 
-83.4869 7.8051 978227.8 -52.0 47.8 1338.295 4.6000 
-83.4928 7.7982 978228.3 -51.9 48.7 1349.749 4.6500 
-83.4987 7.7913 978228.8 -52.2 49.0 1321.041 4.7000 
-83.5046 7.7845 978229.7 -52.2 50.0 1304.280 4.7500 
-83.5106 7.7778 978229.9 -51.9 50.7 1301.805 4.8000 
-83.5164 7.7710 978230.0 -51.6 51.4 1313.893 4.8500 
-83.5223 7.7643 978230.1 -51.4 51.8 1326.749 4.9000 
-83.5281 7.7576 978230.7 -51.7 52.3 1304.083 4.9500 
-83.5340 7.7509 978231.8 -51.5 53.7 1294.580 5.0000 
-83.5398 7.7441 978231.1 -49.6 55.1 1289.995 5.0500 
-83.5453 7.7371 978229.4 -49.0 54.1 1256.604 5.1000 
-83.5509 7.7301 978229.5 -49.4 54.0 1202.432 5.1500 
-83.5566 7.7231 978230.8 -49.4 55.5 1196.657 5.2000 
-83.5621 7.7162 978230.6 -49.0 55.8 1196.434 5.2500 
-83.5677 7.7092 978230.6 -48.7 56.2 1193.097 5.3000 
-83.5732 7.7023 978230.1 -48.0 56.6 1187.296 5.3500 
-83.5786 7.6955 978229.3 -48.2 55.9 1184.348 5.4000 
-83.5841 7.6888 978229.3 -48.0 56.2 1182.332 5.4500 
-83.5896 7.6820 978228.6 -47.7 56.0 1182.443 5.5000 
-83.5950 7.6754 978228.3 -47.3 56.2 1183.666 5.5500 
-83.6003 7.6688 978227.7 -46.1 57.0 1183.918 5.6000 
-83.6054 7.6622 978225.4 -45.7 55.2 1185.103 5.6500 
-83.6107 7.6557 978225.9 -46.8 54.8 1186.768 5.7000 
-83.6161 7.6490 978227.2 -47.9 55.1 1189.167 5.7500 
-83.6216 7.6422 978228.3 -48.4 55.8 1192.431 5.8000 
-83.6271 7.6353 978227.7 -48.0 55.9 1194.833 5.8500 
-83.6325 7.6284 978227.1 -48.2 55.2 1200.879 5.9000 
-83.6380 7.6215 978227.0 -48.6 54.9 1219.600 5.9500 
-83.6435 7.6146 978227.0 -48.3 55.4 1219.409 6.0000 
-83.6490 7.6078 978225.2 -47.7 54.3 1221.514 6.0500 
-83.6544 7.6008 978224.0 -47.2 53.8 1230.043 6.1000 
-83.6597 7.5938 978222.3 -47.1 52.4 1234.975 6.1500 
-83.6651 7.5867 978221.7 -47.6 51.4 1235.240 6.2000 
-83.6706 7.5796 978221.7 -49.1 50.1 1243.775 6.2500 
-83.6762 7.5726 978221.8 -49.4 50.1 1252.599 6.3000 
-83.6818 7.5658 978220.7 -48.6 49.9 1257.641 6.3500 
-83.6873 7.5589 978217.9 -47.7 48.1 1294.741 6.4000 
-83.6927 7.5520 978215.1 -47.8 45.4 1411.248 6.4500 
-83.6981 7.5451 978213.2 -47.7 43.7 1452.823 6.5000 
-83.7035 7.5383 978212.0 -47.6 42.8 1378.981 6.5500 
-83.7089 7.5314 978212.4 -46.6 44.4 1343.053 6.6000 
-83.7142 7.5243 978212.4 -46.3 45.0 1343.439 6.6500 
-83.7194 7.5173 978213.4 -46.4 46.0 1338.818 6.7000 
-83.7247 7.5102 978215.2 -46.7 47.6 1303.118 6.7500 
-83.7300 7.5032 978216.2 -46.2 49.3 1285.616 6.8000 
-83.7352 7.4961 978216.6 -45.9 50.1 1296.809 6.8500 
-83.7404 7.4890 978216.8 -46.2 50.2 1298.243 6.9000 
-83.7457 7.4819 978216.6 -46.8 49.6 1268.489 6.9500 
-83.7511 7.4748 978216.9 -47.5 49.3 1258.310 7.0000 
-83.7565 7.4677 978216.9 -48.0 49.0 1249.703 7.0500 
-83.7620 7.4607 978217.3 -48.3 49.2 1241.011 7.1000 
-83.7675 7.4536 978217.4 -48.4 49.4 1248.519 7.1500 
-83.7730 7.4464 978216.5 -47.3 49.8 1310.391 7.2000 
-83.7783 7.4392 978214.8 -46.6 49.0 1330.089 7.2500 
-83.7835 7.4320 978213.9 -46.5 48.4 1320.220 7.3000 
-83.7889 7.4249 978214.1 -46.8 48.4 1289.990 7.3500 
-83.7942 7.4178 978214.0 -46.7 48.5 1297.750 7.4000 
-83.7994 7.4108 978213.2 -46.2 48.4 1300.118 7.4500 
-83.8047 7.4037 978212.3 -46.4 47.5 1239.875 7.5000 
-83.8100 7.3966 978212.6 -46.3 48.0 1236.943 7.5500 
-83.8152 7.3894 978211.6 -45.9 47.7 1347.693 7.6000 
-83.8204 7.3821 978209.4 -45.9 45.6 1334.663 7.6500 
-83.8256 7.3748 978209.3 -45.4 46.1 1307.826 7.7000 
-83.8307 7.3674 978208.6 -44.8 46.2 1285.271 7.7500 
-83.8358 7.3600 978209.0 -45.0 46.5 1289.436 7.8000 
-83.8409 7.3527 978210.0 -44.9 47.9 1287.742 7.8500 
-83.8460 7.3453 978211.4 -44.2 50.1 1248.930 7.9000 
-83.8510 7.3378 978213.5 -44.2 52.5 1206.285 7.9500 
-83.8561 7.3301 978217.4 -44.8 55.9 1149.416 8.0000 
-83.8611 7.3226 978220.7 -44.6 59.5 1063.358 8.0500 
-83.8662 7.3150 978224.3 -44.8 63.1 893.947 8.1000 
-83.8713 7.3077 978229.2 -46.2 66.8 618.635 8.1500 
-83.8767 7.3005 978234.8 -47.3 71.5 650.869 8.2000 
-83.8820 7.2935 978233.8 -47.1 70.8 909.481 8.2500 
-83.8874 7.2866 978230.2 -46.9 67.6 1074.144 8.3000 
-83.8927 7.2797 978226.8 -45.8 65.4 1113.708 8.3500 
-83.8978 7.2727 978222.4 -44.3 62.7 1140.211 8.4000 
-83.9028 7.2655 978217.8 -44.3 58.2 1213.015 8.4500 
-83.9077 7.2583 978214.4 -43.7 55.6 1258.822 8.5000 
-83.9127 7.2511 978211.0 -43.7 52.3 1290.005 8.5500 
-83.9178 7.2442 978208.6 -45.2 48.6 1308.573 8.6000 
-83.9229 7.2371 978208.0 -45.8 47.6 1352.092 8.6500 
-83.9281 7.2300 978207.0 -46.5 46.0 1367.717 8.7000 
-83.9334 7.2229 978206.6 -46.0 46.3 1344.399 8.7500 
-83.9386 7.2159 978205.4 -46.1 45.1 1255.337 8.8000 
-83.9439 7.2089 978205.8 -46.3 45.5 945.206 8.8500 
-83.9491 7.2018 978204.6 -45.7 45.1 1002.869 8.9000 
-83.9542 7.1946 978198.6 -44.5 40.5 1410.114 8.9500 
-83.9592 7.1874 978190.4 -43.9 32.9 1588.938 9.0000 
-83.9642 7.1802 978184.0 -44.0 26.6 1610.221 9.0500 
-83.9692 7.1729 978179.4 -43.7 22.5 1634.429 9.1000 
-83.9741 7.1655 978174.2 -43.3 17.8 1681.335 9.1500 
-83.9791 7.1580 978170.1 -43.8 13.4 1716.213 9.2000 
-83.9841 7.1504 978167.4 -44.8 9.9 1770.837 9.2500 
-83.9892 7.1430 978165.1 -44.6 8.0 1816.479 9.3000 
-83.9942 7.1356 978161.7 -44.8 4.6 1876.475 9.3500 
-83.9994 7.1284 978160.4 -46.2 2.0 1920.710 9.4000 
-84.0046 7.1214 978159.4 -46.2 1.1 1941.886 9.4500 
-84.0099 7.1142 978159.2 -46.7 0.6 1918.695 9.5000 
-84.0152 7.1070 978159.4 -46.1 1.6 1837.590 9.5500 
-84.0204 7.0998 978159.1 -46.1 1.5 1781.862 9.6000 
-84.0257 7.0926 978160.5 -46.9 2.2 1754.289 9.6500 
-84.0311 7.0854 978161.9 -47.7 3.0 1724.641 9.7000 
-84.0364 7.0783 978163.0 -47.4 4.5 1690.381 9.7500 
-84.0418 7.0713 978163.7 -47.4 5.4 1686.183 9.8000 
-84.0472 7.0643 978164.4 -47.1 6.6 1681.967 9.8500 
-84.0525 7.0573 978164.6 -47.5 6.5 1680.934 9.9000 
-84.0580 7.0504 978167.1 -48.2 8.4 1679.172 9.9500 
-84.0634 7.0434 978168.9 -48.2 10.4 1676.598 10.0000 
-84.0689 7.0364 978170.4 -48.2 12.0 1724.587 10.0500 
-84.0744 7.0294 978172.1 -47.6 14.5 1754.473 10.1000 
-84.0796 7.0223 978173.6 -45.4 18.4 1743.895 10.1500 
-84.0847 7.0150 978173.9 -43.8 20.4 1739.424 10.2000 
-84.0896 7.0076 978176.3 -43.6 23.2 1691.139 10.2500 
-84.0946 7.0002 978180.5 -44.0 27.1 1501.340 10.3000 
-84.0996 6.9927 978185.6 -44.9 31.5 1336.562 10.3500 
-84.1047 6.9853 978191.0 -45.1 36.9 1289.713 10.4000 
-84.1099 6.9779 978196.3 -46.3 41.1 1219.869 10.4500 
-84.1151 6.9706 978202.4 -45.2 48.5 1133.303 10.5000 
-84.1202 6.9633 978206.0 -44.5 53.0 1043.321 10.5500 
-84.1252 6.9559 978210.2 -44.5 57.3 1025.912 10.6000 
-84.1302 6.9486 978212.9 -44.0 60.6 1032.910 10.6500 
-84.1352 6.9412 978213.7 -43.0 62.6 1038.893 10.7000 
-84.1401 6.9341 978214.3 -44.4 61.9 1045.795 10.7500 
-84.1452 6.9272 978216.7 -46.6 62.3 1056.746 10.8000 
-84.1506 6.9203 978218.4 -47.3 63.4 1047.640 10.8500 
-84.1560 6.9135 978218.7 -47.1 64.1 1049.120 10.9000 
-84.1613 6.9066 978218.1 -48.0 62.8 1093.860 10.9500 
-84.1668 6.8998 978218.1 -47.9 63.1 1111.754 11.0000 
-84.1722 6.8928 978216.3 -47.6 61.6 1137.223 11.0500 
-84.1775 6.8859 978215.3 -46.1 62.2 1136.566 11.1000 
-84.1826 6.8788 978212.3 -45.6 59.9 1179.999 11.1500 
-84.1878 6.8718 978211.1 -45.6 58.9 1230.271 11.2000 
-84.1930 6.8649 978209.7 -46.8 56.4 1216.584 11.2500 
-84.1984 6.8579 978209.9 -47.4 56.2 1222.893 11.3000 
-84.2038 6.8509 978209.2 -47.6 55.4 1239.175 11.3500 
-84.2092 6.8441 978208.5 -48.5 54.0 1268.821 11.4000 
-84.2147 6.8371 978208.2 -49.0 53.3 1267.822 11.4500 
-84.2204 6.8303 978208.1 -50.0 52.4 1277.526 11.5000 
-84.2259 6.8232 978207.1 -47.9 53.7 1311.362 11.5500 
-84.2313 6.8159 978203.8 -46.4 52.0 1294.547 11.6000 
-84.2364 6.8086 978201.2 -45.4 50.6 1291.750 11.6500 
-84.2416 6.8012 978200.7 -45.5 50.0 1296.271 11.7000 
-84.2467 6.7937 978200.0 -45.7 49.4 1303.455 11.7500 
-84.2520 6.7861 978200.4 -45.8 49.8 1315.601 11.8000 
-84.2571 6.7784 978199.3 -43.9 50.8 1327.068 11.8500 
-84.2620 6.7708 978196.8 -43.2 49.1 1340.686 11.9000 
-84.2669 6.7631 978196.2 -44.2 47.7 1385.283 11.9500 
-84.2719 6.7554 978195.0 -42.3 48.5 1398.368 12.0000 
-84.2766 6.7478 978191.2 -41.8 45.5 1393.948 12.0500 
-84.2815 6.7402 978192.1 -45.7 42.6 1401.064 12.1000 
-84.2868 6.7329 978194.9 -46.3 44.9 1415.316 12.1500 
-84.2920 6.7257 978193.5 -46.4 43.6 1431.292 12.2000 
-84.2973 6.7186 978192.9 -47.5 42.0 1440.395 12.2500 
-84.3027 6.7115 978192.6 -47.7 41.7 1453.524 12.3000 
-84.3081 6.7044 978191.0 -47.0 40.9 1458.652 12.3500 
-84.3134 6.6972 978189.0 -47.1 39.0 1474.361 12.4000 
-84.3188 6.6900 978188.0 -47.3 38.0 1481.017 12.4500 
-84.3241 6.6828 978186.2 -46.8 36.8 1488.320 12.5000 
-84.3293 6.6757 978184.5 -46.5 35.5 1500.101 12.5500 
-84.3346 6.6687 978183.6 -46.5 34.8 1510.145 12.6000 
-84.3399 6.6616 978182.5 -47.4 33.0 1518.483 12.6500 
-84.3453 6.6545 978182.9 -47.3 33.6 1525.000 12.7000 
-84.3506 6.6475 978181.7 -46.4 33.4 1528.033 12.7500 
-84.3559 6.6403 978179.7 -46.2 31.8 1533.420 12.8000 
-84.3611 6.6332 978178.6 -45.9 31.1 1558.408 12.8500 
-84.3662 6.6261 978177.5 -45.4 30.6 1602.686 12.9000 
-84.3713 6.6188 978176.2 -45.2 29.8 1562.512 12.9500 
-84.3765 6.6115 978175.9 -45.9 28.9 1562.079 13.0000 
-84.3817 6.6043 978176.3 -46.8 28.5 1572.093 13.0500 
-84.3871 6.5971 978176.1 -46.8 28.5 1577.348 13.1000 
-84.3922 6.5897 978175.1 -44.6 29.9 1582.830 13.1500 
-84.3972 6.5822 978172.3 -44.1 27.7 1591.872 13.2000 
-84.4022 6.5747 978171.6 -44.1 27.1 1603.475 13.2500 
-84.4072 6.5671 978171.2 -43.7 27.3 1619.233 13.3000 
-84.4121 6.5597 978170.2 -43.2 26.9 1621.775 13.3500 
-84.4170 6.5522 978169.9 -43.8 26.3 1613.735 13.4000 
-84.4220 6.5448 978169.7 -43.1 26.8 1613.511 13.4500 
-84.4268 6.5372 978169.4 -42.7 27.1 1623.004 13.5000 
-84.4317 6.5297 978168.8 -42.4 26.9 1647.410 13.5500 
-84.4365 6.5221 978168.7 -42.7 26.8 1662.628 13.6000 
-84.4413 6.5145 978169.5 -42.4 28.0 1687.494 13.6500 
-84.4460 6.5069 978169.5 -41.9 28.6 1623.987 13.7000 
-84.4508 6.4994 978170.6 -42.5 29.3 1583.706 13.7500 
-84.4557 6.4917 978172.4 -43.1 30.6 1578.707 13.8000 
-84.4605 6.4843 978173.5 -42.6 32.3 1585.532 13.8500 
-84.4653 6.4769 978172.8 -41.8 32.6 1593.347 13.9000 
-84.4700 6.4695 978171.7 -41.3 32.1 1593.970 13.9500 
-84.4747 6.4621 978171.5 -40.8 32.6 1593.863 14.0000 
-84.4793 6.4547 978171.7 -41.3 32.5 1591.253 14.0500 
-84.4840 6.4473 978172.0 -41.8 32.4 1593.095 14.1000 
-84.4887 6.4400 978172.1 -41.8 32.7 1596.741 14.1500 
-84.4935 6.4327 978171.4 -41.9 32.0 1598.514 14.2000 
-84.4982 6.4254 978172.0 -42.4 32.3 1601.678 14.2500 
-84.5030 6.4182 978172.2 -42.7 32.3 1605.249 14.3000 
-84.5079 6.4109 978171.6 -42.9 31.6 1601.459 14.3500 
-84.5127 6.4036 978171.4 -42.1 32.4 1592.456 14.4000 
-84.5175 6.3963 978170.3 -41.9 31.7 1584.703 14.4500 
-84.5222 6.3889 978169.9 -41.9 31.4 1633.648 14.5000 
-84.5269 6.3816 978168.9 -41.5 31.0 1625.338 14.5500 
-84.5316 6.3743 978168.1 -41.5 30.3 1570.485 14.6000 
-84.5363 6.3670 978169.2 -42.1 30.9 1552.254 14.6500 
-84.5411 6.3598 978170.3 -42.5 31.8 1541.979 14.7000 
-84.5459 6.3525 978171.2 -42.4 32.9 1533.687 14.7500 
-84.5507 6.3452 978171.9 -42.0 34.1 1524.241 14.8000 
-84.5554 6.3380 978172.7 -41.3 35.8 1514.177 14.8500 
-84.5600 6.3307 978173.0 -40.4 37.1 1510.714 14.9000 
-84.5646 6.3233 978173.2 -40.3 37.7 1510.067 14.9500 
-84.5691 6.3160 978173.5 -40.2 38.2 1509.634 15.0000 
-84.5737 6.3087 978174.4 -40.3 39.1 1503.409 15.0500 
-84.5783 6.3014 978175.0 -40.8 39.3 1510.947 15.1000 
-84.5829 6.2941 978175.2 -40.9 39.6 1481.562 15.1500 
-84.5875 6.2867 978174.9 -40.9 39.5 1460.432 15.2000 
-84.5921 6.2793 978174.3 -41.6 38.3 1569.925 15.2500 
-84.5969 6.2719 978174.3 -42.2 37.8 1606.328 15.3000 
-84.6017 6.2645 978174.3 -42.9 37.3 1594.607 15.3500 
-84.6066 6.2570 978174.1 -43.4 36.7 1602.412 15.4000 
-84.6115 6.2495 978174.4 -43.3 37.3 1621.156 15.4500 
-84.6164 6.2421 978173.8 -43.1 37.0 1620.112 15.5000 
-84.6212 6.2347 978173.3 -41.3 38.4 1622.530 15.5500 
-84.6257 6.2270 978171.1 -39.3 38.3 1606.790 15.6000 
-84.6301 6.2194 978168.7 -38.9 36.6 1665.559 15.6500 
-84.6345 6.2118 978168.1 -39.4 35.5 1729.852 15.7000 
-84.6390 6.2044 978167.5 -39.7 34.8 1700.834 15.7500 
-84.6435 6.1969 978166.3 -39.7 33.7 1742.396 15.8000 
-84.6480 6.1895 978166.1 -40.5 32.9 1791.636 15.8500 
-84.6527 6.1821 978166.4 -42.0 31.8 1770.316 15.9000 
-84.6575 6.1748 978167.7 -43.0 32.2 1721.870 15.9500 
-84.6624 6.1676 978168.7 -42.9 33.5 1742.270 16.0000 
-84.6672 6.1603 978168.1 -43.6 32.4 1767.284 16.0500 
-84.6722 6.1531 978168.3 -43.6 32.7 1773.787 16.1000 
-84.6771 6.1459 978167.3 -43.5 32.0 1774.809 16.1500 
-84.6820 6.1389 978167.0 -44.0 31.3 1728.924 16.2000 
-84.6870 6.1318 978167.5 -43.5 32.4 1734.171 16.2500 
-84.6919 6.1247 978166.7 -43.2 32.1 1737.696 16.3000 
-84.6968 6.1176 978166.0 -43.5 31.2 1745.778 16.3500 
-84.7017 6.1105 978165.5 -43.3 31.0 1763.610 16.4000 
-84.7065 6.1033 978164.6 -42.8 30.8 1785.749 16.4500 
-84.7114 6.0962 978163.5 -42.4 30.2 1797.475 16.5000 
-84.7161 6.0894 978162.3 -42.2 29.3 1800.799 16.5500 
-84.7209 6.0827 978162.2 -42.9 28.6 1808.053 16.6000 
-84.7258 6.0759 978162.8 -43.0 29.3 1818.076 16.6500 
-84.7307 6.0692 978162.0 -43.2 28.4 1830.912 16.7000 
-84.7355 6.0625 978161.5 -43.5 27.7 1852.662 16.7500 
-84.7405 6.0558 978161.9 -44.1 27.7 1889.716 16.8000 
-84.7455 6.0492 978161.6 -44.1 27.4 1908.831 16.8500 
-84.7504 6.0426 978160.3 -43.7 26.8 1929.336 16.9000 
-84.7553 6.0359 978159.0 -43.6 25.7 1978.572 16.9500 
-84.7602 6.0292 978157.9 -43.3 25.0 2007.025 17.0000 
-84.7651 6.0225 978156.8 -43.2 24.1 2056.395 17.0500 
-84.7700 6.0158 978155.2 -43.4 22.4 2086.107 17.1000 
-84.7749 6.0091 978154.1 -43.4 21.4 2095.273 17.1500 
-84.7797 6.0024 978151.7 -41.5 21.1 2118.558 17.2000 
-84.7843 5.9954 978148.1 -39.6 19.5 2152.023 17.2500 
-84.7887 5.9882 978145.6 -39.2 17.5 2177.352 17.3000 
-84.7931 5.9811 978144.7 -38.8 17.1 2190.280 17.3500 
-84.7975 5.9739 978143.1 -38.7 15.8 2219.896 17.4000 
-84.8019 5.9667 978142.6 -38.6 15.6 2244.391 17.4500 
-84.8062 5.9596 978142.0 -38.4 15.2 2264.680 17.5000 
-84.8105 5.9525 978141.2 -38.3 14.8 2287.758 17.5500 
-84.8148 5.9453 978140.7 -37.8 14.8 2320.845 17.6000 
-84.8191 5.9381 978139.8 -39.0 12.9 2339.921 17.6500 
-84.8236 5.9311 978141.5 -41.0 12.8 2354.307 17.7000 
-84.8283 5.9244 978142.9 -41.9 13.3 2375.622 17.7500 
-84.8330 5.9177 978143.0 -41.5 14.0 2394.335 17.8000 
-84.8377 5.9110 978142.2 -41.7 13.1 2415.219 17.8500 
-84.8424 5.9043 978141.5 -42.0 12.2 2443.682 17.9000 
-84.8472 5.8975 978142.0 -42.5 12.3 2458.239 17.9500 
-84.8520 5.8907 978142.1 -42.5 12.6 2474.221 18.0000 
-84.8568 5.8840 978140.8 -42.4 11.5 2490.557 18.0500 
-84.8616 5.8773 978140.6 -42.8 11.1 2501.562 18.1000 
-84.8664 5.8705 978140.6 -43.0 11.0 2513.322 18.1500 
-84.8713 5.8639 978140.3 -42.7 11.1 2532.887 18.2000 
-84.8761 5.8572 978139.3 -41.9 11.0 2556.482 18.2500 
-84.8808 5.8504 978138.0 -41.6 10.1 2576.807 18.3000 
-84.8855 5.8437 978136.8 -41.7 8.9 2592.304 18.3500 
-84.8902 5.8369 978136.6 -41.9 8.7 2600.716 18.4000 
-84.8949 5.8300 978136.1 -42.0 8.1 2611.554 18.4500 
-84.8997 5.8233 978136.3 -42.1 8.3 2618.482 18.5000 
-84.9044 5.8165 978135.6 -41.9 8.0 2625.689 18.5500 
-84.9091 5.8097 978135.1 -41.8 7.7 2636.650 18.6000 
-84.9139 5.8030 978137.9 -57.5 -5.1 2338.265 18.6500 
-84.9213 5.8013 978156.2 -69.1 1.7 2574.539 18.7000 
-84.9291 5.7996 978162.2 -69.5 7.3 2643.870 18.7500 
-84.9370 5.7979 978162.1 -69.5 7.2 2646.295 18.8000 
-84.9448 5.7962 978162.0 -69.6 7.0 2647.784 18.8500 
-84.9527 5.7945 978161.4 -69.5 6.6 2640.059 18.9000 
-84.9605 5.7927 978160.6 -69.2 6.1 2635.379 18.9500 
-84.9683 5.7910 978159.9 -68.6 6.1 2632.224 19.0000 
-84.9760 5.7891 978159.6 -68.9 5.5 2630.565 19.0500 
-84.9838 5.7872 978159.3 -68.7 5.5 2630.582 19.1000 
-84.9915 5.7854 978158.4 -69.7 3.5 2628.565 19.1500 
-84.9995 5.7835 978159.4 -69.7 4.5 2623.675 19.2000 
-85.0072 5.7817 978158.4 -68.9 4.5 2619.359 19.2500 
-85.0150 5.7800 978157.9 -69.3 3.6 2614.011 19.3000 
-85.0228 5.7784 978158.2 -69.5 3.7 2602.134 19.3500 
-85.0307 5.7768 978158.7 -69.6 4.0 2589.626 19.4000 
-85.0385 5.7753 978158.9 -69.1 4.9 2573.107 19.4500 
-85.0463 5.7738 978159.0 -69.0 5.0 2560.260 19.5000 
-85.0541 5.7722 978159.0 -68.7 5.3 2553.597 19.5500 
-85.0618 5.7706 978158.7 -68.7 5.1 2541.537 19.6000 
-85.0696 5.7690 978158.7 -69.4 4.5 2529.755 19.6500 
-85.0774 5.7673 978160.1 -69.8 5.4 2514.300 19.7000 
-85.0853 5.7656 978160.9 -69.4 6.7 2479.873 19.7500 
-85.0931 5.7639 978160.5 -68.8 6.9 2446.888 19.8000 
-85.1009 5.7622 978161.6 -69.3 7.5 2406.533 19.8500 
-85.1087 5.7605 978162.3 -69.1 8.5 2368.680 19.9000 
-85.1165 5.7588 978163.5 -68.6 10.3 2333.779 19.9500 
-85.1242 5.7571 978164.6 -68.0 11.9 2322.058 20.0000 
-85.1318 5.7555 978165.2 -67.8 12.7 2334.866 20.0500 
-85.1394 5.7538 978166.1 -67.9 13.6 2289.070 20.1000 
-85.1471 5.7522 978168.0 -67.9 15.6 2145.187 20.1500 
-85.1546 5.7499 978168.1 -60.8 22.8 2108.303 20.2000 
-85.1604 5.7444 978157.7 -48.9 24.4 2127.127 20.2500 
-85.1658 5.7382 978150.3 -48.5 17.5 2119.859 20.3000 
-85.1713 5.7320 978150.9 -49.0 17.7 2060.777 20.3500 
-85.1769 5.7260 978151.9 -50.3 17.5 2041.175 20.4000 
-85.1826 5.7202 978152.5 -50.1 18.4 2023.411 20.4500 
-85.1881 5.7142 978150.8 -48.4 18.5 2066.885 20.5000 
-85.1936 5.7080 978148.7 -48.7 16.3 2229.137 20.5500 
-85.1991 5.7019 978147.8 -49.2 15.0 2281.967 20.6000 
-85.2046 5.6958 978147.1 -49.3 14.2 2292.844 20.6500 
-85.2102 5.6897 978145.8 -49.2 13.1 2304.616 20.7000 
-85.2157 5.6836 978144.5 -49.1 12.1 2320.426 20.7500 
-85.2213 5.6776 978143.9 -49.1 11.6 2315.242 20.8000 
-85.2268 5.6715 978143.3 -49.4 10.8 2299.692 20.8500 
-85.2324 5.6654 978142.1 -49.2 9.9 2325.059 20.9000 
-85.2379 5.6594 978141.0 -49.4 8.7 2347.084 20.9500 
-85.2435 5.6534 978139.5 -49.0 7.7 2371.331 21.0000 
-85.2490 5.6473 978138.2 -49.0 6.5 2386.481 21.0500 
-85.2545 5.6413 978137.3 -49.0 5.7 2391.232 21.1000 
-85.2600 5.6352 978136.3 -48.4 5.4 2391.003 21.1500 
-85.2653 5.6293 978134.4 -33.3 18.8 2383.886 21.2000 
-85.2674 5.6268 978112.9 -13.0 17.6 2392.510 21.2500 
-85.2686 5.6251 978097.7 -13.4 2.0 2401.715 21.3000 
-85.2703 5.6228 978100.8 -16.5 2.1 2402.905 21.3500 
-85.2723 5.6205 978102.9 -17.8 2.9 2398.465 21.4000 
-85.2743 5.6180 978104.0 -19.1 2.8 2395.356 21.4500 
-85.2767 5.6153 978106.8 -32.5 -7.8 2399.726 21.5000 
-85.2817 5.6098 978125.7 -48.3 -4.7 2408.533 21.5500 
-85.2874 5.6038 978135.6 -50.7 3.0 2404.104 21.6000 
-85.2931 5.5977 978137.1 -50.8 4.5 2394.085 21.6500 
-85.2988 5.5915 978137.2 -50.1 5.4 2396.142 21.7000 
-85.3044 5.5854 978137.9 -49.6 6.7 2377.327 21.7500 
-85.3098 5.5791 978137.7 -43.9 12.3 2274.913 21.8000 
-85.3144 5.5722 978133.1 -40.3 11.4 2263.442 21.8500 
-85.3189 5.5652 978133.6 -40.2 12.1 2271.372 21.9000 
-85.3235 5.5583 978136.4 -40.7 14.6 2165.346 21.9500 
-85.3281 5.5515 978139.8 -40.9 17.9 2139.219 22.0000 
-85.3327 5.5446 978144.1 -40.8 22.5 2037.168 22.0500 
-85.3373 5.5377 978148.5 -40.2 27.5 1894.578 22.1000 
-85.3417 5.5307 978152.3 -39.8 31.9 1706.816 22.1500 
-85.3463 5.5237 978155.9 -40.3 35.1 1599.427 22.2000 
-85.3508 5.5166 978159.2 -39.9 38.9 1629.205 22.2500 
-85.3553 5.5096 978160.0 -40.7 39.0 1641.381 22.3000 
-85.3600 5.5025 978162.2 -41.7 40.3 1632.513 22.3500 
-85.3647 5.4955 978163.8 -42.1 41.6 1641.541 22.4000 
-85.3695 5.4885 978164.3 -42.4 42.1 1630.453 22.4500 
-85.3743 5.4814 978165.0 -42.6 42.6 1640.279 22.5000 
-85.3791 5.4743 978165.1 -42.6 42.9 1678.667 22.5500 
-85.3838 5.4671 978164.4 -41.7 43.1 1674.136 22.6000 
-85.3885 5.4600 978163.0 -40.7 42.9 1662.854 22.6500 
-85.3930 5.4528 978162.7 -41.0 42.4 1670.584 22.7000 
-85.3977 5.4458 978163.2 -41.0 43.1 1620.511 22.7500 
-85.4023 5.4388 978162.7 -41.5 42.1 1623.534 22.8000 
-85.4071 5.4316 978164.6 -42.5 43.1 1655.687 22.8500 
-85.4119 5.4245 978165.3 -42.8 43.7 1622.107 22.9000 
-85.4167 5.4173 978166.2 -42.9 44.6 1559.336 22.9500 
-85.4215 5.4101 978166.7 -42.7 45.4 1521.620 23.0000 
-85.4263 5.4029 978167.1 -42.8 45.8 1514.116 23.0500 
-85.4312 5.3956 978167.5 -42.6 46.6 1602.919 23.1000 
-85.4359 5.3884 978166.7 -42.1 46.4 1688.288 23.1500 
-85.4406 5.3811 978166.0 -41.8 46.2 1760.272 23.2000 
-85.4454 5.3736 978166.5 -41.7 46.8 1720.691 23.2500 
-85.4501 5.3661 978168.8 -41.7 49.2 1514.827 23.3000 
-85.4548 5.3588 978172.3 -41.4 53.2 1236.087 23.3500 
-85.4594 5.3514 978176.4 -41.4 57.5 1059.605 23.4000 
-85.4641 5.3440 978178.2 -41.6 59.2 1142.945 23.4500 
-85.4688 5.3366 978177.6 -41.9 58.3 1339.275 23.5000 
-85.4735 5.3292 978174.3 -41.7 55.3 1542.911 23.5500 
-85.4782 5.3216 978170.1 -42.0 51.0 1637.573 23.6000 
-85.4829 5.3140 978165.7 -41.9 46.8 1725.241 23.6500 
-85.4877 5.3065 978162.5 -41.7 44.0 1727.538 23.7000 
-85.4923 5.2990 978160.0 -41.7 41.6 1833.776 23.7500 
-85.4971 5.2915 978159.4 -41.6 41.3 1841.092 23.8000 
-85.5017 5.2841 978159.0 -41.2 41.3 1871.217 23.8500 
-85.5064 5.2767 978159.2 -41.7 41.2 1892.251 23.9000 
-85.5111 5.2693 978159.7 NaN NaN 1777.075 23.9500 
