-91.0511 1.4738 977990.3 NaN NaN 2168.805 0.0000 
-91.0490 1.4740 978014.2 12.1 -9.7 2166.585 0.0500 
-91.0481 1.4748 978033.1 9.5 6.5 2167.008 0.1000 
-91.0463 1.4753 978028.9 34.9 27.7 1519.513 0.1500 
-91.0408 1.4740 978000.6 53.9 18.3 18.358 0.2000 
-91.0346 1.4724 977987.5 55.7 7.1 -99.000 0.2500 
-91.0286 1.4709 977990.2 39.4 -6.5 -99.000 0.3000 
-91.0263 1.4709 978016.2 10.3 -9.6 -99.000 0.3500 
-91.0260 1.4716 978038.4 3.3 5.6 -99.000 0.4000 
-91.0257 1.4720 978041.5 1.5 6.9 -99.000 0.4500 
-91.0256 1.4720 978043.5 -0.1 7.3 -99.000 0.5000 
-91.0257 1.4719 978044.4 -0.1 8.2 -99.000 0.5500 
-91.0257 1.4719 978044.3 -0.2 8.0 -99.000 0.6000 
-91.0257 1.4719 978044.4 -0.2 8.0 -99.000 0.6500 
-91.0257 1.4718 978044.7 -0.2 8.3 -99.000 0.7000 
-91.0258 1.4718 978044.5 -0.0 8.4 -99.000 0.7500 
-91.0258 1.4718 978044.2 0.1 8.1 -99.000 0.8000 
-91.0257 1.4718 978044.0 0.0 8.0 -99.000 0.8500 
-91.0257 1.4718 978044.0 0.0 8.0 -99.000 0.9000 
-91.0258 1.4718 978044.2 -0.1 8.1 -99.000 0.9500 
-91.0258 1.4718 978044.3 -0.2 8.0 -99.000 1.0000 
-91.0258 1.4718 978044.4 -0.0 8.3 -99.000 1.0500 
-91.0258 1.4718 978044.1 0.1 8.1 -99.000 1.1000 
-91.0258 1.4718 978043.7 0.2 7.9 -99.000 1.1500 
-91.0257 1.4719 978043.8 0.3 8.0 -99.000 1.2000 
-91.0256 1.4719 978043.7 0.3 8.0 -99.000 1.2500 
-91.0256 1.4720 978043.9 0.2 8.0 -99.000 1.3000 
-91.0257 1.4721 978044.7 -3.8 4.8 -99.000 1.3500 
-91.0268 1.4723 978051.7 -12.9 2.7 -99.000 1.4000 
-91.0282 1.4735 978056.5 -12.2 8.2 -99.000 1.4500 
-91.0296 1.4748 978055.9 -7.6 12.2 381.919 1.5000 
-91.0294 1.4741 978046.3 18.1 28.2 1953.465 1.5500 
-91.0270 1.4717 978026.0 30.2 20.1 2145.042 1.6000 
-91.0229 1.4676 978013.3 75.3 52.5 2141.096 1.6500 
-91.0068 1.4498 978121.1 44.6 129.7 2108.786 1.8275 
-91.0023 1.4447 978037.1 40.8 41.9 2103.161 1.8775 
-90.9978 1.4394 978005.8 41.0 10.9 2090.666 1.9275 
-90.9932 1.4344 978004.9 42.4 11.3 2078.817 1.9775 
-90.9885 1.4293 978004.1 42.6 10.8 2079.313 2.0275 
-90.9839 1.4241 978004.5 42.4 11.0 2076.422 2.0775 
-90.9792 1.4190 978005.0 42.3 11.5 2057.994 2.1275 
-90.9746 1.4139 978005.6 41.4 11.2 2037.695 2.1775 
-90.9701 1.4086 978006.6 41.1 11.9 1998.127 2.2275 
-90.9656 1.4033 978007.4 41.2 12.8 1982.641 2.2775 
-90.9610 1.3979 978007.4 41.4 13.1 1975.301 2.3275 
-90.9564 1.3926 978007.5 42.5 14.2 1961.600 2.3775 
-90.9517 1.3872 978006.8 43.2 14.3 1961.896 2.4275 
-90.9469 1.3820 978006.2 43.3 13.8 1947.855 2.4775 
-90.9422 1.3768 978006.4 43.8 14.5 1955.249 2.5275 
-90.9373 1.3715 978006.1 43.9 14.5 1938.591 2.5775 
-90.9325 1.3661 978006.3 43.3 14.0 1942.887 2.6275 
-90.9278 1.3607 978006.8 43.3 14.5 1946.596 2.6775 
-90.9230 1.3553 978006.7 43.3 14.4 1943.265 2.7275 
-90.9183 1.3500 978006.9 43.3 14.7 1940.173 2.7775 
-90.9135 1.3446 978007.0 43.4 14.9 1938.401 2.8275 
-90.9087 1.3392 978007.4 43.1 14.9 1930.097 2.8775 
-90.9040 1.3337 978008.1 42.5 15.2 1936.450 2.9275 
-90.8994 1.3283 978009.0 42.0 15.6 1933.965 2.9775 
-90.8948 1.3228 978009.6 41.8 16.0 1914.453 3.0275 
-90.8902 1.3173 978010.0 41.8 16.4 1895.436 3.0775 
-90.8856 1.3119 978010.2 41.8 16.6 1862.050 3.1275 
-90.8810 1.3064 978010.5 41.7 16.8 1835.472 3.1775 
-90.8764 1.3010 978010.6 41.6 16.9 1797.053 3.2275 
-90.8719 1.2955 978010.7 41.8 17.2 1802.675 3.2775 
-90.8672 1.2902 978010.2 42.6 17.5 1805.370 3.3275 
-90.8625 1.2849 978009.3 43.3 17.3 1807.359 3.3775 
-90.8577 1.2797 978008.8 42.9 16.5 1830.723 3.4275 
-90.8531 1.2745 978009.1 42.1 15.9 1828.784 3.4775 
-90.8485 1.2693 978009.4 42.0 16.2 1832.572 3.5275 
-90.8438 1.2640 978009.2 42.5 16.5 1831.407 3.5775 
-90.8391 1.2588 978008.3 43.1 16.2 1812.131 3.6275 
-90.8344 1.2535 978007.4 43.3 15.5 1805.268 3.6775 
-90.8296 1.2483 978006.9 43.1 14.9 1823.822 3.7275 
-90.8249 1.2430 978006.3 43.5 14.7 1825.124 3.7775 
-90.8201 1.2378 978005.7 43.5 14.2 1848.071 3.8275 
-90.8153 1.2326 978004.9 42.9 12.7 1869.305 3.8775 
-90.8107 1.2273 978005.3 41.1 11.3 1837.133 3.9275 
-90.8062 1.2219 978006.2 40.5 11.7 1779.341 3.9775 
-90.8018 1.2165 978005.9 40.1 11.0 1765.006 4.0275 
-90.7974 1.2110 978005.2 39.8 10.0 1776.623 4.0775 
-90.7930 1.2057 978003.9 40.3 9.2 1731.863 4.1275 
-90.7886 1.2003 978001.9 41.2 8.2 1823.757 4.1775 
-90.7840 1.1950 977999.2 42.3 6.6 1877.547 4.2275 
-90.7793 1.1897 977996.4 43.0 4.4 1936.951 4.2775 
-90.7745 1.1844 977993.8 43.3 2.2 2001.513 4.3275 
-90.7698 1.1791 977991.5 43.2 -0.1 2103.261 4.3775 
-90.7650 1.1738 977989.9 43.4 -1.5 2151.726 4.4275 
-90.7602 1.1685 977988.3 43.5 -3.0 2168.189 4.4775 
-90.7554 1.1631 977986.9 43.7 -4.2 2165.296 4.5275 
-90.7506 1.1577 977985.5 43.8 -5.4 2169.270 4.5775 
-90.7458 1.1523 977984.7 43.7 -6.4 2163.506 4.6275 
-90.7411 1.1469 977984.2 42.8 -7.7 2169.342 4.6775 
-90.7364 1.1415 977985.2 43.0 -6.6 2169.771 4.7275 
-90.7316 1.1360 977985.0 43.4 -6.3 2073.445 4.7775 
-90.7269 1.1306 977984.7 43.2 -6.7 2025.350 4.8275 
-90.7221 1.1250 977985.5 42.5 -6.6 2051.478 4.8775 
-90.7175 1.1194 977986.1 42.5 -6.1 2005.535 4.9275 
-90.7128 1.1137 977986.0 42.6 -6.1 1997.662 4.9775 
-90.7081 1.1082 977986.3 42.7 -5.7 2048.233 5.0275 
-90.7035 1.1025 977986.5 43.0 -5.2 1992.241 5.0775 
-90.6987 1.0969 977986.4 43.3 -4.9 1972.500 5.1275 
-90.6939 1.0913 977986.2 43.8 -4.5 2067.430 5.1775 
-90.6891 1.0858 977986.1 43.9 -4.6 2108.160 5.2275 
-90.6843 1.0803 977986.8 43.7 -4.0 2126.599 5.2775 
-90.6795 1.0747 977987.7 43.6 -3.2 2139.795 5.3275 
-90.6747 1.0691 977989.0 43.4 -2.1 2130.202 5.3775 
-90.6699 1.0635 977990.5 43.7 -0.3 2108.697 5.4275 
-90.6651 1.0579 977991.8 43.9 1.2 2094.623 5.4775 
-90.6603 1.0524 977993.7 44.2 3.4 2076.834 5.5275 
-90.6554 1.0469 977995.7 44.1 5.4 2019.368 5.5775 
-90.6506 1.0414 977998.1 44.5 8.2 1977.625 5.6275 
-90.6457 1.0359 978000.6 44.7 11.0 1881.521 5.6775 
-90.6408 1.0304 978003.6 44.6 13.8 1774.877 5.7275 
-90.6359 1.0249 978006.6 44.5 16.7 1721.121 5.7775 
-90.6310 1.0194 978009.3 44.3 19.4 1671.962 5.8275 
-90.6262 1.0138 978012.0 44.0 21.7 1617.773 5.8775 
-90.6214 1.0082 978014.4 43.6 23.8 1597.531 5.9275 
-90.6166 1.0026 978016.3 43.8 25.9 1583.469 5.9775 
-90.6117 0.9970 978016.9 44.8 27.5 1612.526 6.0275 
-90.6067 0.9913 978016.5 45.1 27.3 1585.859 6.0775 
-90.6018 0.9857 978017.1 44.7 27.6 1516.251 6.1275 
-90.5969 0.9801 978017.5 44.8 28.2 1503.068 6.1775 
-90.5920 0.9745 978017.6 44.8 28.3 1523.895 6.2275 
-90.5871 0.9688 978017.9 44.5 28.3 1541.741 6.2775 
-90.5822 0.9631 978018.2 43.9 27.9 1540.164 6.3275 
-90.5774 0.9575 978018.5 43.3 27.8 1527.099 6.3775 
-90.5727 0.9519 978018.7 43.7 28.3 1515.961 6.4275 
-90.5678 0.9463 978017.8 44.2 28.0 1511.078 6.4775 
-90.5630 0.9407 978017.4 43.6 26.9 1549.493 6.5275 
-90.5583 0.9352 978017.4 43.4 26.8 1588.699 6.5775 
-90.5535 0.9297 978017.1 43.7 26.7 1608.483 6.6275 
-90.5487 0.9242 978016.6 43.6 26.2 1589.809 6.6775 
-90.5439 0.9187 978016.1 43.6 25.6 1607.406 6.7275 
-90.5391 0.9131 978015.4 43.7 25.2 1657.318 6.7775 
-90.5343 0.9077 978014.1 43.9 24.1 1676.974 6.8275 
-90.5294 0.9022 978012.6 43.8 22.5 1691.973 6.8775 
-90.5247 0.8967 978011.4 43.4 20.9 1734.049 6.9275 
-90.5199 0.8912 978009.9 43.7 19.6 1783.981 6.9775 
-90.5151 0.8857 978008.0 43.7 17.8 1835.067 7.0275 
-90.5103 0.8802 978006.0 43.6 15.7 1908.537 7.0775 
-90.5055 0.8747 978004.2 43.5 13.8 1943.057 7.1275 
-90.5007 0.8692 978002.8 43.2 12.1 1949.765 7.1775 
-90.4960 0.8637 978001.4 43.1 10.6 1953.574 7.2275 
-90.4913 0.8582 978000.1 43.2 9.5 1970.826 7.2775 
-90.4865 0.8528 977998.9 43.2 8.3 1985.838 7.3275 
-90.4818 0.8473 977997.5 43.3 7.0 1979.063 7.3775 
-90.4770 0.8418 977996.7 43.4 6.3 2010.552 7.4275 
-90.4723 0.8363 977995.6 43.3 5.1 2029.847 7.4775 
-90.4675 0.8307 977995.1 43.2 4.5 2028.193 7.5275 
-90.4628 0.8252 977994.6 43.7 4.6 2011.835 7.5775 
-90.4579 0.8197 977993.5 44.3 4.0 2002.414 7.6275 
-90.4530 0.8142 977992.5 44.5 3.3 1999.943 7.6775 
-90.4481 0.8087 977991.9 45.0 3.1 2020.729 7.7275 
-90.4432 0.8032 977990.5 45.5 2.4 2047.590 7.7775 
-90.4381 0.7976 977989.3 45.7 1.4 2049.615 7.8275 
-90.4331 0.7920 977988.9 45.8 1.0 2045.912 7.8775 
-90.4281 0.7864 977988.3 45.3 -0.0 2047.881 7.9275 
-90.4231 0.7808 977988.4 45.0 -0.3 2029.389 7.9775 
-90.4182 0.7753 977988.6 37.4 -7.6 2034.209 8.0275 
-90.4152 0.7719 978000.3 22.8 -10.6 2066.574 8.0775 
-90.4130 0.7694 978010.6 19.6 -3.4 2079.800 8.1275 
-90.4108 0.7670 978011.3 22.3 0.0 1953.738 8.1775 
-90.4079 0.7637 978006.7 22.5 -4.4 486.373 8.2275 
-90.4061 0.7617 978010.8 12.3 -10.5 -99.000 8.2775 
-90.4051 0.7605 978019.4 6.7 -7.5 -99.000 8.3275 
-90.4046 0.7599 978023.8 4.5 -5.3 -99.000 8.3775 
-90.4044 0.7596 978026.8 0.9 -5.8 -99.000 8.4275 
-90.4044 0.7596 978029.4 0.1 -4.2 -99.000 8.4775 
-90.4044 0.7596 978029.4 0.1 -4.1 -99.000 8.5275 
-90.4044 0.7596 978029.5 0.1 -4.0 -99.000 8.5775 
-90.4044 0.7596 978029.4 0.1 -4.1 -99.000 8.6275 
-90.4044 0.7596 978029.4 0.1 -4.1 -99.000 8.6775 
-90.4044 0.7596 978029.6 0.1 -3.9 -99.000 8.7275 
-90.4044 0.7596 978029.5 0.1 -4.0 -99.000 8.7775 
-90.4044 0.7596 978029.4 0.1 -4.0 -99.000 8.8275 
-90.4044 0.7596 978029.5 0.1 -4.0 -99.000 8.8775 
-90.4044 0.7596 978029.4 0.0 -4.1 -99.000 8.9275 
-90.4044 0.7596 978029.4 0.1 -4.1 -99.000 8.9775 
-90.4044 0.7596 978029.5 0.1 -4.0 -99.000 9.0275 
-90.4044 0.7596 978029.5 0.1 -4.0 -99.000 9.0775 
-90.4044 0.7596 978029.4 0.1 -4.1 -99.000 9.1275 
-90.4044 0.7596 978029.5 0.1 -4.0 -99.000 9.1775 
-90.4044 0.7596 978029.5 0.1 -4.0 -99.000 9.2275 
-90.4044 0.7596 978029.4 0.0 -4.2 -99.000 9.2775 
-90.4044 0.7596 978029.5 0.1 -4.0 -99.000 9.3275 
-90.4044 0.7596 978030.0 -3.5 -7.2 -99.000 9.3775 
-90.4052 0.7590 978034.3 -6.6 -5.9 -99.000 9.4275 
-90.4056 0.7585 978034.6 -5.5 -4.5 -99.000 9.4775 
-90.4060 0.7590 978033.3 -4.8 -5.0 -99.000 9.5275 
-90.4066 0.7600 978033.8 -4.7 -4.5 -99.000 9.5775 
-90.4070 0.7608 978033.9 2.0 2.3 47.222 9.6275 
-90.4061 0.7602 978025.0 20.7 12.1 1569.307 9.6775 
-90.4030 0.7609 978005.4 29.1 0.9 2140.775 9.7275 
-90.4005 0.7642 978003.9 23.9 -5.8 2140.943 9.7775 
-90.3973 0.7686 978002.8 35.6 4.8 2139.753 9.8275 
-90.3932 0.7750 977993.6 36.1 -4.0 2120.407 9.8775 
-90.3892 0.7830 977994.3 38.0 -1.4 2113.394 9.9275 
-90.3850 0.7909 977992.0 38.6 -3.1 2136.607 9.9775 
-90.3807 0.7988 977992.0 39.2 -2.5 2160.674 10.0275 
-90.3764 0.8067 977991.7 39.2 -2.8 2165.766 10.0775 
-90.3722 0.8146 977992.4 38.9 -2.4 2162.409 10.1275 
-90.3680 0.8226 977994.2 37.8 -1.7 2164.219 10.1775 
-90.3639 0.8306 977995.7 37.8 -0.2 2162.704 10.2275 
-90.3597 0.8386 977996.8 47.3 10.3 2161.776 10.2775 
-90.3537 0.8427 977991.9 68.1 26.2 2156.866 10.3275 
-90.3474 0.8388 977979.8 57.9 3.9 2163.076 10.3775 
-90.3410 0.8347 977976.1 58.5 0.9 2167.456 10.4275 
-90.3345 0.8306 977975.4 58.2 -0.2 2169.192 10.4775 
-90.3282 0.8265 977975.4 57.3 -1.1 2169.906 10.5275 
-90.3219 0.8225 977975.5 57.6 -0.6 2167.905 10.5775 
-90.3155 0.8183 977974.5 57.8 -1.5 2167.992 10.6275 
-90.3092 0.8142 977974.2 57.4 -2.1 2168.166 10.6775 
-90.3028 0.8103 977974.1 57.8 -1.8 2169.196 10.7275 
-90.2964 0.8063 977973.4 57.6 -2.7 2169.062 10.7775 
-90.2901 0.8023 977973.6 57.2 -2.8 2170.386 10.8275 
-90.2838 0.7984 977973.8 57.3 -2.6 2170.019 10.8775 
-90.2775 0.7945 977974.0 56.9 -2.8 2173.369 10.9275 
-90.2712 0.7906 977974.7 56.9 -2.0 2167.826 10.9775 
-90.2649 0.7866 977975.7 57.5 -0.5 2152.490 11.0275 
-90.2586 0.7827 977976.6 57.8 0.8 2106.054 11.0775 
-90.2522 0.7787 977979.0 57.8 3.2 2009.107 11.1275 
-90.2458 0.7748 977982.9 58.0 7.2 1824.562 11.1775 
-90.2395 0.7709 977987.1 57.7 11.2 1465.396 11.2275 
-90.2331 0.7669 977991.7 57.5 15.6 1425.389 11.2775 
-90.2268 0.7628 977994.1 57.4 17.9 1547.094 11.3275 
-90.2204 0.7588 977993.4 58.0 17.7 1602.783 11.3775 
-90.2140 0.7548 977990.4 57.8 14.6 1724.831 11.4275 
-90.2077 0.7508 977987.2 57.6 11.3 1895.378 11.4775 
-90.2013 0.7468 977983.7 57.6 7.8 2055.890 11.5275 
-90.1950 0.7428 977980.4 57.2 4.1 2110.881 11.5775 
-90.1887 0.7387 977978.0 57.6 2.1 2129.653 11.6275 
-90.1823 0.7347 977975.9 57.6 0.1 2123.340 11.6775 
-90.1760 0.7307 977974.7 57.5 -1.3 2120.680 11.7275 
-90.1697 0.7267 977974.2 56.9 -2.5 2114.322 11.7775 
-90.1634 0.7226 977974.3 56.8 -2.4 2114.406 11.8275 
-90.1572 0.7185 977974.0 57.2 -2.3 2104.164 11.8775 
-90.1508 0.7144 977973.6 57.4 -2.5 2089.481 11.9275 
-90.1445 0.7104 977973.5 56.8 -3.1 2077.406 11.9775 
-90.1383 0.7063 977974.6 56.7 -2.1 2050.953 12.0275 
-90.1321 0.7022 977975.2 56.3 -2.0 2043.758 12.0775 
-90.1259 0.6981 977976.3 55.4 -1.8 2038.219 12.1275 
-90.1198 0.6940 977977.5 55.1 -0.8 2033.133 12.1775 
-90.1137 0.6899 977977.7 56.0 0.3 2031.841 12.2275 
-90.1075 0.6859 977977.4 56.7 0.7 2019.980 12.2775 
-90.1013 0.6818 977977.1 56.2 -0.1 2038.418 12.3275 
-90.0951 0.6779 977977.5 56.2 0.2 2033.515 12.3775 
-90.0889 0.6740 977977.2 56.3 0.1 2024.486 12.4275 
-90.0827 0.6702 977977.0 55.6 -0.8 2060.154 12.4775 
-90.0766 0.6664 977977.9 54.9 -0.5 2094.482 12.5275 
-90.0706 0.6626 977978.7 55.2 0.5 2085.472 12.5775 
-90.0645 0.6588 977978.6 55.0 0.2 2061.221 12.6275 
-90.0584 0.6550 977978.3 55.2 0.2 2076.052 12.6775 
-90.0523 0.6511 977977.5 56.1 0.3 2090.839 12.7275 
-90.0461 0.6472 977976.1 56.2 -1.0 2079.497 12.7775 
-90.0399 0.6434 977974.9 56.7 -1.7 2074.384 12.8275 
-90.0336 0.6396 977974.3 57.0 -2.0 2082.462 12.8775 
-90.0273 0.6358 977973.5 56.3 -3.6 2136.457 12.9275 
-90.0212 0.6318 977973.6 55.3 -4.4 2153.801 12.9775 
-90.0151 0.6279 977973.5 55.3 -4.6 2155.708 13.0275 
-90.0090 0.6240 977972.5 55.5 -5.3 2072.789 13.0775 
-90.0029 0.6200 977971.5 56.7 -5.1 2139.572 13.1275 
-89.9966 0.6159 977970.1 57.2 -6.1 2177.524 13.1775 
-89.9903 0.6119 977969.5 57.1 -6.7 2181.230 13.2275 
-89.9840 0.6078 977968.8 57.1 -7.4 2187.242 13.2775 
-89.9777 0.6038 977968.6 56.9 -7.7 2193.401 13.3275 
-89.9714 0.5997 977968.3 57.0 -7.9 2198.949 13.3775 
-89.9651 0.5956 977968.0 57.1 -8.1 2201.148 13.4275 
-89.9589 0.5915 977968.3 51.2 -13.7 2200.639 13.4775 
-89.9540 0.5858 977977.8 44.2 -11.2 2200.933 13.5275 
-89.9491 0.5801 977981.0 45.6 -6.6 2198.894 13.5775 
-89.9440 0.5745 977980.1 46.2 -6.8 2134.430 13.6275 
-89.9389 0.5689 977980.3 45.7 -7.2 1971.364 13.6775 
-89.9340 0.5633 977981.3 45.3 -6.6 1947.023 13.7275 
-89.9290 0.5578 977981.1 44.2 -7.9 2101.076 13.7775 
-89.9243 0.5522 977981.7 43.1 -8.3 2203.824 13.8275 
-89.9195 0.5466 977981.5 43.5 -8.2 2208.802 13.8775 
-89.9147 0.5409 977980.6 43.2 -9.3 2210.546 13.9275 
-89.9100 0.5352 977980.6 42.9 -9.6 2212.560 13.9775 
-89.9053 0.5296 977980.5 42.5 -10.0 2211.469 14.0275 
-89.9007 0.5239 977980.6 42.5 -10.0 2206.887 14.0775 
-89.8960 0.5183 977980.6 42.1 -10.4 2207.894 14.1275 
-89.8914 0.5127 977981.0 42.6 -9.5 2206.804 14.1775 
-89.8867 0.5071 977980.9 43.7 -8.4 2188.754 14.2275 
-89.8818 0.5015 977980.4 44.9 -7.8 2151.927 14.2775 
-89.8768 0.4959 977980.7 44.8 -7.6 2138.537 14.3275 
-89.8719 0.4903 977981.5 45.0 -6.6 2142.843 14.3775 
-89.8669 0.4848 977982.1 45.2 -5.8 2158.673 14.4275 
-89.8620 0.4791 977983.8 44.6 -4.7 2126.761 14.4775 
-89.8572 0.4734 977986.4 44.2 -2.4 2131.941 14.5275 
-89.8523 0.4677 977989.5 44.2 0.7 1993.446 14.5775 
-89.8475 0.4620 977993.4 44.3 4.6 1876.281 14.6275 
-89.8426 0.4562 977998.3 44.4 9.7 1688.327 14.6775 
-89.8377 0.4505 978003.7 44.1 14.9 1540.279 14.7275 
-89.8329 0.4448 978009.6 44.7 21.3 1411.610 14.7775 
-89.8279 0.4390 978015.0 45.1 27.1 1310.047 14.8275 
-89.8230 0.4332 978020.5 45.2 32.7 1225.006 14.8775 
-89.8180 0.4274 978025.4 45.5 38.0 1182.009 14.9275 
-89.8130 0.4216 978030.8 45.3 43.1 1109.807 14.9775 
-89.8080 0.4158 978036.8 45.5 49.3 944.884 15.0275 
-89.8031 0.4100 978043.2 45.3 55.5 798.171 15.0775 
-89.7981 0.4042 978049.1 46.0 62.1 739.253 15.1275 
-89.7930 0.3983 978051.5 45.9 64.5 762.798 15.1775 
-89.7880 0.3926 978052.4 45.2 64.7 792.676 15.2275 
-89.7830 0.3868 978050.7 45.7 63.5 853.440 15.2775 
-89.7780 0.3809 978047.6 45.2 59.9 899.089 15.3275 
-89.7730 0.3752 978044.1 45.1 56.3 918.078 15.3775 
-89.7681 0.3694 978039.8 44.8 51.8 939.085 15.4275 
-89.7632 0.3635 978033.2 45.1 45.4 1078.563 15.4775 
-89.7582 0.3578 978023.0 45.1 35.2 1401.705 15.5275 
-89.7533 0.3521 978013.7 44.8 25.6 1579.032 15.5775 
-89.7484 0.3463 978005.4 44.2 16.7 1803.309 15.6275 
-89.7436 0.3406 977999.3 43.4 9.8 1925.327 15.6775 
-89.7389 0.3349 977995.6 42.8 5.6 1994.764 15.7275 
-89.7342 0.3292 977992.2 42.7 2.1 1984.212 15.7775 
-89.7295 0.3237 977989.6 42.9 -0.4 2035.899 15.8275 
-89.7248 0.3180 977987.5 43.6 -1.7 2080.737 15.8775 
-89.7199 0.3123 977985.7 44.0 -3.1 2080.610 15.9275 
-89.7151 0.3066 977984.6 44.6 -3.7 2080.044 15.9775 
-89.7101 0.3010 977983.0 45.2 -4.6 2081.099 16.0275 
-89.7052 0.2954 977982.1 44.7 -6.0 2085.968 16.0775 
-89.7003 0.2899 977981.7 44.4 -6.7 2087.465 16.1275 
-89.6955 0.2844 977982.0 43.0 -7.8 2089.334 16.1775 
-89.6908 0.2789 977982.3 42.7 -7.8 2089.586 16.2275 
-89.6861 0.2733 977982.1 42.8 -8.0 2095.866 16.2775 
-89.6814 0.2677 977981.3 42.1 -9.3 2101.704 16.3275 
-89.6768 0.2622 977980.8 42.2 -9.8 2106.894 16.3775 
-89.6722 0.2566 977979.5 42.8 -10.5 2112.499 16.4275 
-89.6675 0.2510 977977.5 43.0 -12.2 2148.437 16.4775 
-89.6627 0.2454 977976.3 44.0 -12.5 2184.692 16.5275 
-89.6578 0.2397 977974.5 44.4 -13.9 2193.996 16.5775 
-89.6530 0.2342 977973.0 44.4 -15.4 2205.136 16.6275 
-89.6481 0.2287 977971.9 44.8 -16.1 2209.226 16.6775 
-89.6431 0.2233 977971.2 44.7 -16.9 2210.595 16.7275 
-89.6383 0.2177 977970.9 44.2 -17.7 2209.330 16.7775 
-89.6334 0.2121 977970.7 43.9 -18.2 2214.625 16.8275 
-89.6287 0.2065 977970.9 39.3 -22.6 2216.143 16.8775 
-89.6251 0.2024 977980.3 21.4 -31.0 2215.757 16.9275 
-89.6235 0.2003 977997.2 16.2 -19.3 2217.445 16.9775 
-89.6215 0.1980 977997.5 18.1 -17.2 2181.005 17.0275 
-89.6195 0.1956 977996.1 16.8 -19.9 851.443 17.0775 
-89.6179 0.1936 977997.6 22.3 -12.8 -99.000 17.1275 
-89.6145 0.1893 977987.8 34.2 -10.7 -99.000 17.1775 
-89.6104 0.1839 977977.2 40.9 -14.6 -99.000 17.2275 
-89.6058 0.1798 977971.8 32.9 -28.1 -99.000 17.2775 
-89.6036 0.1779 977988.3 11.6 -32.8 -99.000 17.3275 
-89.6035 0.1779 978009.6 0.1 -23.1 -99.000 17.3775 
-89.6035 0.1778 978013.3 0.1 -19.3 -99.000 17.4275 
-89.6035 0.1778 978013.2 0.1 -19.4 -99.000 17.4775 
-89.6035 0.1778 978013.3 0.1 -19.4 -99.000 17.5275 
-89.6034 0.1778 978013.3 0.0 -19.4 -99.000 17.5775 
-89.6034 0.1778 978013.0 0.0 -19.7 -99.000 17.6275 
-89.6035 0.1778 978013.2 0.0 -19.5 -99.000 17.6775 
-89.6035 0.1778 978013.3 0.0 -19.4 -99.000 17.7275 
-89.6034 0.1778 978013.3 0.1 -19.4 -99.000 17.7775 
-89.6034 0.1778 978013.4 0.0 -19.3 -99.000 17.8275 
-89.6034 0.1778 978013.3 -0.1 -19.5 -99.000 17.8775 
-89.6034 0.1778 978013.4 0.0 -19.3 -99.000 17.9275 
-89.6034 0.1778 978013.1 0.1 -19.5 -99.000 17.9775 
-89.6035 0.1778 978013.1 0.1 -19.5 -99.000 18.0275 
-89.6034 0.1778 978013.2 0.1 -19.4 -99.000 18.0775 
-89.6034 0.1778 978013.0 0.0 -19.7 -99.000 18.1275 
-89.6034 0.1778 978013.0 0.0 -19.7 -99.000 18.1775 
-89.6034 0.1778 978013.3 0.0 -19.4 -99.000 18.2275 
-89.6034 0.1778 978013.2 0.0 -19.6 -99.000 18.2775 
-89.6034 0.1778 978013.2 0.0 -19.5 -99.000 18.3275 
-89.6034 0.1778 978013.3 0.0 -19.4 -99.000 18.3775 
-89.6034 0.1778 978013.2 -0.0 -19.6 -99.000 18.4275 
-89.6035 0.1778 978013.4 0.0 -19.3 -99.000 18.4775 
-89.6034 0.1778 978013.0 -0.0 -19.7 -99.000 18.5275 
-89.6035 0.1779 978013.9 -2.7 -21.6 -99.000 18.5775 
-89.6042 0.1784 978017.7 -7.4 -22.4 -99.000 18.6275 
-89.6050 0.1792 978020.7 -0.1 -12.1 -99.000 18.6775 
-89.6050 0.1792 978015.1 -0.8 -18.4 -99.000 18.7275 
-89.6057 0.1797 978018.4 -7.6 -21.9 -99.000 18.7775 
-89.6067 0.1799 978021.7 -11.3 -22.3 -99.000 18.8275 
-89.6081 0.1792 978024.4 -13.7 -22.0 21.340 18.8775 
-89.6079 0.1792 978015.1 10.1 -7.5 1556.370 18.9275 
-89.6060 0.1832 977998.7 28.2 -5.8 2216.791 18.9775 
-89.6019 0.1900 977980.6 33.6 -18.5 2216.485 19.0275 
-89.5992 0.1985 977986.9 16.6 -29.2 2216.305 19.0775 
-89.5981 0.2076 978002.5 10.4 -19.8 2212.690 19.1275 
-89.5969 0.2168 978005.7 11.8 -15.3 2214.328 19.1775 
-89.5956 0.2260 978005.3 11.8 -15.6 2222.268 19.2275 
-89.5944 0.2352 978006.3 11.7 -14.8 2223.347 19.2775 
-89.5932 0.2444 978006.8 11.5 -14.4 2223.521 19.3275 
-89.5920 0.2536 978007.4 11.4 -13.9 2217.646 19.3775 
-89.5908 0.2628 978008.3 11.2 -13.3 2219.301 19.4275 
-89.5896 0.2720 978009.2 10.8 -12.9 2218.792 19.4775 
-89.5885 0.2812 978010.2 10.6 -12.0 2223.744 19.5275 
-89.5874 0.2904 978010.8 11.0 -11.0 2221.893 19.5775 
-89.5862 0.2996 978011.0 11.2 -10.6 2225.472 19.6275 
-89.5851 0.3089 978012.3 11.1 -9.4 2231.775 19.6775 
-89.5839 0.3182 978014.0 9.9 -8.9 2169.247 19.7275 
-89.5829 0.3274 978017.0 21.2 5.3 2136.463 19.7775 
-89.5789 0.3348 978000.2 48.4 15.7 2141.796 19.8275 
-89.5732 0.3412 977978.0 52.1 -2.8 2148.044 19.8775 
-89.5674 0.3476 977977.0 52.6 -3.3 2156.680 19.9275 
-89.5617 0.3542 977977.2 52.6 -3.0 2163.194 19.9775 
-89.5559 0.3607 977977.7 52.9 -2.3 2166.765 20.0275 
-89.5500 0.3672 977977.8 53.7 -1.3 2172.678 20.0775 
-89.5441 0.3736 977977.5 53.7 -1.7 2189.791 20.1275 
-89.5382 0.3801 977977.8 53.7 -1.5 2203.461 20.1775 
-89.5324 0.3865 977977.9 53.6 -1.4 2204.213 20.2275 
-89.5265 0.3930 977978.0 53.4 -1.5 2211.777 20.2775 
-89.5207 0.3996 977978.3 53.0 -1.6 2219.312 20.3275 
-89.5148 0.4061 977978.0 54.3 -0.6 2212.953 20.3775 
-89.5088 0.4126 977977.3 53.8 -1.9 2200.982 20.4275 
-89.5029 0.4191 977978.2 53.8 -0.9 2201.386 20.4775 
-89.4971 0.4256 977978.8 53.2 -1.0 2209.260 20.5275 
-89.4912 0.4320 977978.6 53.6 -0.7 2235.594 20.5775 
-89.4853 0.4385 977978.0 54.3 -0.6 2246.166 20.6275 
-89.4793 0.4450 977977.4 53.6 -2.1 2255.072 20.6775 
-89.4736 0.4515 977978.8 52.6 -1.6 2261.698 20.7275 
-89.4678 0.4579 977979.2 52.3 -1.5 2266.086 20.7775 
-89.4621 0.4644 977979.8 51.1 -2.1 2277.370 20.8275 
-89.4566 0.4709 977980.7 50.4 -1.9 2278.498 20.8775 
-89.4511 0.4774 977981.2 50.0 -1.8 2274.842 20.9275 
-89.4456 0.4839 977981.0 50.6 -1.5 2289.630 20.9775 
-89.4400 0.4903 977980.0 51.4 -1.6 2300.530 21.0275 
-89.4343 0.4966 977979.0 52.0 -2.0 2309.731 21.0775 
-89.4285 0.5030 977979.0 52.5 -1.6 2314.573 21.1275 
-89.4228 0.5094 977978.5 53.0 -1.6 2315.297 21.1775 
-89.4169 0.5156 977978.4 52.8 -1.8 2296.091 21.2275 
-89.4112 0.5219 977978.8 53.0 -1.2 2270.071 21.2775 
-89.4053 0.5282 977978.4 52.9 -1.9 2266.157 21.3275 
-89.3996 0.5345 977978.7 58.3 3.8 2277.383 21.3775 
-89.3927 0.5374 977973.8 67.1 7.7 2274.328 21.4275 
-89.3856 0.5359 977965.6 65.8 -1.8 2311.532 21.4775 
-89.3782 0.5345 977963.3 67.4 -2.4 2331.055 21.5275 
-89.3708 0.5332 977962.5 67.2 -3.4 2320.123 21.5775 
-89.3634 0.5317 977962.9 66.6 -3.6 2312.940 21.6275 
-89.3560 0.5303 977963.4 66.0 -3.8 2324.060 21.6775 
-89.3488 0.5288 977963.4 66.0 -3.7 2348.745 21.7275 
-89.3415 0.5273 977962.8 66.0 -4.3 2365.546 21.7775 
-89.3342 0.5258 977962.6 66.2 -4.3 2371.568 21.8275 
-89.3268 0.5243 977962.2 63.3 -7.6 2372.089 21.8775 
-89.3207 0.5231 977971.2 35.2 -26.7 2371.890 21.9275 
-89.3188 0.5229 978004.3 13.7 -15.0 2373.629 21.9775 
-89.3175 0.5230 978016.4 16.1 -0.6 2363.881 22.0275 
-89.3148 0.5226 978007.9 41.1 15.9 1074.444 22.0775 
-89.3087 0.5207 977979.7 58.7 5.3 -99.000 22.1275 
-89.3020 0.5187 977967.6 61.5 -4.0 -99.000 22.1775 
-89.2951 0.5171 977966.6 52.2 -14.3 -99.000 22.2275 
-89.2916 0.5169 977989.3 11.3 -32.5 -99.000 22.2775 
-89.2916 0.5179 978024.2 0.4 -8.4 -99.000 22.3275 
-89.2916 0.5182 978029.4 1.1 -2.6 -99.000 22.3775 
-89.2916 0.5183 978027.8 0.1 -5.2 -99.000 22.4275 
-89.2916 0.5183 978028.3 0.1 -4.7 -99.000 22.4775 
-89.2916 0.5183 978028.3 0.1 -4.7 -99.000 22.5275 
-89.2915 0.5183 978028.3 0.1 -4.6 -99.000 22.5775 
-89.2915 0.5183 978028.3 0.1 -4.7 -99.000 22.6275 
-89.2915 0.5183 978028.3 0.0 -4.8 -99.000 22.6775 
-89.2915 0.5183 978028.7 -0.3 -4.7 -99.000 22.7275 
-89.2916 0.5183 978029.0 -0.3 -4.4 -99.000 22.7775 
-89.2916 0.5182 978028.9 -0.3 -4.5 -99.000 22.8275 
-89.2917 0.5182 978028.9 -0.0 -4.2 -99.000 22.8775 
-89.2916 0.5182 978028.5 0.1 -4.5 -99.000 22.9275 
-89.2916 0.5182 978028.6 0.0 -4.5 -99.000 22.9775 
-89.2917 0.5182 978028.9 -0.4 -4.6 -99.000 23.0275 
-89.2918 0.5181 978029.3 -0.2 -4.1 -99.000 23.0775 
-89.2918 0.5180 978029.1 -0.1 -4.1 -99.000 23.1275 
-89.2918 0.5180 978028.6 -0.0 -4.5 -99.000 23.1775 
-89.2918 0.5180 978028.5 0.0 -4.6 -99.000 23.2275 
-89.2918 0.5180 978028.4 0.1 -4.6 -99.000 23.2775 
-89.2917 0.5181 978028.3 0.2 -4.6 -99.000 23.3275 
-89.2917 0.5181 978028.5 0.5 -4.1 -99.000 23.3775 
-89.2915 0.5180 978027.6 6.6 1.1 -99.000 23.4275 
-89.2912 0.5178 978026.2 -2.0 -8.9 -99.000 23.4775 
-89.2922 0.5184 978036.4 -8.1 -4.8 474.106 23.5275 
-89.2930 0.5194 978035.8 -2.2 0.6 1942.754 23.5775 
-89.2928 0.5208 978029.6 -5.7 -9.2 1680.639 23.6275 
-89.2952 0.5231 978045.2 -36.8 -24.8 2374.839 23.6775 
-89.3007 0.5289 978074.0 -56.0 -15.1 2374.446 23.7275 
-89.3076 0.5359 978088.9 -61.9 -6.2 2377.153 23.7775 
-89.3145 0.5432 978091.2 -61.4 -3.4 2369.476 23.8275 
-89.3213 0.5505 978091.0 -61.1 -3.2 2360.004 23.8775 
-89.3281 0.5578 978091.2 -61.3 -3.2 2357.712 23.9275 
-89.3350 0.5651 978092.2 NaN NaN 1976.818 23.9775 
