-92.0417	0.266	977959	NaN	NaN	3031.38	0	-13.7916579846
-92.0351	0.2683	977958.6	61.3	-12.9	3033.758	0.05	-14.1465573482
-92.0283	0.2707	977958	61.3	-13.5	3016.216	0.1	-14.8405213665
-92.0215	0.273	977957.1	61.4	-14.3	3005.095	0.15	-15.9411291559
-92.0148	0.2753	977956.1	61.2	-15.5	3013.207	0.2	-17.437176573
-92.008	0.2777	977955.1	61.4	-16.3	3007.145	0.25	-19.152477589
-92.0012	0.28	977953.6	61.2	-18	2989.795	0.3	-21.0636324512
-91.9945	0.2823	977953.1	60.9	-18.8	2982.614	0.35	-23.0176941868
-91.9878	0.2847	977951.7	61	-20	2987.819	0.4	-24.7398502185
-91.981	0.287	977950.9	61	-20.9	2981.445	0.45	-26.2845005622
-91.9743	0.2893	977950	60.6	-22.2	2971.612	0.5	-27.5177823296
-91.9677	0.2917	977949.8	60.3	-22.7	2964.797	0.55	-28.4479795071
-91.961	0.2941	977949	60.4	-23.4	2979.071	0.6	-29.1241289867
-91.9543	0.2965	977948.6	60.3	-24	2983.815	0.65	-29.5164408742
-91.9477	0.2988	977948	60	-24.8	2988.223	0.7	-29.6611724447
-91.9411	0.301	977948.4	60.1	-24.3	2993.092	0.75	-29.7355331741
-91.9344	0.3031	977947.6	60.1	-25.1	2995.126	0.8	-29.7774086274
-91.9278	0.3053	977947.2	60.5	-25.1	3003.783	0.85	-29.7550239203
-91.9211	0.3075	977946.9	60.7	-25.2	3013.624	0.9	-29.660017939
-91.9144	0.3096	977946.8	60.5	-25.6	3017.506	0.95	-29.4610010319
-91.9077	0.3118	977947.2	60.7	-25	3015.771	1	-29.1193066616
-91.901	0.3139	977946.8	60.9	-25.2	3017.556	1.05	-28.6186405859
-91.8942	0.3161	977946.5	60.8	-25.6	3017.799	1.1	-27.9716759692
-91.8876	0.3183	977947	60.8	-25	3013.582	1.15	-27.2704030603
-91.8808	0.3205	977947.3	60.9	-24.7	3015.893	1.2	-26.4838832112
-91.8741	0.3228	977947.9	60.6	-24.3	3020.298	1.25	-25.7546668143
-91.8674	0.3251	977948.5	60.6	-23.8	3003.199	1.3	-25.1542943758
-91.8607	0.3275	977949	60.6	-23.3	2991.755	1.35	-24.6536238159
-91.8541	0.3298	977949.7	60.5	-22.6	2989.781	1.4	-24.2791093905
-91.8474	0.3322	977949.9	60.7	-22.3	3011.277	1.45	-23.9814359568
-91.8406	0.3346	977950	60.9	-22	3000.498	1.5	-23.7121184438
-91.8339	0.337	977950.9	60.8	-21.2	2982.071	1.55	-23.5358861661
-91.8272	0.3394	977951.4	60.6	-20.9	2982.38	1.6	-23.3477966248
-91.8206	0.3417	977951.9	60.2	-20.8	2964.161	1.65	-22.9818977062
-91.814	0.3442	977953.3	59.6	-20	2948.768	1.7	-22.4409443466
-91.8074	0.3467	977954.5	59.3	-19.1	2939.441	1.75	-21.815215016
-91.8009	0.3489	977955	59	-18.9	2934.083	1.8	-21.1529547957
-91.7944	0.3511	977957.9	43.3	-31.6	2938.688	1.85	-20.4193058285
-91.7916	0.3526	977981.7	21.5	-29.7	2942.719	1.9	-20.0128242187
-91.7892	0.3534	977994.5	23.6	-14.8	2944.338	1.95	-19.7398800693
-91.7865	0.3542	977990.9	31.4	-10.6	2943.399	2	-19.4495092117
-91.7818	0.3559	977979.8	51.6	-1.5	2927.655	2.05	-18.8883085737
-91.7755	0.3584	977962.5	56.9	-13.5	1897.412	2.1	-18.0574048791
-91.7693	0.3614	977961.2	55.8	-15.9	1736.88	2.15	-17.1464953081
-91.7635	0.3644	977966.2	39.5	-27.2	268.949	2.2	-16.2591269523
-91.7611	0.3652	977992.3	4.2	-36.4	-99	2.25	-15.9155704535
-91.7614	0.3651	978018.1	-2.8	-17.5	-99	2.3	-15.9599587378
-91.7615	0.365	978020.6	-0.4	-12.7	-99	2.35	-15.9822472344
-91.7615	0.365	978018.9	0	-14	-99	2.4	-15.9822472344
-91.7615	0.365	978018.5	-0.1	-14.4	-99	2.45	-15.9822472344
-91.7615	0.365	978018.6	-0	-14.4	-99	2.5	-15.9822472344
-91.7615	0.365	978018.9	-0.1	-14	-99	2.55	-15.9822472344
-91.7615	0.365	978018.9	-0	-14	-99	2.6	-15.9822472344
-91.7615	0.365	978018.9	-0.1	-14	-99	2.65	-15.9822472344
-91.7615	0.365	978019	-0.1	-14	-99	2.7	-15.9822472344
-91.7615	0.365	978019	-0.1	-13.9	-99	2.75	-15.9822472344
-91.7615	0.365	978018.7	-0.2	-14.3	-99	2.8	-15.9822472344
-91.7615	0.365	978018.7	-0.1	-14.3	-99	2.85	-15.9822472344
-91.7615	0.365	978019.1	-0.1	-13.9	-99	2.9	-15.9822472344
-91.7615	0.365	978018.8	-0	-14.1	-99	2.95	-15.9822472344
-91.7615	0.365	978018.9	0.3	-13.7	-99	3	-15.9822472344
-91.7609	0.3651	978015	8.4	-9.4	-99	3.05	-15.9046061733
-91.7601	0.3661	978012.9	-4.7	-24.7	-99	3.1	-15.7011659517
-91.7616	0.3667	978029.5	-16	-19.4	-99	3.15	-15.8033601508
-91.7635	0.3668	978036.5	-14.5	-10.9	-99	3.2	-15.988620745
-91.7648	0.3675	978032.4	-8.8	-9.3	-99	3.25	-16.037981293
-91.7651	0.3682	978024.2	9.3	0.7	-99	3.3	-15.9914396446
-91.7644	0.3706	978015.9	-8.6	-25.6	-99	3.35	-15.6797195676
-91.7665	0.3745	978035.9	-14.3	-11.3	353.299	3.4	-15.5047140603
-91.7671	0.3825	978031.1	-20.5	-22.3	2457.504	3.45	-14.9330086696
-91.7714	0.3915	978052.1	-39.2	-20.1	2828.698	3.5	-14.8477244322
-91.7757	0.4007	978060.6	-38.8	-11.2	2826.053	3.55	-14.9071585818
-91.7801	0.4099	978060.8	-38.7	-10.9	2837.355	3.6	-15.0133435299
-91.7844	0.419	978060.9	-38.5	-10.6	2834.348	3.65	-15.0023277805
-91.7887	0.4282	978060.8	-39.2	-11.3	2815.205	3.7	-14.7472018389
-91.7932	0.4374	978061.3	-39.4	-11.1	2814.596	3.75	-14.2277774443
-91.7976	0.4466	978061.4	-39.6	-11.1	2833.095	3.8	-13.5717624019
-91.802	0.4557	978061.4	-39.3	-10.9	2837.002	3.85	-12.9447364283
-91.8064	0.4649	978060.6	-39.3	-11.7	2853.842	3.9	-12.5179326459
-91.8109	0.4741	978060.6	-40	-12.4	2850.743	3.95	-12.3500886649
-91.8154	0.4833	978061.4	-40.1	-11.8	2822.116	4	-12.4151540816
-91.8199	0.4924	978061.9	-40.5	-11.7	2824.902	4.05	-12.5827838785
-91.8244	0.5015	978062.8	-41.1	-11.4	2799.834	4.1	-12.4671253795
-91.829	0.5105	978064.3	-40.9	-9.7	2779.807	4.15	-11.9667126915
-91.8336	0.5196	978065	-40.7	-8.9	2749.706	4.2	-11.0343855314
-91.8382	0.5288	978065.7	-40.6	-8	2709.71	4.25	-9.89286783889
-91.8427	0.5379	978066.7	-40.9	-7.3	2707.747	4.3	-8.78428907794
-91.8473	0.547	978067.9	-40.9	-6.1	2709.644	4.35	-7.889794747
-91.8519	0.556	978068.7	-40.7	-5.2	2668.447	4.4	-7.27422784971
-91.8564	0.5649	978069.3	-40.5	-4.4	2663.638	4.45	-6.82167231153
-91.861	0.574	978069.9	-40.5	-3.8	2673.415	4.5	-6.36008838945
-91.8655	0.5829	978070.4	-40.4	-3.2	2620.492	4.55	-5.97348296782
-91.87	0.592	978070.8	-39.3	-1.8	2590.297	4.6	-5.59905818657
-91.8744	0.6011	978070.2	-39	-2.1	2576.75	4.65	-5.11148435152
-91.8787	0.6102	978070.3	-38.7	-1.6	2602.638	4.7	-4.65243027778
-91.8831	0.6194	978070.8	-38.6	-1	2625.782	4.75	-4.26251251351
-91.8874	0.6285	978071.3	-39.7	-1.6	2659.759	4.8	-3.68177176011
-91.8919	0.6377	978072.5	-40.4	-1.2	2652.843	4.85	-2.87211053824
-91.8965	0.6468	978073.1	-40.6	-0.9	2638.352	4.9	-2.10423860016
-91.901	0.656	978073.6	-40.5	-0.3	2625.891	4.95	-1.37673665917
-91.9056	0.6652	978073.8	-40.5	-0	2630.058	5	-0.787425192105
-91.9101	0.6743	978074.4	-40.7	0.3	2601.839	5.05	-0.223051916424
-91.9147	0.6835	978074.7	-41	0.2	2582.105	5.1	0.250139134353
-91.9193	0.6928	978075.6	-41.4	0.7	2564.219	5.15	0.859713002163
-91.924	0.702	978076.4	-41.4	1.5	2591.609	5.2	1.81427007579
-91.9286	0.7114	978077.2	-41.1	2.6	2590.243	5.25	3.12291990453
-91.9332	0.7207	978078.2	-41.3	3.4	2561.441	5.3	4.56979580477
-91.9378	0.73	978080.3	-41.1	5.6	2553.279	5.35	5.907136207
-91.9424	0.7393	978081.9	-41	7.4	2514.99	5.4	7.12585457994
-91.947	0.7485	978083.4	-41	8.9	2452.441	5.45	8.02634110501
-91.9516	0.7577	978083.8	-40.3	9.9	2464.645	5.5	8.5464100373
-91.9561	0.7669	978083.2	-40	9.6	2459.15	5.55	8.85305264316
-91.9606	0.7761	978083	-39.6	9.7	2460.255	5.6	8.92564262355
-91.965	0.7854	978081.7	-39.6	8.5	2454.969	5.65	8.42551394708
-91.9694	0.7945	978081.2	-39.9	7.7	2409.424	5.7	7.53836637838
-91.9739	0.8037	978081.1	-40.1	7.3	2427.181	5.75	6.29015050108
-91.9784	0.8128	978081.1	-40.1	7.3	2422.769	5.8	4.96688613309
-91.9829	0.8219	978080.8	-40.2	6.8	2428.891	5.85	3.41469012476
-91.9874	0.831	978081	-40.6	6.6	2449.475	5.9	1.94251938583
-91.9921	0.8401	978081.5	-41.3	6.4	2450.116	5.95	0.686532249898
-91.9967	0.8491	978081.6	-42.4	5.4	2468.509	6	-0.335016296304
-92.0015	0.8578	978082.4	-37.6	11	2478.67	6.05	-1.06588526081
-92.0049	0.8634	978073.8	-26.2	13.8	2553.343	6.1	-1.36787214019
-92.0074	0.867	978063.5	-22.8	6.9	2581.536	6.15	-1.49451586902
-92.0099	0.8705	978062.2	-22.8	5.5	2488.796	6.2	-1.56413166268
-92.0125	0.8742	978062.2	-27.3	1.1	2434.844	6.25	-1.56620955336
-92.016	0.8802	978068.6	-33.7	1	2415.662	6.3	-1.47878105413
-92.0198	0.8875	978072.5	-31.9	6.8	2415.465	6.35	-1.18612539373
-92.023	0.8942	978068.1	-25	9.2	2415.643	6.4	-0.813210542217
-92.0255	0.9	978061.1	-4.6	22.5	2058.699	6.45	-0.50063198158
-92.0253	0.9023	978043.7	-2.4	7.3	1821.536	6.5	-0.490217444536
-92.0255	0.9025	978037.2	-0.4	2.9	293.54	6.55	-0.468225015779
-92.0255	0.9025	978036.9	-0	2.9	-99	6.6	-0.468225015779
-92.0255	0.9025	978036.6	-0.1	2.5	-99	6.65	-0.468225015779
-92.0255	0.9025	978036.9	-0.1	2.8	-99	6.7	-0.468225015779
-92.0255	0.9025	978036.8	-0	2.8	-99	6.75	-0.468225015779
-92.0255	0.9025	978036.7	-0.1	2.7	-99	6.8	-0.468225015779
-92.0255	0.9025	978036.9	-0	2.9	-99	6.85	-0.468225015779
-92.0255	0.9025	978036.8	0	2.9	-99	6.9	-0.468225015779
-92.0255	0.9025	978036.5	0	2.6	-99	6.95	-0.468225015779
-92.0255	0.9025	978037	-0	3	-99	7	-0.468225015779
-92.0255	0.9025	978037	-0.1	2.8	-99	7.05	-0.468225015779
-92.0255	0.9025	978037.3	-0.1	3.2	-99	7.1	-0.468225015779
-92.0255	0.9025	978037	-0.1	3	-99	7.15	-0.468225015779
-92.0255	0.9025	978037.3	-0	3.3	-99	7.2	-0.468225015779
-92.0255	0.9025	978037	-0	3	-99	7.25	-0.468225015779
-92.0255	0.9025	978036.4	0	2.5	-99	7.3	-0.468225015779
-92.0255	0.9025	978037.1	-0	3.1	-99	7.35	-0.468225015779
-92.0255	0.9025	978037.1	-0.1	3.1	-99	7.4	-0.468225015779
-92.0255	0.9025	978036.8	-0	2.8	-99	7.45	-0.468225015779
-92.0255	0.9025	978037.1	-0.1	3	-99	7.5	-0.468225015779
-92.0255	0.9025	978037.1	-0	3.1	-99	7.55	-0.468225015779
-92.0255	0.9025	978036.9	-0	3	-99	7.6	-0.468225015779
-92.0255	0.9025	978036.8	-0	2.9	-99	7.65	-0.468225015779
-92.0255	0.9025	978036.9	0	3	-99	7.7	-0.468225015779
-92.0255	0.9025	978036.6	0	2.7	-99	7.75	-0.468225015779
-92.0255	0.9025	978036.6	-0.1	2.6	-99	7.8	-0.468225015779
-92.0255	0.9025	978036.5	-1	1.6	-99	7.85	-0.468225015779
-92.0258	0.9023	978039.4	-7.7	-2.3	-99	7.9	-0.442307266149
-92.027	0.9019	978046.1	-9.4	2.7	-99	7.95	-0.329010714369
-92.0277	0.901	978044.9	-12.3	-1.3	-99	8	-0.266259545012
-92.0292	0.9014	978049.2	-14.9	0.3	-99	8.05	-0.106063998234
-92.031	0.9016	978053.4	-15	4.4	-99	8.1	0.0861326844354
-92.0319	0.9014	978047.9	2.9	16.8	70.836	8.15	0.182406623187
-92.03	0.9011	978024.7	24.2	14.9	1792.651	8.2	-0.0222869702883
-92.0267	0.9002	978008.9	41.8	16.8	2420.26	8.25	-0.376918298391
-92.0206	0.8983	977988.2	59.7	13.9	2414.992	8.3	-1.03580231637
-92.0138	0.896	977975.4	59.8	1.4	2414.944	8.35	-1.78091773669
-92.0074	0.8931	977977.3	58.6	1.9	2417.141	8.4	-2.23290187398
-92.0009	0.8903	977977.5	58.2	1.8	2420.952	8.45	-2.32007181578
-91.9946	0.8873	977978	57.1	1.2	2417.402	8.5	-2.07062710682
-91.9883	0.8842	977978.4	57.4	1.8	2421.372	8.55	-1.46528901288
-91.9819	0.881	977978.2	57.5	1.8	2413.482	8.6	-0.435421518003
-91.9756	0.8779	977978.6	57.2	1.9	2412.386	8.65	0.718848261204
-91.9693	0.8747	977979.1	56.8	2	2412.159	8.7	1.95068447308
-91.963	0.8715	977979.3	56.7	2.1	2410.636	8.75	3.22159588813
-91.9568	0.8683	977979.8	56.9	2.9	2404.755	8.8	4.06067621543
-91.9505	0.8651	977979.6	57.2	3	2398.517	8.85	4.39650193441
-91.9441	0.8621	977979.1	57.7	2.9	2400.381	8.9	4.32123812949
-91.9378	0.8591	977978.7	58	2.8	2449.333	8.95	3.83104188317
-91.9314	0.8561	977978.8	57.5	2.5	2472.031	9	2.82948163137
-91.925	0.8531	977979.7	57.2	3.2	2445.532	9.05	1.73963417625
-91.9187	0.8501	977979.9	57	3	2418.331	9.1	0.68252075486
-91.9125	0.847	977980.3	56.6	3.1	2413.347	9.15	-0.334994544588
-91.9063	0.844	977980.3	56.2	2.7	2391.112	9.2	-1.05692492086
-91.9001	0.841	977980.7	56	3	2394.628	9.25	-1.48328859574
-91.8939	0.838	977980.9	55.9	3	2418.166	9.3	-1.56017910251
-91.8877	0.835	977981.5	55.5	3.2	2413.15	9.35	-1.17121701224
-91.8816	0.8321	977981.8	55.4	3.4	2414.711	9.4	-0.37696162961
-91.8755	0.8291	977981.9	55.4	3.6	2429.403	9.45	0.519988484887
-91.8694	0.8262	977982	55.5	3.8	2444.898	9.5	1.42797304971
-91.8633	0.8232	977982.6	55.3	4.1	2461.431	9.55	2.36245413445
-91.8572	0.8202	977982.4	55.5	4.1	2421.062	9.6	2.95333587299
-91.851	0.8173	977982.7	55.2	4.2	2364.377	9.65	3.07735179258
-91.845	0.8144	977983.5	54.8	4.6	2358.134	9.7	2.99276348278
-91.8389	0.8115	977983.7	54.9	4.9	2355.506	9.75	2.85824869596
-91.8329	0.8086	977983.1	55.1	4.5	2352.283	9.8	2.60134680305
-91.8268	0.8057	977983	54.9	4.2	2345.486	9.85	2.44026915461
-91.8207	0.8027	977983.9	54.7	4.9	2351.119	9.9	2.60807911643
-91.8147	0.7997	977984.2	54.2	4.7	2349.876	9.95	2.94752760365
-91.8087	0.7967	977984.4	54.2	4.8	2337.411	10	3.34838072096
-91.8028	0.7938	977984.5	53.6	4.4	2332.6	10.05	3.81943836727
-91.7969	0.7909	977985	53.2	4.6	2322.907	10.1	4.32358539374
-91.7911	0.7879	977985.5	52.8	4.6	2317.605	10.15	4.67870919601
-91.7853	0.785	977986.1	52.3	4.7	2320.149	10.2	4.74850542297
-91.7795	0.782	977986.6	51.8	4.7	2351.744	10.25	4.57856788586
-91.7738	0.779	977986.8	51.8	4.9	2350.929	10.3	4.2275042287
-91.7681	0.7762	977986.7	51.6	4.7	2320.905	10.35	3.64095121564
-91.7624	0.7733	977986.5	51.6	4.4	2346.399	10.4	2.94698137053
-91.7567	0.7705	977986.6	51.3	4.3	2367.376	10.45	2.32354575009
-91.7511	0.7677	977986.7	51.4	4.5	2387.037	10.5	1.78479591807
-91.7454	0.7649	977986	51.7	4.1	2383.803	10.55	1.26858976251
-91.7397	0.762	977985.2	51.9	3.5	2388.358	10.6	0.796010032089
-91.7339	0.7591	977984.6	51.9	3	2394.675	10.65	0.396580832384
-91.7282	0.7561	977984	52.4	2.9	2395.36	10.7	0.028102970658
-91.7224	0.7533	977983.4	52.7	2.5	2393.75	10.75	-0.391254709488
-91.7166	0.7505	977983	52.7	2.1	2412.914	10.8	-0.8587652555
-91.7108	0.7477	977982.3	52.8	1.5	2421.838	10.85	-1.3432129344
-91.7049	0.7449	977981.9	53	1.3	2433.557	10.9	-1.83108338002
-91.6991	0.742	977981	53.1	0.5	2450.8	10.95	-2.33273781248
-91.6932	0.7391	977980.8	53.4	0.7	2481.54	11	-2.80290795806
-91.6873	0.7362	977980.1	54.2	0.8	2470.386	11.05	-3.18182283209
-91.6812	0.7335	977978.7	54.8	-0	2454.688	11.1	-3.53405839654
-91.6752	0.7307	977978	55	-0.5	2451.216	11.15	-3.94260443727
-91.6691	0.7279	977977.2	55.3	-1	2458.613	11.2	-4.35672772985
-91.663	0.7251	977976.7	55.4	-1.4	2478.169	11.25	-4.71080501523
-91.6569	0.7223	977976.2	55.5	-1.8	2464.158	11.3	-5.03296116311
-91.6507	0.7194	977975.7	55.8	-2	2475.238	11.35	-5.33102919545
-91.6446	0.7165	977975.2	55.8	-2.5	2474.46	11.4	-5.55439846787
-91.6384	0.7136	977975	56.1	-2.4	2472.843	11.45	-5.75108284293
-91.6322	0.7107	977974.3	56.2	-2.9	2498.382	11.5	-5.99360882681
-91.626	0.7079	977973.7	55.6	-4.1	2541.557	11.55	-6.28217711025
-91.6199	0.7048	977974.1	55	-4.4	2544.724	11.6	-6.67378887523
-91.6139	0.7018	977974.2	55.1	-4.2	2546.996	11.65	-7.18478364217
-91.6077	0.6987	977973.1	55.7	-4.6	2549.352	11.7	-7.84031091191
-91.6016	0.6956	977972.3	55.9	-5.2	2553.115	11.75	-8.5600734389
-91.5954	0.6925	977971.7	55.9	-5.9	2551.533	11.8	-9.26757333332
-91.5892	0.6894	977971.1	55.9	-6.4	2562.269	11.85	-9.85850210545
-91.5831	0.6864	977970.6	56.1	-6.6	2575.907	11.9	-10.2881770228
-91.5769	0.6834	977970	56.6	-6.9	2550.128	11.95	-10.6115887348
-91.5706	0.6804	977968.9	56.8	-7.7	2524.092	12	-10.8448470713
-91.5643	0.6774	977968.1	57.2	-8.1	2529.072	12.05	-10.9783212649
-91.558	0.6744	977967.2	57.2	-9	2537.464	12.1	-11.1219646207
-91.5517	0.6715	977966.4	57.7	-9.3	2548.661	12.15	-11.2396603079
-91.5453	0.6685	977965.8	57.8	-9.8	2593.763	12.2	-11.4035455286
-91.5389	0.6656	977965.3	57.6	-10.5	2631.422	12.25	-11.7296016641
-91.5325	0.6627	977964.9	57.7	-10.9	2614.396	12.3	-12.1991563479
-91.5262	0.6598	977964.3	58.2	-10.9	2598.482	12.35	-12.7556380998
-91.5197	0.657	977963.4	58.3	-11.7	2608.097	12.4	-13.4177708578
-91.5133	0.654	977963	57.7	-12.6	2608.081	12.45	-14.2452798604
-91.5069	0.6509	977962.6	57.8	-13	2607.835	12.5	-15.1125758146
-91.5006	0.6479	977962.2	57.4	-13.8	2606.531	12.55	-16.0163415974
-91.4943	0.6447	977962	57.3	-14	2603.29	12.6	-16.9665638381
-91.4879	0.6415	977961.2	57.6	-14.6	2607.466	12.65	-17.8173935249
-91.4816	0.6384	977960.4	57.9	-15	2613.882	12.7	-18.5688133171
-91.4752	0.6353	977959.5	58	-15.9	2642.109	12.75	-19.2780462919
-91.4688	0.6323	977958.8	58.1	-16.4	2663.952	12.8	-19.8797596058
-91.4623	0.6293	977958.2	57.3	-17.8	2669.413	12.85	-20.4635982649
-91.4561	0.626	977958.3	57.2	-17.9	2684.888	12.9	-21.2815219689
-91.4498	0.6227	977957.5	57.4	-18.4	2685.992	12.95	-22.233063302
-91.4434	0.6194	977956.7	57.8	-18.8	2678.68	13	-23.1708181124
-91.437	0.6161	977955.7	57.9	-19.7	2677.122	13.05	-24.0523946815
-91.4306	0.6128	977955	58	-20.2	2669.306	13.1	-24.9167012871
-91.4242	0.6096	977954.5	58.2	-20.5	2690.725	13.15	-25.6604086712
-91.4178	0.6064	977953.8	58.1	-21.3	2707.109	13.2	-26.3343997787
-91.4114	0.6031	977953.3	58.1	-21.8	2702.396	13.25	-26.9599907257
-91.405	0.5999	977952.8	58.1	-22.4	2714.686	13.3	-27.4100376415
-91.3986	0.5966	977952.3	58.3	-22.6	2718.61	13.35	-27.696543182
-91.3921	0.5935	977951.9	58.9	-22.4	2708.354	13.4	-27.7925387709
-91.3856	0.5905	977950.7	59.2	-23.3	2709.96	13.45	-27.7477964702
-91.3791	0.5875	977950.3	58.9	-23.9	2717.888	13.5	-27.6259234501
-91.3726	0.5845	977950.2	58.6	-24.5	2705.159	13.55	-27.5071474363
-91.3661	0.5814	977950.3	58.2	-24.7	2697.602	13.6	-27.310428575
-91.3597	0.5783	977950	57.9	-25.3	2714.628	13.65	-27.2057053676
-91.3534	0.5751	977949.7	57.7	-25.8	2723.109	13.7	-27.4227793119
-91.347	0.572	977948.8	57.6	-26.8	2719.067	13.75	-27.857331064
-91.3406	0.5689	977948.2	57.5	-27.4	2720.665	13.8	-28.4115246337
-91.3343	0.5658	977948.2	57.3	-27.7	2736.609	13.85	-29.1068030381
-91.328	0.5627	977948.3	57.2	-27.7	2733.217	13.9	-29.896023566
-91.3217	0.5595	977948	57	-28.2	2727.411	13.95	-30.7377997599
-91.3154	0.5564	977948.2	57	-28	2732.256	14	-31.6627381447
-91.3091	0.5532	977948.1	56.9	-28.1	2737.483	14.05	-32.487165799
-91.3028	0.5501	977948.4	56.2	-28.6	2742.837	14.1	-33.0158334818
-91.2967	0.5469	977948.6	55.8	-28.7	2752.235	14.15	-33.360230466
-91.2905	0.5436	977948.6	55.5	-29	2757.577	14.2	-33.5134090021
-91.2844	0.5404	977948.6	55.8	-28.7	2761.066	14.25	-33.4034055535
-91.2782	0.5374	977947.5	56.2	-29.4	2762.818	14.3	-33.125665169
-91.272	0.5344	977946.9	55.9	-30.3	2753.173	14.35	-32.8978023896
-91.2659	0.5315	977947.2	55.2	-30.7	2756.838	14.4	-32.6663511973
-91.2599	0.5285	977947.9	54.7	-30.5	2760.34	14.45	-32.6078416782
-91.2538	0.5255	977947.9	54.8	-30.4	2759.109	14.5	-32.8053808509
-91.2478	0.5225	977947.6	54.6	-30.9	2765.137	14.55	-33.2198436301
-91.2417	0.5195	977947.4	54.2	-31.5	2767.778	14.6	-33.694984637
-91.2359	0.5167	977949.9	39.3	-43.9	2760.816	14.65	-34.1364257448
-91.2333	0.5156	977971.5	20.8	-40.9	2761.556	14.7	-34.2952685617
-91.231	0.5145	977981.3	22.1	-29.7	2306.276	14.75	-34.4483269716
-91.2285	0.5133	977979.2	25.4	-28.5	265.59	14.8	-34.5904156148
-91.225	0.5117	977972.7	42.1	-18.3	-99	14.85	-34.7171935226
-91.2194	0.5092	977954.4	53	-25.7	-99	14.9	-34.7592729525
-91.2134	0.5066	977947.6	51.9	-33.6	-99	14.95	-34.6802431466
-91.2081	0.5041	977951.9	40.2	-41	-99	15	-34.6770141459
-91.2046	0.5023	977966.5	20.8	-45.8	-99	15.05	-34.7281775909
-91.2035	0.5018	977987.4	4.1	-41.6	-99	15.1	-34.7298291295
-91.2036	0.5019	977999.8	0	-33.2	-99	15.15	-34.7184051291
-91.2035	0.5018	978001	0.1	-32	-99	15.2	-34.7298291295
-91.2035	0.5018	978000.9	-0	-32.2	-99	15.25	-34.7298291295
-91.2035	0.5018	978001	-0	-32.1	-99	15.3	-34.7298291295
-91.2035	0.5018	978001.1	-0	-32	-99	15.35	-34.7298291295
-91.2035	0.5018	978001.1	0	-32	-99	15.4	-34.7298291295
-91.2035	0.5018	978001.1	0	-32	-99	15.45	-34.7298291295
-91.2035	0.5018	978001.2	-0	-31.9	-99	15.5	-34.7298291295
-91.2035	0.5018	978001.1	-0.1	-32	-99	15.55	-34.7298291295
-91.2035	0.5018	978001.1	-0	-32	-99	15.6	-34.7298291295
-91.2035	0.5018	978001	-0	-32.1	-99	15.65	-34.7298291295
-91.2035	0.5018	978001.2	-0.1	-32	-99	15.7	-34.7298291295
-91.2035	0.5018	978001.2	-0	-31.9	-99	15.75	-34.7298291295
-91.2035	0.5018	978001.2	-0	-31.9	-99	15.8	-34.7298291295
-91.2035	0.5018	978001	-0	-32.1	-99	15.85	-34.7298291295
-91.2035	0.5018	978001.2	-0	-31.9	-99	15.9	-34.7298291295
-91.2035	0.5018	978001.1	-0	-32	-99	15.95	-34.7298291295
-91.2035	0.5018	978001.2	-0.6	-32.5	-99	16	-34.7298291295
-91.2038	0.5022	978003.1	-4.6	-34.6	-99	16.05	-34.6748748541
-91.2045	0.5031	978006.4	-7.2	-33.8	-99	16.1	-34.5533455785
-91.2053	0.504	978008.8	-7.1	-31.4	-99	16.15	-34.4408218165
-91.2061	0.5046	978008.3	-8.7	-33.4	-99	16.2	-34.3902102485
-91.2074	0.5052	978011.7	-13.1	-34.5	-99	16.25	-34.3850577026
-91.2087	0.5057	978013.7	-2.9	-22.3	-99	16.3	-34.3998971322
-91.208	0.5064	978000.8	6.5	-25.8	-99	16.35	-34.1916243394
-91.2088	0.5096	978004.1	-8.5	-37.5	-99	16.4	-33.6094927177
-91.2096	0.5125	978009.8	-6.4	-29.6	-99	16.45	-33.0957762896
-91.2102	0.5203	978009.7	-12	-35.4	-99	16.5	-31.5656961572
-91.2123	0.5301	978021.3	-18.9	-30.7	-99	16.55	-29.662082333
-91.2145	0.5399	978026.3	-20.2	-27	207.62	16.6	-27.6141825687
-91.2169	0.5497	978029.9	-20.8	-24	2129.041	16.65	-25.5705663139
-91.2192	0.5596	978032.4	-21	-21.7	2562.806	16.7	-23.4752875378
-91.2216	0.5694	978035.3	-22.5	-20.4	2541.182	16.75	-21.478112043
-91.2244	0.5792	978039.6	-25	-18.6	2529.179	16.8	-19.3880907844
-91.2273	0.5891	978043.6	-26	-15.6	2500.884	16.85	-17.0672335246
-91.2302	0.599	978046.3	-26.4	-13.3	2463.951	16.9	-14.6190682072
-91.2332	0.6089	978048.7	-26.3	-10.9	2460.102	16.95	-12.0239804609
-91.2362	0.6188	978051	-26.3	-8.6	2461.028	17	-9.33698865105
-91.2392	0.6287	978053.5	-26.4	-6.2	2391.47	17.05	-6.49822447151
-91.2422	0.6387	978056.6	-26.6	-3.3	2245.013	17.1	-3.42181230463
-91.2452	0.6487	978060	-26.6	0	2183.109	17.15	-0.180284107667
-91.2482	0.6587	978063.6	-26.4	3.8	2131.062	17.2	3.35172561547
-91.2511	0.6686	978067	-26	7.6	2072.682	17.25	7.43573151448
-91.2541	0.6785	978070.9	-25.7	11.8	1836.577	17.3	12.0864377126
-91.257	0.6884	978075.7	-25.4	16.9	1777.157	17.35	17.3486726975
-91.2598	0.6983	978081.1	-25.6	22.1	1740.355	17.4	23.0716464124
-91.2628	0.7081	978087.8	-26.1	28.3	1579.235	17.45	29.1208114367
-91.2657	0.7179	978094.8	-26	35.3	1436.181	17.5	35.5715469345
-91.2686	0.7277	978100.8	-26.3	41	1395.43	17.55	42.1398503062
-91.2716	0.7375	978106.7	-26.5	46.7	1261.515	17.6	48.6956720289
-91.2746	0.7473	978112.5	-26.5	52.5	1164.659	17.65	55.0052366401
-91.2776	0.7571	978119.1	-26.6	58.9	976.963	17.7	61.0504681695
-91.2806	0.767	978127.4	-26.6	67.2	781.233	17.75	66.8181693506
-91.2836	0.7768	978135	-26.9	74.4	680.513	17.8	71.9014352635
-91.2867	0.7867	978140	-27.2	79.1	640.162	17.85	76.2382046613
-91.2898	0.7966	978143.1	-27.7	81.7	610.808	17.9	79.238797695
-91.2929	0.8064	978146.5	-27.7	85	578.894	17.95	80.7945669784
-91.2961	0.8162	978148.4	-27.6	87.1	536.457	18	80.5093033315
-91.2992	0.826	978149.1	-27	88.4	497.103	18.05	78.4772910536
-91.3022	0.8359	978146.9	-26.5	86.6	570.463	18.1	74.5420308246
-91.3052	0.8457	978139.4	-26.4	79.3	697.368	18.15	69.2948037963
-91.3082	0.8554	978131.1	-26.2	71	955.172	18.2	62.9224711009
-91.3111	0.8653	978121.3	-25.4	62	1232.97	18.25	55.7465944001
-91.3139	0.8751	978112.3	-25.2	53.2	1392.952	18.3	48.2463933842
-91.3168	0.8849	978104.9	-24.8	46.3	1461.63	18.35	40.8946455203
-91.3195	0.8947	978097.6	-24.7	38.9	1684.378	18.4	33.7710735601
-91.3224	0.9044	978090.6	-25.3	31.3	1800.157	18.45	27.1689163842
-91.3253	0.914	978085	-25.8	25.2	1894.56	18.5	21.3852666166
-91.3281	0.9236	978079.2	-24.5	20.6	2042.048	18.55	16.3697951373
-91.3309	0.9331	978073.5	-24.6	14.8	2114.614	18.6	12.1813930978
-91.3337	0.9425	978070.5	-24.3	12.2	2122.272	18.65	8.76615152284
-91.3364	0.952	978067.9	-24.6	9.1	2124.324	18.7	6.18348668881
-91.3392	0.9616	978067.1	-25.5	7.4	2126.256	18.75	4.29386288792
-91.3422	0.9711	978067	-26.3	6.5	2133.693	18.8	3.02809416597
-91.3452	0.9805	978066.9	-27.3	5.5	2140.021	18.85	2.27829180658
-91.3483	0.9899	978067	-27.1	5.7	2138.874	18.9	1.99195182234
-91.3513	0.9993	978066.5	-27.3	5	2134.354	18.95	1.90055984245
-91.3544	1.0089	978066.7	-28.4	4.1	2133.695	19	1.92897587243
-91.3577	1.0184	978067.3	-28.5	4.5	2132.458	19.05	1.77999235822
-91.3609	1.0282	978067	-28.4	4.2	2129.582	19.1	1.61118353598
-91.3641	1.0379	978066.7	-28.6	3.7	2131.318	19.15	1.49720150803
-91.3673	1.0477	978066.3	-28.5	3.3	2126.45	19.2	1.32680469917
-91.3706	1.0576	978066.1	-28.6	3.1	2119.731	19.25	1.282599382
-91.3738	1.0674	978066	-27.3	4.2	2114.151	19.3	1.30489437632
-91.3765	1.0746	978063.5	-21	8	2112.573	19.35	1.33392213555
-91.3786	1.0796	978056.3	-18.1	3.7	2113.235	19.4	1.35320698262
-91.3805	1.0842	978054.7	-17.8	2.4	1901.962	19.45	1.3464558559
-91.3825	1.0905	978054.8	-19.4	0.8	342.829	19.5	1.34563915331
-91.3849	1.0984	978058.3	-19.6	4.1	-99	19.55	1.35196905752
-91.3867	1.1048	978054.8	-6.8	13.4	-99	19.6	1.37593528901
-91.3868	1.1081	978043.6	-6.3	2.7	-99	19.65	1.51740945837
-91.3873	1.1085	978041.3	-0.9	5.9	-99	19.7	1.46543426809
-91.3873	1.1085	978038.4	-0	3.7	-99	19.75	1.46543426809
-91.3873	1.1085	978037.5	-0	2.9	-99	19.8	1.46543426809
-91.3873	1.1085	978037.6	0	3	-99	19.85	1.46543426809
-91.3873	1.1085	978037.7	-0	3.1	-99	19.9	1.46543426809
-91.3873	1.1085	978037.7	0	3.1	-99	19.95	1.46543426809
-91.3873	1.1085	978037.7	0	3.1	-99	20	1.46543426809
-91.3873	1.1085	978037.6	0	3	-99	20.05	1.46543426809
-91.3873	1.1085	978037.7	-0	3.1	-99	20.1	1.46543426809
-91.3873	1.1085	978037.9	0	3.3	-99	20.15	1.46543426809
-91.3873	1.1085	978037.6	0	3	-99	20.2	1.46543426809
-91.3873	1.1085	978037.5	-0	2.9	-99	20.25	1.46543426809
-91.3873	1.1085	978037.5	0.1	3	-99	20.3	1.46543426809
-91.3873	1.1085	978037.5	-0	2.9	-99	20.35	1.46543426809
-91.3873	1.1085	978037.6	-0	2.9	-99	20.4	1.46543426809
-91.3873	1.1085	978037.5	0	2.9	-99	20.45	1.46543426809
-91.3873	1.1085	978037.5	-0	2.9	-99	20.5	1.46543426809
-91.3873	1.1085	978037.7	-0	3.1	-99	20.55	1.46543426809
-91.3873	1.1085	978037.6	-1	2.1	-99	20.6	1.46543426809
-91.3876	1.1086	978039.8	-6.4	-1.2	-99	20.65	1.42669293881
-91.3886	1.1092	978044.7	-10.3	-0.2	-99	20.7	1.30859248794
-91.3899	1.1101	978048.1	-12	1.5	-99	20.75	1.15554326657
-91.3913	1.1111	978049.6	-13.3	1.7	-99	20.8	0.985470722994
-91.3928	1.1123	978051.1	-13.9	2.5	-99	20.85	0.799365486237
-91.3943	1.1134	978051.1	-12.9	3.6	-99	20.9	0.591869885895
-91.3957	1.114	978049.9	-12.7	2.6	-99	20.95	0.36382082767
-91.3972	1.1148	978050.5	-14.3	1.6	-99	21	0.115511622705
-91.3988	1.1156	978051.6	-14.9	2.1	-99	21.05	-0.162538208785
-91.4006	1.1161	978053.7	-28.2	-9.2	563.092	21.1	-0.502293953597
-91.4052	1.1154	978073.3	-60.4	-21.8	2000.372	21.15	-1.44973287788
-91.4141	1.1148	978109.8	-88.2	-13	2115.021	21.2	-3.13790332573
-91.4244	1.1156	978128.3	-92.7	0.9	2120.669	21.25	-4.80138945814
-91.4348	1.1163	978129.3	-93	1.6	2139.467	21.3	-5.72401703292
-91.4452	1.1172	978129.4	-93.1	1.7	2144.863	21.35	-5.70030709304
-91.4557	1.118	978129.3	-92.8	1.9	2136.965	21.4	-4.58697541224
-91.466	1.1189	978129.1	-92.5	2	2145.209	21.45	-2.56069961582
-91.4763	1.1198	978129.5	-92.1	2.8	2157.844	21.5	0.087099583274
-91.4866	1.1207	978129.8	-91.6	3.6	2148.559	21.55	3.04652212617
-91.4968	1.1217	978130.2	-91.2	4.4	2135.927	21.6	5.83122318014
-91.507	1.1229	978130.8	-90.5	5.6	2136.499	21.65	8.26690248859
-91.5171	1.1241	978131.1	-90.1	6.3	2149.346	21.7	9.92686989111
-91.5272	1.1252	978131.8	-89.9	7.2	2144.432	21.75	11.0336705506
-91.5372	1.1265	978132.8	-90	8.1	2133.305	21.8	11.5784959064
-91.5473	1.1278	978134.2	-90.2	9.3	2131.435	21.85	12.0750480263
-91.5574	1.1291	978135.2	-90.2	10.4	2122.892	21.9	12.6177320396
-91.5675	1.1304	978136.5	-90.1	11.7	2108.205	21.95	13.3539986066
-91.5775	1.1317	978137.8	-90.1	13	2088.758	22	14.0897599959
-91.5876	1.133	978138.9	-89.9	14.4	2043.791	22.05	14.7705351465
-91.5976	1.1343	978139.9	-89.7	15.5	1964.705	22.1	15.2650836622
-91.6077	1.1355	978141	-89.5	16.8	1926.924	22.15	15.6235085264
-91.6177	1.1366	978141.3	-89.4	17.2	1922.194	22.2	15.7081530569
-91.6277	1.138	978141.6	-89.6	17.3	1929.232	22.25	15.5447219446
-91.6377	1.1393	978141	-89.6	16.6	1994.484	22.3	15.3270100527
-91.6477	1.1407	978140.2	-89.7	15.8	2002.829	22.35	14.9236579115
-91.6578	1.1421	978139.2	-89.8	14.6	2073.608	22.4	14.2336588043
-91.6678	1.1434	978137.7	-89.9	13.1	2076.629	22.45	12.9508045809
-91.6779	1.1447	978136	-90.1	11.2	2092.799	22.5	11.3758988219
-91.688	1.1459	978134.8	-90.8	9.3	2134.838	22.55	9.65411429376
-91.6982	1.1471	978134	-91.6	7.7	2115.007	22.6	7.95941781676
-91.7084	1.1482	978133.2	-92.1	6.4	2060.806	22.65	6.28138206241
-91.7188	1.1495	978132.1	-92.1	5.2	2084.684	22.7	4.56089339687
-91.7291	1.1507	978130.6	-92	3.8	2168.98	22.75	2.89554610518
-91.7393	1.152	978128.9	-91.9	2.2	2217.302	22.8	1.31731559714
-91.7496	1.1533	978127.5	-91.6	1.2	2242.101	22.85	-0.288872648547
-91.7598	1.1546	978126.1	-91.5	-0.2	2251.3	22.9	-1.89257240651
-91.7701	1.1559	978125.7	-91.8	-0.9	2253.872	22.95	-3.43675271104
-91.7804	1.1572	978124.9	-91.7	-1.5	2263.89	23	-4.7817565219
-91.7906	1.1584	978124.1	-91.8	-2.5	2278.287	23.05	-5.8990550504
-91.8009	1.1597	978123.7	-91.7	-2.8	2292.087	23.1	-6.66247010112
-91.8111	1.161	978122.7	-91.5	-3.6	2293.719	23.15	-7.09320366369
-91.8214	1.1623	978122.2	-91.3	-3.9	2293.225	23.2	-7.16269917252
-91.8315	1.1637	978121.7	-91	-4.1	2310.991	23.25	-6.75771472822
-91.8417	1.165	978121.8	-91.1	-4	2298.428	23.3	-6.01997187027
-91.8519	1.1663	978122.2	-91.4	-4.1	2288.334	23.35	-5.19117220001
-91.8622	1.1677	978122.8	-91.9	-4	2285.419	23.4	-4.51702353928
-91.8725	1.1691	978123.4	-91.2	-2.6	2288.122	23.45	-4.08781611785
-91.8826	1.1704	978122.7	-90.4	-2.5	2310.387	23.5	-4.06580707804
-91.8927	1.1717	978122.5	-90.4	-2.7	2305.19	23.55	-4.30348701148
-91.9028	1.1731	978122.8	-90	-2	2296.73	23.6	-4.64153061302
-91.9128	1.1744	978122.9	-89.3	-1.2	2297.892	23.65	-4.80688180642
-91.9228	1.1758	978122.7	-88.8	-0.9	2296.805	23.7	-4.70231099209
-91.9327	1.1771	978123.1	-89.3	-1	2289.544	23.75	-4.09571765507
-91.9427	1.1782	978124.1	-89.9	-0.7	2315.443	23.8	-3.07411096789
-91.9528	1.1792	978125.1	-90.2	0	2337.812	23.85	-1.63498563025
-91.9629	1.1802	978125.6	-89.9	0.9	2345.364	23.9	-0.214627608649
-91.9729	1.1815	978125.2	NaN	NaN	2352.58	23.95	1.13702163814
