-89.6123 -1.1612 978033.3 NaN NaN 618.171 0.0000 
-89.6107 -1.1686 978033.6 15.8 14.6 623.902 0.0500 
-89.6090 -1.1762 978033.4 15.8 14.3 631.318 0.1000 
-89.6073 -1.1838 978033.2 15.8 14.2 634.802 0.1500 
-89.6056 -1.1915 978032.7 16.1 13.9 630.270 0.2000 
-89.6038 -1.1992 978032.4 16.3 13.7 619.518 0.2500 
-89.6020 -1.2070 978032.9 16.6 14.5 606.268 0.3000 
-89.6002 -1.2148 978033.2 16.6 14.8 593.101 0.3500 
-89.5984 -1.2228 978034.1 17.2 16.2 578.882 0.4000 
-89.5966 -1.2309 978034.5 17.0 16.5 567.202 0.4500 
-89.5948 -1.2389 978035.9 17.2 18.1 557.182 0.5000 
-89.5928 -1.2469 978036.4 17.9 19.2 548.110 0.5500 
-89.5909 -1.2549 978036.8 18.4 20.0 550.918 0.6000 
-89.5889 -1.2629 978037.4 18.5 20.7 566.432 0.6500 
-89.5869 -1.2709 978038.3 18.6 21.7 601.066 0.7000 
-89.5849 -1.2790 978039.5 19.2 23.4 584.339 0.7500 
-89.5828 -1.2871 978041.7 19.4 25.8 502.434 0.8000 
-89.5807 -1.2953 978045.1 19.6 29.4 444.246 0.8500 
-89.5785 -1.3034 978049.0 19.8 33.5 387.833 0.9000 
-89.5764 -1.3114 978054.1 20.0 38.8 326.654 0.9500 
-89.5742 -1.3194 978059.2 20.1 43.9 285.794 1.0000 
-89.5720 -1.3275 978063.6 20.6 48.7 250.564 1.0500 
-89.5698 -1.3356 978067.3 21.0 52.8 213.205 1.1000 
-89.5675 -1.3439 978070.4 21.4 56.3 202.148 1.1500 
-89.5652 -1.3521 978070.6 21.2 56.2 221.978 1.2000 
-89.5629 -1.3604 978069.3 20.9 54.7 227.879 1.2500 
-89.5607 -1.3688 978068.9 20.9 54.2 233.325 1.3000 
-89.5584 -1.3770 978068.9 20.9 54.1 237.165 1.3500 
-89.5561 -1.3853 978069.0 20.5 53.8 244.553 1.4000 
-89.5542 -1.3936 978071.4 11.2 46.8 253.251 1.4500 
-89.5534 -1.4021 978080.9 8.3 53.4 261.814 1.5000 
-89.5526 -1.4104 978080.9 8.1 53.2 273.237 1.5500 
-89.5518 -1.4188 978080.3 7.9 52.3 295.766 1.6000 
-89.5510 -1.4273 978079.0 7.3 50.4 346.443 1.6500 
-89.5502 -1.4356 978076.6 7.5 48.1 456.598 1.7000 
-89.5494 -1.4439 978071.4 8.7 44.1 600.282 1.7500 
-89.5485 -1.4520 978066.8 8.0 38.9 624.678 1.8000 
-89.5477 -1.4599 978066.2 7.9 38.1 651.752 1.8500 
-89.5468 -1.4680 978065.4 7.7 37.0 703.485 1.9000 
-89.5461 -1.4760 978064.8 7.5 36.3 694.499 1.9500 
-89.5452 -1.4841 978064.8 7.6 36.3 687.292 2.0000 
-89.5445 -1.4924 978065.6 6.3 35.8 690.965 2.0500 
-89.5439 -1.5006 978067.1 6.0 36.9 694.018 2.1000 
-89.5432 -1.5089 978066.5 8.8 39.0 688.237 2.1500 
-89.5421 -1.5171 978062.7 10.2 36.5 695.995 2.2000 
-89.5411 -1.5253 978058.8 9.5 32.0 792.057 2.2500 
-89.5401 -1.5337 978053.2 8.6 25.4 989.164 2.3000 
-89.5393 -1.5420 978045.8 8.1 17.5 1210.647 2.3500 
-89.5384 -1.5503 978037.4 8.3 9.3 1415.969 2.4000 
-89.5375 -1.5586 978028.0 8.5 0.0 1551.004 2.4500 
-89.5366 -1.5669 978019.6 8.3 -8.6 1711.310 2.5000 
-89.5358 -1.5751 978012.0 7.8 -16.8 1910.062 2.5500 
-89.5350 -1.5835 978005.3 7.4 -23.9 2086.007 2.6000 
-89.5343 -1.5918 977999.7 7.2 -29.7 2257.257 2.6500 
-89.5335 -1.6001 977994.3 7.1 -35.3 2362.699 2.7000 
-89.5328 -1.6084 977990.4 6.1 -40.2 2457.255 2.7500 
-89.5322 -1.6166 977986.8 6.4 -43.5 2525.667 2.8000 
-89.5315 -1.6249 977982.8 6.5 -47.6 2637.781 2.8500 
-89.5309 -1.6331 977979.3 6.2 -51.3 2762.606 2.9000 
-89.5302 -1.6412 977976.6 7.4 -52.9 2784.744 2.9500 
-89.5293 -1.6492 977972.7 8.4 -55.9 2843.254 3.0000 
-89.5284 -1.6573 977970.0 8.9 -58.0 2912.379 3.0500 
-89.5275 -1.6655 977968.3 9.1 -59.6 2943.649 3.1000 
-89.5265 -1.6736 977967.1 8.8 -61.1 3015.268 3.1500 
-89.5256 -1.6816 977966.5 8.9 -61.7 3032.801 3.2000 
-89.5246 -1.6898 977966.2 9.0 -61.9 3030.343 3.2500 
-89.5237 -1.6980 977966.0 9.2 -62.0 3017.694 3.3000 
-89.5227 -1.7063 977965.9 9.2 -62.1 3025.481 3.3500 
-89.5217 -1.7146 977967.0 8.7 -61.6 3035.304 3.4000 
-89.5209 -1.7230 977968.4 8.4 -60.5 3045.916 3.4500 
-89.5200 -1.7313 977969.3 8.7 -59.4 3050.218 3.5000 
-89.5190 -1.7397 977969.9 8.8 -58.7 3050.175 3.5500 
-89.5181 -1.7479 977971.1 8.6 -57.8 3056.002 3.6000 
-89.5172 -1.7563 977973.1 8.9 -55.5 3062.969 3.6500 
-89.5163 -1.7646 977974.3 9.2 -54.1 3065.549 3.7000 
-89.5153 -1.7729 977975.1 8.8 -53.7 3070.488 3.7500 
-89.5145 -1.7813 977977.5 8.7 -51.5 3076.567 3.8000 
-89.5135 -1.7898 977978.6 9.7 -49.5 3080.825 3.8500 
-89.5124 -1.7982 977979.4 9.5 -48.8 3084.678 3.9000 
-89.5115 -1.8066 977981.6 9.0 -47.2 3087.359 3.9500 
-89.5105 -1.8149 977983.5 8.8 -45.6 3083.648 4.0000 
-89.5096 -1.8232 977985.1 8.6 -44.2 3088.801 4.0500 
-89.5087 -1.8315 977986.5 8.8 -42.7 3088.325 4.1000 
-89.5078 -1.8397 977987.9 9.1 -41.0 3090.886 4.1500 
-89.5067 -1.8479 977988.7 10.0 -39.4 3097.147 4.2000 
-89.5057 -1.8561 977989.6 8.8 -39.7 3097.926 4.2500 
-89.5048 -1.8644 977992.1 8.3 -37.8 3102.283 4.3000 
-89.5040 -1.8727 977993.6 7.9 -36.7 3112.835 4.3500 
-89.5032 -1.8809 977994.9 7.6 -35.8 3115.912 4.4000 
-89.5024 -1.8893 977996.3 8.1 -33.8 3123.442 4.4500 
-89.5015 -1.8977 977997.1 8.8 -32.4 3134.783 4.5000 
-89.5006 -1.9060 977997.9 9.5 -31.0 3139.810 4.5500 
-89.4995 -1.9143 977998.6 7.9 -32.0 3137.260 4.6000 
-89.4989 -1.9220 978003.6 48.8 13.9 3134.490 4.6500 
-89.4990 -1.9253 978010.0 -25.2 -53.7 3134.166 4.7000 
-89.4991 -1.9281 978012.2 -13.1 -39.4 3136.205 4.7500 
-89.4990 -1.9308 978010.8 22.7 -5.1 3137.077 4.8000 
-89.4988 -1.9338 978009.6 17.5 -11.4 2773.033 4.8500 
-89.4981 -1.9392 978007.0 7.9 -23.6 474.564 4.9000 
-89.4971 -1.9458 978004.1 26.8 -7.8 -99.000 4.9500 
-89.4967 -1.9526 978008.5 -52.6 -82.7 -99.000 5.0000 
-89.4987 -1.9582 978027.5 -43.3 -54.5 -99.000 5.0500 
-89.4979 -1.9604 978018.3 17.3 -3.1 -99.000 5.1000 
-89.4969 -1.9594 978003.7 3.0 -32.0 -99.000 5.1500 
-89.4970 -1.9587 978014.2 -3.9 -28.3 -99.000 5.2000 
-89.4977 -1.9581 978020.6 -7.0 -25.2 -99.000 5.2500 
-89.4984 -1.9577 978021.5 -3.9 -21.1 -99.000 5.3000 
-89.4986 -1.9575 978017.6 -1.2 -22.3 -99.000 5.3500 
-89.4986 -1.9576 978015.1 -0.1 -23.7 -99.000 5.4000 
-89.4986 -1.9576 978014.0 -0.2 -24.9 -99.000 5.4500 
-89.4986 -1.9576 978014.3 -0.3 -24.7 -99.000 5.5000 
-89.4986 -1.9576 978014.6 -0.2 -24.3 -99.000 5.5500 
-89.4986 -1.9576 978014.4 -0.1 -24.4 -99.000 5.6000 
-89.4986 -1.9576 978014.6 -0.3 -24.3 -99.000 5.6500 
-89.4986 -1.9576 978014.9 -0.1 -24.0 -99.000 5.7000 
-89.4987 -1.9576 978014.7 -0.1 -24.2 -99.000 5.7500 
-89.4986 -1.9576 978014.7 -0.2 -24.3 -99.000 5.8000 
-89.4987 -1.9576 978014.7 -0.1 -24.1 -99.000 5.8500 
-89.4987 -1.9576 978014.6 -0.2 -24.2 -99.000 5.9000 
-89.4986 -1.9576 978014.4 -0.1 -24.4 -99.000 5.9500 
-89.4986 -1.9576 978014.4 -0.1 -24.4 -99.000 6.0000 
-89.4986 -1.9576 978014.6 -0.1 -24.2 -99.000 6.0500 
-89.4986 -1.9576 978014.5 -0.3 -24.4 -99.000 6.1000 
-89.4986 -1.9574 978014.2 1.5 -23.0 -99.000 6.1500 
-89.4980 -1.9568 978010.2 7.6 -20.9 -99.000 6.2000 
-89.4970 -1.9561 978006.0 1.3 -31.3 -99.000 6.2500 
-89.4974 -1.9557 978014.9 -5.8 -29.6 -99.000 6.3000 
-89.4979 -1.9555 978019.6 -1.9 -21.0 -99.000 6.3500 
-89.4979 -1.9555 978015.2 -0.1 -23.6 -99.000 6.4000 
-89.4979 -1.9554 978013.3 5.2 -20.2 -99.000 6.4500 
-89.4961 -1.9563 978002.8 19.2 -16.7 698.643 6.5000 
-89.4941 -1.9582 977995.6 22.4 -20.7 2911.845 6.5500 
-89.4906 -1.9615 977987.5 43.3 -8.0 3136.804 6.6000 
-89.4850 -1.9669 977967.4 52.1 -19.2 3136.767 6.6500 
-89.4792 -1.9726 977963.6 52.0 -23.2 3122.612 6.7000 
-89.4735 -1.9784 977964.9 51.8 -22.1 3124.083 6.7500 
-89.4678 -1.9841 977965.9 51.4 -21.6 3124.092 6.8000 
-89.4622 -1.9897 977966.8 51.1 -21.0 3123.306 6.8500 
-89.4566 -1.9954 977967.8 50.8 -20.3 3121.498 6.9000 
-89.4510 -2.0010 977969.2 50.5 -19.3 3123.817 6.9500 
-89.4455 -2.0066 977970.2 50.6 -18.2 3105.081 7.0000 
-89.4399 -2.0122 977970.7 50.5 -17.8 3106.196 7.0500 
-89.4344 -2.0179 977971.1 50.6 -17.3 3125.986 7.1000 
-89.4288 -2.0235 977972.2 50.1 -16.8 3106.376 7.1500 
-89.4233 -2.0293 977973.0 50.2 -16.0 3116.113 7.2000 
-89.4178 -2.0350 977973.3 49.8 -16.1 3120.574 7.2500 
-89.4123 -2.0408 977974.3 50.9 -14.0 3113.183 7.3000 
-89.4067 -2.0465 977974.3 51.6 -13.4 3097.089 7.3500 
-89.4010 -2.0522 977974.6 51.8 -12.9 3079.565 7.4000 
-89.3953 -2.0580 977975.5 51.5 -12.4 3068.870 7.4500 
-89.3896 -2.0639 977976.3 51.8 -11.2 3058.770 7.5000 
-89.3838 -2.0698 977976.3 53.4 -9.7 3047.893 7.5500 
-89.3779 -2.0755 977975.8 53.7 -9.9 3044.300 7.6000 
-89.3721 -2.0812 977976.4 53.3 -9.8 3042.847 7.6500 
-89.3662 -2.0870 977977.0 53.7 -8.8 3053.056 7.7000 
-89.3603 -2.0928 977976.6 53.9 -9.1 3073.225 7.7500 
-89.3543 -2.0986 977976.8 54.0 -8.8 3092.802 7.8000 
-89.3484 -2.1045 977977.5 52.6 -9.5 3101.807 7.8500 
-89.3427 -2.1105 977978.4 53.4 -7.9 3109.813 7.9000 
-89.3368 -2.1164 977977.0 53.5 -9.2 3119.723 7.9500 
-89.3309 -2.1224 977977.3 52.9 -9.5 3120.783 8.0000 
-89.3251 -2.1282 977978.0 52.6 -9.2 3130.751 8.0500 
-89.3193 -2.1340 977978.0 52.8 -9.1 3137.204 8.1000 
-89.3135 -2.1398 977978.3 52.1 -9.5 3134.646 8.1500 
-89.3079 -2.1456 977979.0 51.6 -9.3 3140.656 8.2000 
-89.3022 -2.1514 977979.4 51.8 -8.7 3144.989 8.2500 
-89.2965 -2.1572 977979.4 52.0 -8.6 3137.948 8.3000 
-89.2908 -2.1630 977979.5 51.9 -8.7 3129.473 8.3500 
-89.2851 -2.1688 977979.6 51.6 -8.9 3139.186 8.4000 
-89.2794 -2.1745 977979.9 51.5 -8.7 3163.826 8.4500 
-89.2738 -2.1803 977979.9 51.7 -8.5 3175.206 8.5000 
-89.2681 -2.1859 977979.9 51.9 -8.4 3172.422 8.5500 
-89.2624 -2.1916 977980.0 51.3 -9.0 3180.121 8.6000 
-89.2567 -2.1972 977980.5 51.3 -8.4 3185.780 8.6500 
-89.2511 -2.2029 977980.7 51.1 -8.6 3187.805 8.7000 
-89.2455 -2.2086 977981.0 51.3 -8.0 3204.130 8.7500 
-89.2398 -2.2141 977980.7 51.5 -8.2 3201.153 8.8000 
-89.2342 -2.2196 977981.1 51.6 -7.8 3194.031 8.8500 
-89.2285 -2.2253 977981.3 52.5 -6.6 3189.289 8.9000 
-89.2226 -2.2308 977980.7 53.0 -6.8 3195.444 8.9500 
-89.2168 -2.2365 977980.8 53.3 -6.5 3204.227 9.0000 
-89.2109 -2.2422 977981.2 53.0 -6.3 3198.160 9.0500 
-89.2051 -2.2478 977982.0 52.1 -6.5 3182.939 9.1000 
-89.1995 -2.2535 977983.3 51.9 -5.5 3180.935 9.1500 
-89.1937 -2.2592 977983.9 52.0 -4.8 3180.705 9.2000 
-89.1880 -2.2650 977984.3 51.5 -4.9 3178.265 9.2500 
-89.1824 -2.2708 977985.3 51.5 -4.0 3174.366 9.3000 
-89.1767 -2.2765 977986.0 51.6 -3.2 3169.808 9.3500 
-89.1710 -2.2822 977986.0 52.0 -2.9 3174.303 9.4000 
-89.1653 -2.2877 977986.2 51.0 -3.7 3170.352 9.4500 
-89.1598 -2.2935 977987.6 50.4 -2.9 3164.776 9.5000 
-89.1542 -2.2992 977988.3 50.3 -2.4 3157.785 9.5500 
-89.1487 -2.3048 977988.5 50.9 -1.6 3162.501 9.6000 
-89.1430 -2.3104 977988.1 50.9 -2.0 3184.027 9.6500 
-89.1375 -2.3161 977988.8 50.7 -1.6 3179.700 9.7000 
-89.1319 -2.3218 977988.9 51.1 -1.2 3175.333 9.7500 
-89.1263 -2.3276 977989.0 50.7 -1.4 3172.207 9.8000 
-89.1207 -2.3333 977989.5 50.5 -1.2 3164.538 9.8500 
-89.1151 -2.3392 977989.4 51.2 -0.7 3170.508 9.9000 
-89.1094 -2.3450 977989.3 52.0 -0.0 3181.767 9.9500 
-89.1037 -2.3508 977989.2 51.9 -0.3 3174.630 10.0000 
-89.0980 -2.3565 977989.4 52.3 0.2 3168.807 10.0500 
-89.0922 -2.3623 977989.4 52.5 0.5 3165.501 10.1000 
-89.0864 -2.3680 977989.1 53.6 1.3 3173.407 10.1500 
-89.0805 -2.3735 977988.3 53.3 0.0 3179.146 10.2000 
-89.0747 -2.3791 977989.7 51.3 -0.6 3178.099 10.2500 
-89.0691 -2.3850 977991.2 51.3 0.9 3080.322 10.3000 
-89.0634 -2.3909 977990.6 52.4 1.3 1069.003 10.3500 
-89.0576 -2.3968 977990.1 51.1 -0.5 -99.000 10.4000 
-89.0525 -2.4019 977996.8 32.9 -12.0 -99.000 10.4500 
-89.0502 -2.4043 978018.1 14.7 -9.0 -99.000 10.5000 
-89.0491 -2.4055 978031.7 9.2 -0.9 -99.000 10.5500 
-89.0481 -2.4068 978034.3 11.9 4.4 -99.000 10.6000 
-89.0465 -2.4086 978030.8 15.2 4.2 -99.000 10.6500 
-89.0447 -2.4105 978028.0 22.0 8.1 -99.000 10.7000 
-89.0414 -2.4140 978018.0 34.7 10.9 -99.000 10.7500 
-89.0372 -2.4181 978007.3 39.2 4.6 -99.000 10.8000 
-89.0328 -2.4223 978004.9 40.3 3.3 -99.000 10.8500 
-89.0282 -2.4269 978003.3 35.9 -2.7 -99.000 10.9000 
-89.0255 -2.4298 978016.6 12.1 -13.2 -99.000 10.9500 
-89.0259 -2.4297 978043.8 -7.8 -5.9 -99.000 11.0000 
-89.0269 -2.4287 978052.4 -5.0 5.5 -99.000 11.0500 
-89.0271 -2.4283 978048.4 0.0 6.5 -99.000 11.1000 
-89.0271 -2.4282 978044.3 -0.3 2.1 -99.000 11.1500 
-89.0271 -2.4282 978044.4 -0.1 2.4 -99.000 11.2000 
-89.0271 -2.4282 978044.0 -0.0 2.0 -99.000 11.2500 
-89.0271 -2.4282 978044.1 -0.1 2.1 -99.000 11.3000 
-89.0271 -2.4283 978044.3 -0.9 1.4 -99.000 11.3500 
-89.0276 -2.4280 978047.8 -7.9 -2.0 -99.000 11.4000 
-89.0287 -2.4276 978053.2 -6.7 4.6 -99.000 11.4500 
-89.0290 -2.4276 978048.8 -1.1 5.7 -99.000 11.5000 
-89.0290 -2.4277 978044.7 -0.2 2.6 -99.000 11.5500 
-89.0290 -2.4277 978044.5 -0.1 2.5 -99.000 11.6000 
-89.0290 -2.4277 978044.2 -0.1 2.2 -99.000 11.6500 
-89.0290 -2.4277 978044.3 -0.3 2.1 -99.000 11.7000 
-89.0290 -2.4278 978044.7 -0.2 2.5 -99.000 11.7500 
-89.0290 -2.4278 978044.5 -0.4 2.2 -99.000 11.8000 
-89.0291 -2.4278 978045.0 -0.4 2.6 -99.000 11.8500 
-89.0288 -2.4278 978042.5 7.7 8.3 -99.000 11.9000 
-89.0274 -2.4283 978034.6 10.0 2.6 -99.000 11.9500 
-89.0272 -2.4284 978038.8 -4.4 -7.6 -99.000 12.0000 
-89.0280 -2.4286 978049.7 -8.1 -0.3 -99.000 12.0500 
-89.0288 -2.4287 978052.4 -8.0 2.4 -99.000 12.1000 
-89.0297 -2.4284 978052.3 -7.9 2.4 -99.000 12.1500 
-89.0306 -2.4280 978052.5 -14.2 -3.6 -99.000 12.2000 
-89.0330 -2.4287 978062.2 -29.3 -9.0 -99.000 12.2500 
-89.0365 -2.4288 978075.2 -30.6 2.6 -99.000 12.3000 
-89.0401 -2.4289 978076.1 -36.4 -2.2 -99.000 12.3500 
-89.0446 -2.4293 978083.3 -47.0 -5.7 -99.000 12.4000 
-89.0505 -2.4294 978094.6 -56.8 -4.1 -99.000 12.4500 
-89.0573 -2.4295 978103.9 -64.5 -2.5 -99.000 12.5000 
-89.0649 -2.4295 978110.9 -72.5 -3.6 108.744 12.5500 
-89.0736 -2.4297 978120.2 -81.9 -3.7 2323.754 12.6000 
-89.0830 -2.4299 978127.9 -84.3 1.6 3164.111 12.6500 
-89.0925 -2.4297 978129.0 -85.3 1.7 3166.904 12.7000 
-89.1021 -2.4294 978130.1 -85.4 2.8 3160.877 12.7500 
-89.1117 -2.4294 978130.0 -85.5 2.5 3166.420 12.8000 
-89.1212 -2.4294 978129.6 -85.3 2.4 3171.384 12.8500 
-89.1307 -2.4292 978129.4 -84.5 2.9 3154.695 12.9000 
-89.1402 -2.4291 978128.7 -84.4 2.3 3145.055 12.9500 
-89.1497 -2.4289 978128.9 -84.8 2.1 3150.344 13.0000 
-89.1592 -2.4288 978129.2 -84.9 2.3 3153.517 13.0500 
-89.1687 -2.4287 978128.8 -84.8 2.1 3167.047 13.1000 
-89.1781 -2.4286 978128.9 -84.8 2.1 3187.177 13.1500 
-89.1877 -2.4284 978128.7 -85.1 1.7 3182.866 13.2000 
-89.1972 -2.4282 978128.7 -85.2 1.6 3153.111 13.2500 
-89.2067 -2.4281 978129.0 -84.8 2.3 3151.505 13.3000 
-89.2162 -2.4280 978128.6 -84.6 2.0 3155.447 13.3500 
-89.2257 -2.4278 978128.5 -84.9 1.6 3156.440 13.4000 
-89.2352 -2.4277 978128.9 -85.2 1.8 3158.065 13.4500 
-89.2448 -2.4277 978129.0 -85.6 1.5 3160.558 13.5000 
-89.2544 -2.4277 978129.8 -85.6 2.3 3159.331 13.5500 
-89.2639 -2.4277 978129.9 -86.0 1.9 3154.054 13.6000 
-89.2736 -2.4276 978130.4 -86.8 1.7 3152.347 13.6500 
-89.2834 -2.4275 978131.2 -87.0 2.3 3150.667 13.7000 
-89.2931 -2.4275 978131.2 -86.5 2.8 3148.705 13.7500 
-89.3027 -2.4275 978130.4 -85.6 2.9 3157.818 13.8000 
-89.3123 -2.4275 978129.3 -85.2 2.1 3158.306 13.8500 
-89.3218 -2.4275 978129.3 -85.2 2.1 3163.934 13.9000 
-89.3314 -2.4273 978129.2 -85.0 2.3 3163.351 13.9500 
-89.3408 -2.4271 978128.6 -84.6 2.0 3158.946 14.0000 
-89.3503 -2.4268 978128.2 -84.7 1.5 3159.558 14.0500 
-89.3598 -2.4265 978128.2 -84.9 1.4 3164.165 14.1000 
-89.3693 -2.4262 978128.0 -85.0 1.1 3172.348 14.1500 
-89.3788 -2.4259 978128.1 -84.9 1.3 3181.488 14.2000 
-89.3883 -2.4257 978127.6 -84.8 0.9 3186.411 14.2500 
-89.3978 -2.4255 978127.5 -84.6 0.9 3186.460 14.3000 
-89.4073 -2.4253 978127.2 -84.5 0.8 3183.098 14.3500 
-89.4167 -2.4251 978127.1 -84.6 0.7 3185.372 14.4000 
-89.4262 -2.4250 978126.8 -84.6 0.3 3189.559 14.4500 
-89.4357 -2.4249 978126.8 -84.7 0.3 3194.742 14.5000 
-89.4452 -2.4249 978126.9 -84.7 0.4 3181.031 14.5500 
-89.4546 -2.4249 978126.9 -84.5 0.4 3176.266 14.6000 
-89.4641 -2.4249 978126.6 -84.4 0.2 3185.619 14.6500 
-89.4735 -2.4249 978126.2 -84.2 0.0 3204.734 14.7000 
-89.4830 -2.4249 978126.4 -84.6 -0.2 3177.593 14.7500 
-89.4925 -2.4248 978126.6 -84.7 -0.0 3167.248 14.8000 
-89.5019 -2.4247 978126.7 -84.6 0.2 3176.971 14.8500 
-89.5114 -2.4247 978126.9 -85.0 -0.0 3175.155 14.9000 
-89.5209 -2.4246 978127.0 -84.5 0.5 3168.778 14.9500 
-89.5304 -2.4245 978126.5 -84.5 0.1 3183.160 15.0000 
-89.5399 -2.4244 978126.7 -85.2 -0.4 3182.147 15.0500 
-89.5494 -2.4244 978127.2 -85.4 -0.1 3192.714 15.1000 
-89.5590 -2.4243 978127.1 -85.4 -0.3 3208.175 15.1500 
-89.5686 -2.4242 978127.6 -85.8 -0.1 3209.279 15.2000 
-89.5782 -2.4241 978127.7 -85.8 0.0 3205.080 15.2500 
-89.5878 -2.4238 978128.0 -85.8 0.2 3208.434 15.3000 
-89.5974 -2.4236 978128.2 -86.0 0.3 3198.363 15.3500 
-89.6070 -2.4235 978128.3 -85.7 0.7 3204.701 15.4000 
-89.6166 -2.4233 978127.4 -85.6 -0.0 3204.398 15.4500 
-89.6262 -2.4231 978127.4 -85.6 -0.1 3201.075 15.5000 
-89.6358 -2.4230 978127.9 -85.5 0.5 3221.691 15.5500 
-89.6453 -2.4229 978127.6 -85.7 0.0 3220.988 15.6000 
-89.6550 -2.4229 978128.0 -86.4 -0.3 3220.932 15.6500 
-89.6647 -2.4229 978128.7 -86.2 0.6 3212.953 15.7000 
-89.6743 -2.4229 978128.0 -86.2 -0.1 3201.214 15.7500 
-89.6840 -2.4230 978128.1 -86.0 0.3 3220.530 15.8000 
-89.6936 -2.4229 978128.1 -86.0 0.2 3230.341 15.8500 
-89.7032 -2.4230 978128.0 -86.0 0.1 3223.101 15.9000 
-89.7128 -2.4229 978128.1 -86.1 0.1 3197.293 15.9500 
-89.7225 -2.4230 978128.4 -86.0 0.5 3183.589 16.0000 
-89.7321 -2.4230 978128.4 -85.3 1.2 3177.753 16.0500 
-89.7416 -2.4230 978127.9 -85.2 0.8 3184.482 16.1000 
-89.7511 -2.4230 978127.9 -85.1 0.9 3174.982 16.1500 
-89.7607 -2.4229 978128.3 -85.5 0.9 3160.800 16.2000 
-89.7703 -2.4228 978128.5 -85.6 1.0 3159.779 16.2500 
-89.7798 -2.4227 978129.1 -85.7 1.5 3165.599 16.3000 
-89.7895 -2.4226 978129.0 -86.1 1.0 3173.914 16.3500 
-89.7991 -2.4225 978129.4 -85.2 2.2 3186.548 16.4000 
-89.8086 -2.4223 978129.1 -86.1 1.1 3195.391 16.4500 
-89.8183 -2.4221 978130.0 -86.4 1.7 3193.447 16.5000 
-89.8280 -2.4219 978130.5 -86.8 1.8 3199.549 16.5500 
-89.8377 -2.4217 978130.9 -86.9 2.2 3204.517 16.6000 
-89.8475 -2.4215 978131.0 -87.1 2.0 3206.992 16.6500 
-89.8573 -2.4214 978131.5 -87.8 1.9 3213.110 16.7000 
-89.8671 -2.4212 978131.6 -86.8 2.9 3215.096 16.7500 
-89.8768 -2.4211 978130.7 -86.7 2.1 3213.657 16.8000 
-89.8864 -2.4210 978130.4 -86.2 2.3 3212.480 16.8500 
-89.8961 -2.4210 978130.0 -86.4 1.8 3212.146 16.9000 
-89.9058 -2.4210 978130.6 -86.6 2.1 3212.530 16.9500 
-89.9155 -2.4210 978130.3 -86.4 2.0 3207.739 17.0000 
-89.9252 -2.4211 978130.5 -87.0 1.6 3197.284 17.0500 
-89.9349 -2.4210 978130.7 -86.5 2.3 3187.069 17.1000 
-89.9446 -2.4209 978129.9 -86.5 1.4 3179.997 17.1500 
-89.9543 -2.4208 978129.9 -87.0 1.0 3189.813 17.2000 
-89.9640 -2.4208 978130.3 -87.3 1.1 3191.817 17.2500 
-89.9738 -2.4206 978130.4 -87.6 1.0 3198.251 17.3000 
-89.9836 -2.4205 978130.3 -87.2 1.3 3189.052 17.3500 
-89.9933 -2.4204 978129.5 -86.7 1.0 3186.134 17.4000 
-90.0031 -2.4203 978129.8 -87.0 1.0 3192.744 17.4500 
-90.0128 -2.4202 978129.5 -87.0 0.6 3195.902 17.5000 
-90.0225 -2.4201 978129.6 -86.7 1.0 3202.908 17.5500 
-90.0323 -2.4199 978129.9 -86.9 1.1 3200.121 17.6000 
-90.0420 -2.4198 978129.5 -86.6 1.0 3196.581 17.6500 
-90.0517 -2.4196 978129.2 -86.7 0.6 3206.224 17.7000 
-90.0614 -2.4195 978128.8 -86.6 0.3 3199.681 17.7500 
-90.0711 -2.4193 978128.8 -86.9 0.1 3188.019 17.8000 
-90.0808 -2.4192 978129.4 -87.2 0.3 3175.402 17.8500 
-90.0906 -2.4190 978129.5 -86.9 0.7 3172.628 17.9000 
-90.1003 -2.4189 978129.1 -86.8 0.4 3182.905 17.9500 
-90.1100 -2.4187 978129.0 -86.3 0.8 3193.654 18.0000 
-90.1197 -2.4185 978128.3 -86.3 0.2 3201.464 18.0500 
-90.1293 -2.4182 978128.2 -86.7 -0.3 3190.440 18.1000 
-90.1391 -2.4180 978128.3 -87.1 -0.7 3188.634 18.1500 
-90.1488 -2.4178 978128.8 -87.4 -0.5 3212.285 18.2000 
-90.1586 -2.4175 978128.7 -87.7 -0.9 3223.071 18.2500 
-90.1685 -2.4174 978128.9 -87.4 -0.3 3231.288 18.3000 
-90.1782 -2.4173 978128.2 -86.6 -0.3 3238.323 18.3500 
-90.1879 -2.4173 978128.0 -87.0 -0.9 3236.064 18.4000 
-90.1977 -2.4173 978128.2 -87.1 -0.7 3236.514 18.4500 
-90.2074 -2.4173 978127.8 -87.1 -1.1 3231.769 18.5000 
-90.2172 -2.4173 978128.0 -86.9 -0.7 3216.857 18.5500 
-90.2269 -2.4173 978127.5 -86.8 -1.2 3203.343 18.6000 
-90.2366 -2.4173 978127.5 -86.6 -1.0 3195.469 18.6500 
-90.2463 -2.4172 978127.4 -86.5 -0.9 3190.080 18.7000 
-90.2560 -2.4172 978126.8 -86.2 -1.3 3193.954 18.7500 
-90.2656 -2.4172 978126.3 -86.3 -1.9 3199.042 18.8000 
-90.2753 -2.4172 978127.0 -86.6 -1.4 3195.010 18.8500 
-90.2850 -2.4173 978127.3 -86.4 -1.0 3184.213 18.9000 
-90.2946 -2.4173 978127.2 -86.5 -1.1 3187.232 18.9500 
-90.3043 -2.4173 978127.1 -86.7 -1.5 3201.387 19.0000 
-90.3141 -2.4171 978127.0 -86.7 -1.6 3209.736 19.0500 
-90.3238 -2.4171 978126.4 -86.8 -2.3 3193.886 19.1000 
-90.3335 -2.4171 978126.7 -87.2 -2.3 3195.009 19.1500 
-90.3433 -2.4170 978126.7 -87.5 -2.7 3205.649 19.2000 
-90.3531 -2.4170 978126.7 -87.7 -2.9 3198.087 19.2500 
-90.3629 -2.4170 978127.4 -87.5 -2.0 3188.518 19.3000 
-90.3727 -2.4169 978127.2 -87.9 -2.6 3189.037 19.3500 
-90.3826 -2.4169 978127.5 -88.0 -2.3 3188.391 19.4000 
-90.3925 -2.4169 978127.4 -88.3 -2.8 3190.711 19.4500 
-90.4023 -2.4170 978127.7 -87.7 -1.9 3200.404 19.5000 
-90.4121 -2.4170 978127.3 -87.2 -1.8 3203.004 19.5500 
-90.4219 -2.4169 978126.9 -87.0 -1.9 3207.549 19.6000 
-90.4316 -2.4168 978126.9 -86.9 -1.9 3190.385 19.6500 
-90.4413 -2.4167 978126.8 -86.6 -1.6 3183.227 19.7000 
-90.4510 -2.4167 978125.9 -85.5 -1.5 3171.660 19.7500 
-90.4605 -2.4167 978125.4 -85.5 -2.0 3172.883 19.8000 
-90.4701 -2.4167 978125.2 -85.8 -2.5 3188.998 19.8500 
-90.4797 -2.4166 978125.7 -86.2 -2.4 3205.787 19.9000 
-90.4894 -2.4164 978126.3 -86.4 -2.0 3214.483 19.9500 
-90.4991 -2.4161 978126.2 -86.7 -2.4 3190.977 20.0000 
-90.5088 -2.4159 978126.4 -86.6 -2.0 3188.677 20.0500 
-90.5185 -2.4158 978125.9 -86.5 -2.5 3193.836 20.1000 
-90.5282 -2.4156 978126.0 -86.7 -2.6 3186.235 20.1500 
-90.5379 -2.4154 978126.6 -86.7 -2.0 3181.172 20.2000 
-90.5476 -2.4151 978126.4 -86.6 -2.0 3187.876 20.2500 
-90.5573 -2.4149 978126.4 -87.2 -2.6 3179.147 20.3000 
-90.5671 -2.4147 978127.7 -87.0 -1.2 3176.656 20.3500 
-90.5768 -2.4146 978127.2 -86.4 -1.0 3174.737 20.4000 
-90.5865 -2.4145 978126.8 -86.7 -1.7 3169.077 20.4500 
-90.5962 -2.4143 978127.8 -87.0 -1.0 3170.757 20.5000 
-90.6060 -2.4142 978128.6 -87.3 -0.6 3157.267 20.5500 
-90.6158 -2.4140 978129.6 -87.4 0.3 3130.880 20.6000 
-90.6255 -2.4138 978129.9 -86.8 1.3 3112.137 20.6500 
-90.6353 -2.4136 978129.7 -87.4 0.4 3119.183 20.7000 
-90.6451 -2.4134 978131.2 -87.2 2.2 3123.289 20.7500 
-90.6548 -2.4134 978130.9 -86.7 2.4 3108.033 20.8000 
-90.6645 -2.4134 978130.2 -86.5 1.9 3119.514 20.8500 
-90.6742 -2.4134 978129.6 -86.8 0.9 3115.859 20.9000 
-90.6839 -2.4134 978130.3 -87.4 1.1 3106.808 20.9500 
-90.6937 -2.4133 978131.2 -87.4 1.9 3108.308 21.0000 
-90.7035 -2.4133 978130.9 -87.2 2.0 3104.271 21.0500 
-90.7133 -2.4132 978130.9 -87.6 1.4 3099.573 21.1000 
-90.7231 -2.4131 978131.5 -87.7 1.9 3098.634 21.1500 
-90.7329 -2.4130 978131.4 -87.2 2.3 3096.689 21.2000 
-90.7427 -2.4129 978131.4 -87.2 2.4 3105.144 21.2500 
-90.7524 -2.4129 978130.9 -86.9 2.2 3113.902 21.3000 
-90.7621 -2.4131 978130.2 -79.5 8.9 2978.167 21.3500 
-90.7696 -2.4132 978116.7 -51.6 23.3 882.209 21.4000 
-90.7742 -2.4133 978088.7 -38.5 8.4 -99.000 21.4500 
-90.7782 -2.4132 978081.0 -39.5 -0.3 -99.000 21.5000 
-90.7836 -2.4134 978088.9 -65.8 -18.7 -99.000 21.5500 
-90.7925 -2.4134 978118.3 -81.9 -5.4 -99.000 21.6000 
-90.8018 -2.4133 978126.6 -82.1 2.6 -99.000 21.6500 
-90.8107 -2.4131 978124.5 -71.9 10.8 -99.000 21.7000 
-90.8169 -2.4106 978108.7 -6.8 60.1 -99.000 21.7500 
-90.8167 -2.4104 978054.9 5.8 18.8 -99.000 21.8000 
-90.8164 -2.4111 978040.9 0.2 -0.7 -99.000 21.8500 
-90.8164 -2.4110 978043.0 -0.1 1.1 -99.000 21.9000 
-90.8164 -2.4109 978043.3 -0.1 1.4 -99.000 21.9500 
-90.8163 -2.4108 978043.7 -0.2 1.8 -99.000 22.0000 
-90.8163 -2.4106 978043.4 -0.4 1.2 -99.000 22.0500 
-90.8163 -2.4105 978043.7 -0.5 1.4 -99.000 22.1000 
-90.8163 -2.4105 978043.8 -0.3 1.7 -99.000 22.1500 
-90.8163 -2.4105 978043.9 -0.2 1.8 -99.000 22.2000 
-90.8163 -2.4106 978043.7 -0.2 1.6 -99.000 22.2500 
-90.8163 -2.4106 978043.5 -0.4 1.3 -99.000 22.3000 
-90.8163 -2.4106 978044.1 -0.2 2.1 -99.000 22.3500 
-90.8163 -2.4106 978044.1 -0.2 2.0 -99.000 22.4000 
-90.8163 -2.4106 978044.2 -0.4 2.0 -99.000 22.4500 
-90.8163 -2.4106 978043.7 -0.2 1.7 -99.000 22.5000 
-90.8164 -2.4107 978043.4 -1.3 0.3 -99.000 22.5500 
-90.8165 -2.4107 978044.7 6.8 9.7 -99.000 22.6000 
-90.8147 -2.4114 978032.5 15.3 6.0 -99.000 22.6500 
-90.8143 -2.4117 978035.7 -6.6 -12.8 -99.000 22.7000 
-90.8152 -2.4119 978051.0 -8.1 1.1 -99.000 22.7500 
-90.8161 -2.4119 978051.3 -8.9 0.6 -99.000 22.8000 
-90.8172 -2.4124 978053.5 -19.9 -8.3 -99.000 22.8500 
-90.8202 -2.4126 978067.2 -38.7 -13.3 1032.459 22.9000 
-90.8263 -2.4128 978092.5 -70.8 -20.1 3017.131 22.9500 
-90.8356 -2.4128 978122.1 -85.7 -5.4 3118.168 23.0000 
-90.8454 -2.4125 978130.4 -87.7 0.9 3126.950 23.0500 
-90.8552 -2.4122 978130.9 -87.0 2.1 3109.588 23.1000 
-90.8649 -2.4118 978130.5 -87.2 1.4 3080.104 23.1500 
-90.8747 -2.4114 978130.8 -87.2 1.8 3122.700 23.2000 
-90.8844 -2.4113 978130.5 -87.4 1.2 3134.163 23.2500 
-90.8943 -2.4109 978130.8 -87.7 1.3 3105.641 23.3000 
-90.9041 -2.4105 978130.4 -87.8 0.8 3083.900 23.3500 
-90.9139 -2.4103 978130.0 -87.5 0.8 3105.576 23.4000 
-90.9237 -2.4101 978129.5 -87.3 0.4 3126.870 23.4500 
-90.9335 -2.4099 978129.0 -87.1 0.1 3127.636 23.5000 
-90.9432 -2.4097 978128.9 -86.6 0.5 3124.706 23.5500 
-90.9529 -2.4095 978128.8 -86.9 0.1 3120.635 23.6000 
-90.9626 -2.4093 978129.4 -87.1 0.5 3118.779 23.6500 
-90.9724 -2.4091 978129.9 -86.9 1.2 3105.664 23.7000 
-90.9821 -2.4089 978131.0 -87.2 1.9 3082.025 23.7500 
-90.9919 -2.4088 978133.1 -87.6 3.7 3054.439 23.8000 
-91.0017 -2.4086 978134.0 -87.7 4.5 2988.341 23.8500 
-91.0115 -2.4086 978135.3 -87.6 5.9 2973.269 23.9000 
-91.0213 -2.4084 978136.8 NaN NaN 2982.732 23.9500 
