-85.5159	5.2619	978159.9	NaN	NaN	1769.013	0	39.4245758846
-85.5206	5.2546	978159.6	-42.3	41.3	1776.092	0.05	39.0961972708
-85.5253	5.2472	978158.7	-41.5	41.2	1816.798	0.1	38.7798016208
-85.53	5.2399	978157.5	-41.1	40.7	1800.587	0.15	38.537586326
-85.5346	5.2326	978156.6	-41	40	1751.849	0.2	38.3460540768
-85.5392	5.2253	978156.8	-41.2	40.1	1746.237	0.25	38.1774564034
-85.5439	5.218	978157.2	-41.5	40.3	1721.219	0.3	38.1376294943
-85.5486	5.2107	978157.9	-41.9	40.8	1669.923	0.35	38.2770389941
-85.5533	5.2035	978159.2	-42.8	41.3	1631.399	0.4	38.5537198105
-85.5582	5.1962	978161.2	-44	42.2	1579.602	0.45	38.9732132148
-85.5632	5.189	978162.8	-57.6	30.3	1566.323	0.5	39.5266139829
-85.5653	5.1811	978148.5	67.5	141.3	1548.173	0.55	40.811090404
-85.5592	5.1746	978084.7	58.9	69	1514.057	0.6	43.0303488867
-85.5524	5.1686	978063.6	65.2	54.2	1510.497	0.65	45.4974101193
-85.5449	5.1631	978059.9	67.2	52.6	1500.236	0.7	47.9496012176
-85.5375	5.1576	978059.6	67.3	52.5	1488.802	0.75	49.7008080019
-85.53	5.152	978059.3	67	52	1559.332	0.8	50.6891286325
-85.5226	5.1464	978059.1	65.8	50.6	1629.407	0.85	50.517045431
-85.5154	5.1407	978058.6	64.9	49.4	1612.21	0.9	49.1735381165
-85.5083	5.135	978058.6	64.6	49.1	1593.472	0.95	47.0152188025
-85.5011	5.1293	978058.9	64.9	49.8	1569.693	1	44.1711276735
-85.4939	5.1237	978059.8	65.7	51.6	1507.664	1.05	40.9274648635
-85.4865	5.1181	978058.3	66.4	50.9	1485.619	1.1	37.4374452565
-85.4792	5.1125	978054.7	66.6	47.7	1636.386	1.15	33.7796848548
-85.4718	5.107	978049.1	67	42.6	1963.581	1.2	29.9655212009
-85.4643	5.1014	978042.4	66.8	35.7	2151.495	1.25	25.8403984293
-85.457	5.0959	978037.2	66	29.8	2249.401	1.3	22.0110706459
-85.4497	5.0903	978032.9	65.9	25.5	2143.341	1.35	18.5170368144
-85.4424	5.0846	978028.6	65.7	21.1	2254.31	1.4	15.3039636817
-85.4351	5.0788	978024.8	65.5	17.2	2439.553	1.45	12.3909940671
-85.4279	5.0731	978021.8	65.3	14.1	2438.413	1.5	9.87002009783
-85.4206	5.0674	978019.4	65.6	12.1	2423.419	1.55	7.95294358547
-85.4134	5.0616	978018.5	65.9	11.5	2377.985	1.6	6.65098498834
-85.406	5.0559	978018.3	66.3	11.8	2342.534	1.65	5.641975682
-85.3987	5.0502	978018.1	66.4	11.9	2340.741	1.7	4.979031818
-85.3913	5.0446	978017.8	66.2	11.4	2388.825	1.75	4.31489424057
-85.384	5.0389	978017.6	65.7	10.9	2446.768	1.8	3.72184361919
-85.3768	5.0333	978016.9	65.1	9.6	2514.315	1.85	3.09872513808
-85.3695	5.0278	978015.8	66.1	9.5	2536.679	1.9	2.25296203992
-85.3622	5.0222	978013.3	66.5	7.5	2543.155	1.95	1.23941767391
-85.3548	5.0167	978013.9	72	13.7	2579.921	2	-0.120736804116
-85.3528	5.009	978050.8	-73.6	-94.8	2609.769	2.05	-0.459662230777
-85.3569	5.0019	978105.7	-39.9	-6.1	2449.596	2.1	0.603395611743
-85.3614	4.9949	978120.1	-40.2	8.1	2284.99	2.15	1.67769316478
-85.3659	4.9877	978121.8	-40.7	9.4	2143.771	2.2	2.50005976828
-85.3706	4.9807	978123.6	-42.1	10	2127.195	2.25	3.17803406655
-85.3753	4.9738	978125.2	-42.4	11.3	2264.667	2.3	3.69076695041
-85.3801	4.9668	978125	-42.7	10.8	2322.484	2.35	3.98595370202
-85.385	4.9599	978124.9	-44	9.6	2404.23	2.4	4.19094314779
-85.39	4.9531	978125.3	-44.4	9.7	2420.482	2.45	4.47327981515
-85.395	4.9463	978125	-44.4	9.5	2399.926	2.5	4.87506657269
-85.4	4.9394	978125	-43.8	10.2	2366.577	2.55	5.44469041631
-85.4048	4.9326	978124.6	-43.2	10.6	2368.993	2.6	6.10649122881
-85.4097	4.926	978125.1	-44.3	10	2349.674	2.65	7.00998698737
-85.4147	4.9194	978127.3	-44.8	11.9	2303.409	2.7	8.17275032026
-85.4198	4.9128	978129.4	-45.3	13.5	2280.746	2.75	9.66077156254
-85.4249	4.9063	978131.2	-45.6	15.1	2265.861	2.8	11.4765229339
-85.43	4.8998	978132.6	-45.7	16.6	2252.317	2.85	13.5469570564
-85.4352	4.8933	978134.5	-46	18.2	2216.036	2.9	15.849627101
-85.4404	4.8868	978137.1	-46.4	20.6	2191.693	2.95	18.234846736
-85.4456	4.8803	978139.8	-46.1	23.7	2198.622	3	20.6197615031
-85.4508	4.8738	978142	-46.1	26	2137.509	3.05	23.0553912868
-85.4559	4.8673	978145.2	-45.8	29.6	2098.049	3.1	25.3138686375
-85.4611	4.8607	978147.4	-46.2	31.5	2078.251	3.15	27.4560043343
-85.4663	4.8541	978150.7	-46.5	34.5	2066.934	3.2	29.5966765289
-85.4715	4.8476	978152.6	-46.2	36.9	2010.423	3.25	31.5940119698
-85.4766	4.841	978154.2	-44.9	39.9	1860.278	3.3	33.3881328881
-85.4816	4.8342	978154	-43.9	40.8	1805.525	3.35	35.0688143396
-85.4865	4.8274	978154.3	-43.7	41.4	1844.555	3.4	36.4804107896
-85.4914	4.8206	978154.7	-43.4	42.1	1883.218	3.45	37.5098349008
-85.4963	4.8138	978154.6	-43.1	42.4	1897.39	3.5	38.1627806218
-85.5011	4.8069	978154.2	-43.3	42	1905.595	3.55	38.3948904184
-85.5061	4.8	978154.3	-43.8	41.6	1927.383	3.6	38.2362453558
-85.511	4.7931	978154.2	-43.7	41.8	1908.163	3.65	37.6772444917
-85.5159	4.7862	978153.7	-43.8	41.3	1895.583	3.7	36.6952672141
-85.5208	4.7793	978153.3	-44.9	39.9	1899.619	3.75	35.3968768695
-85.5259	4.7725	978152.9	-45.6	38.9	1920.059	3.8	33.7552003805
-85.5311	4.7657	978151.1	-46	36.8	1999.683	3.85	31.6491030262
-85.5363	4.7589	978148.7	-46.4	34	2085.589	3.9	29.1331905273
-85.5415	4.7522	978146.2	-47.4	30.7	2147.673	3.95	26.4103418476
-85.5469	4.7455	978144.3	-47.8	28.5	2205.86	4	23.5794044461
-85.5523	4.7389	978141	-47.9	25.2	2253.017	4.05	21.0203274134
-85.5577	4.7322	978139.3	-48.4	23.1	2268.519	4.1	18.8779615683
-85.5631	4.7255	978137.7	-48.8	21.2	2253.617	4.15	17.1864559748
-85.5686	4.7188	978136.2	-49.1	19.5	2261.064	4.2	15.809395091
-85.5742	4.712	978134.7	-49.6	17.6	2276.259	4.25	14.6803026252
-85.5798	4.7053	978133.5	-49.5	16.6	2282.038	4.3	13.7405954471
-85.5853	4.6984	978132.2	-48.3	16.6	2286.562	4.35	12.8998890667
-85.5906	4.6915	978129.6	-47.1	15.2	2294.734	4.4	12.0573296048
-85.5958	4.6844	978127.2	-45.4	14.7	2305.88	4.45	11.1938630301
-85.6009	4.6773	978124.8	-44.5	13.3	2316.484	4.5	10.4785568384
-85.6058	4.6701	978122.9	-43.9	12	2332.294	4.55	9.88461930898
-85.6108	4.663	978122	-44.8	10.4	2346.843	4.6	9.35876384029
-85.6159	4.656	978123	-45.5	10.8	2356.041	4.65	9.02140067596
-85.621	4.6489	978123.1	-46.2	10.4	2360.392	4.7	8.81077011051
-85.6262	4.6419	978123.1	-46.1	10.6	2367.319	4.75	8.58773434549
-85.6314	4.6348	978122.8	-46.2	10.2	2373.841	4.8	8.3736210795
-85.6366	4.6277	978122.6	-46.3	10	2381.171	4.85	8.12164765325
-85.6418	4.6207	978121.9	-46.4	9.3	2388.43	4.9	7.72225319898
-85.647	4.6136	978122.3	-46.3	10	2393.35	4.95	7.21910640378
-85.6522	4.6066	978121.8	-45.8	10.1	2400.139	5	6.67488152182
-85.6573	4.5997	978121.4	-45.9	9.6	2399.226	5.05	6.20153245851
-85.6625	4.5928	978122	-46.5	9.7	2399.274	5.1	5.75396399056
-85.6677	4.5858	978121.9	-46.4	9.8	2404.926	5.15	5.33141178794
-85.673	4.5789	978121.9	-46.3	10	2409.826	5.2	5.06116519581
-85.6782	4.5719	978122.3	-46.4	10.4	2418.955	5.25	4.91574502523
-85.6834	4.565	978122.3	-46.2	10.8	2432.832	5.3	4.87195752198
-85.6886	4.5581	978121.6	-45.7	10.6	2453.842	5.35	4.92560254545
-85.6937	4.5512	978120.6	-45.4	10.1	2476.418	5.4	5.0277000365
-85.6987	4.5443	978119.9	-45.2	9.6	2480.355	5.45	5.1616886333
-85.7038	4.5375	978119.5	-45.9	8.6	2496.318	5.5	5.19429893046
-85.709	4.5307	978119.4	-45.8	8.7	2542.259	5.55	5.00253328639
-85.7141	4.5241	978117.7	-45.4	7.5	2588.803	5.6	4.75006565467
-85.7192	4.5173	978116.5	-45.1	6.6	2606.437	5.65	4.417716717
-85.7243	4.5105	978115.2	-44.4	6.3	2602.656	5.7	3.96947947059
-85.7292	4.5037	978113.5	-43.6	5.3	2601.753	5.75	3.36901135593
-85.7341	4.497	978112.6	-43.9	4.3	2598.24	5.8	2.58768594242
-85.739	4.4902	978112.5	-44.7	3.5	2598.043	5.85	1.6646749792
-85.7441	4.4836	978113.1	-45.9	3	2604.275	5.9	0.701797088201
-85.7493	4.4769	978113.5	-46.6	2.7	2600.033	5.95	-0.302043919894
-85.7546	4.4702	978113.8	-47.3	2.5	2579.079	6	-1.3235515662
-85.76	4.4635	978113.7	-47.9	1.8	2571.501	6.05	-2.4014093501
-85.7653	4.4569	978113.1	-47.6	1.7	2583.818	6.1	-3.52608054888
-85.7706	4.4501	978112.1	-46.9	1.5	2599.81	6.15	-4.67376874706
-85.7759	4.4433	978110.6	-46.8	0.2	2605.251	6.2	-5.66064752434
-85.7811	4.4365	978109.2	-46.3	-0.6	2597.785	6.25	-6.36768033215
-85.7863	4.4298	978107.6	-46.9	-2.9	2611.569	6.3	-6.80756583732
-85.7916	4.423	978107.1	-47.4	-3.7	2620.938	6.35	-6.92247264103
-85.797	4.4161	978107	-47.5	-3.8	2621.712	6.4	-6.72077922576
-85.8023	4.4092	978106.5	-47.2	-3.8	2617.064	6.45	-6.23174503222
-85.8076	4.4024	978105.8	-47.2	-4.5	2611.14	6.5	-5.47908168749
-85.8129	4.3956	978106.4	-47.2	-3.8	2583.147	6.55	-4.46486693373
-85.8182	4.3887	978107	-46.5	-2.4	2561.867	6.6	-3.11071809125
-85.8233	4.3818	978107.4	-45.8	-1.2	2531.925	6.65	-1.39506487702
-85.8285	4.3749	978109.3	-45.2	1.3	2471.65	6.7	0.507693242599
-85.8335	4.368	978110.9	-44.9	3.4	2384.061	6.75	2.47674177222
-85.8385	4.361	978112.9	-44.7	5.6	2335.743	6.8	4.48730665931
-85.8435	4.3541	978115.2	-44.4	8.3	2292.18	6.85	6.53366241685
-85.8485	4.3472	978116.8	-44.2	10.3	2251.401	6.9	8.6630502526
-85.8534	4.3402	978118.4	-43.8	12.4	2209.744	6.95	10.7505564504
-85.8584	4.3333	978119.8	-44.7	12.9	2171.126	7	12.8496518398
-85.8634	4.3264	978122.7	-45.5	15.1	2149.15	7.05	15.0322988721
-85.8686	4.3196	978124.7	-45.7	17	2137.033	7.1	17.3036348393
-85.8738	4.3127	978126.4	-46.6	17.9	2056.234	7.15	19.6689387141
-85.879	4.3059	978128.9	-46.7	20.4	2031.592	7.2	21.7989396844
-85.8843	4.2991	978130.7	-46.9	22.2	1957.493	7.25	23.8259854013
-85.8895	4.2923	978132.9	-46.9	24.4	1935.057	7.3	25.6138709912
-85.8948	4.2854	978134	-46.9	25.6	1951.82	7.35	27.0812672284
-85.9	4.2786	978136.3	-46.6	28.2	1879.515	7.4	28.2048827511
-85.9053	4.2716	978137.7	-46.8	29.6	1706.67	7.45	28.9231265838
-85.9105	4.2647	978140.5	-46.7	32.5	1511.386	7.5	29.3475984048
-85.9157	4.2577	978142.4	-43.4	37.8	1244.083	7.55	29.4901457198
-85.9204	4.2504	978141.7	-41.9	38.8	1026.921	7.6	29.4244070948
-85.9251	4.2431	978143.4	-42	40.5	1004.906	7.65	29.1672037891
-85.9298	4.2359	978145.1	-41.7	42.6	793.135	7.7	28.641424964
-85.9344	4.2287	978144.7	-41.2	42.7	906.449	7.75	27.8857856301
-85.9391	4.2216	978142.2	-41.6	40	1149.884	7.8	26.7975547958
-85.9438	4.2144	978138.4	-41.6	36.3	1403.852	7.85	25.2733518858
-85.9484	4.2073	978134.1	-41.6	32	1505.643	7.9	23.4338141121
-85.9531	4.2001	978129.8	-41.9	27.5	1805.205	7.95	21.1821094367
-85.9578	4.193	978126	-42	23.6	2037.516	8	18.847462369
-85.9626	4.1857	978122.9	-42.1	20.6	2143.304	8.05	16.5419993155
-85.9673	4.1786	978119.7	-40.7	18.9	2179.104	8.1	14.4384615551
-85.9717	4.1713	978115.3	-39.9	15.4	2221.024	8.15	12.614864207
-85.9762	4.164	978113.2	-39.9	13.4	2240.531	8.2	10.8810925828
-85.9807	4.1567	978110.9	-39.7	11.4	2281.754	8.25	9.45298909393
-85.9851	4.1493	978109.4	-39.9	9.8	2325.679	8.3	8.31067317352
-85.9896	4.142	978108	-40.2	8.2	2362.462	8.35	7.30645484332
-85.9942	4.1347	978107	-40.4	7.1	2391.083	8.4	6.33173904267
-85.9987	4.1273	978105.9	-40.5	5.9	2393.984	8.45	5.3491844686
-86.0033	4.12	978104.7	-40.6	4.8	2376.276	8.5	4.30214826069
-86.0078	4.1126	978103.9	-40.6	4.1	2388.662	8.55	3.22155058479
-86.0124	4.1052	978103.4	-40.2	4.1	2417.953	8.6	2.29945064378
-86.0169	4.0978	978102.1	-40.1	3	2430.529	8.65	1.52436482059
-86.0214	4.0904	978101.6	-40.3	2.3	2424.882	8.7	0.944041634368
-86.026	4.0831	978102.4	-42.2	1.4	2456.948	8.75	0.548295943357
-86.0308	4.0759	978104.4	-42.9	2.8	2440.243	8.8	0.24588986414
-86.0356	4.0687	978104.9	-42.5	3.7	2409.395	8.85	-0.0979852418887
-86.0403	4.0614	978104.6	-41.9	4.1	2423.82	8.9	-0.57418341808
-86.045	4.0542	978104	-41.6	3.9	2440.956	8.95	-1.0012946065
-86.0497	4.047	978103.4	-41.5	3.6	2436.607	9	-1.34780569715
-86.0543	4.0398	978103.7	-41.6	3.7	2428.05	9.05	-1.55491853947
-86.059	4.0327	978103.6	-41	4.4	2464.036	9.1	-1.41558188069
-86.0636	4.0255	978103.1	-40.6	4.4	2477.32	9.15	-0.791782597195
-86.0681	4.0183	978103.2	-40.1	5.1	2470.64	9.2	0.245047697397
-86.0726	4.011	978102.2	-39.4	4.9	2479.58	9.25	1.4681346928
-86.077	4.0036	978102.1	-39.8	4.5	2483.608	9.3	2.59510897361
-86.0815	3.9963	978102.9	-40	5.1	2494.865	9.35	3.68690412237
-86.086	3.9889	978103.3	-39.7	6	2514.389	9.4	4.57149272541
-86.0904	3.9815	978102.7	-39.3	5.8	2517.515	9.45	4.98831170618
-86.0948	3.9741	978102.4	-39.9	5	2518.155	9.5	5.00914753628
-86.0994	3.9669	978103.8	-41.9	4.5	2527.589	9.55	4.7420475736
-86.1041	3.9597	978105.4	-41.4	6.8	2541.956	9.6	4.22754024525
-86.1087	3.9525	978104.5	-41	6.3	2535.005	9.65	3.69539305073
-86.1133	3.9452	978104.5	-41	6.4	2534.895	9.7	3.11239167913
-86.1179	3.938	978104.6	-41.3	6.3	2545.884	9.75	2.48878272133
-86.1225	3.9308	978104.9	-41.3	6.7	2537.346	9.8	2.01336820593
-86.1272	3.9236	978104.7	-41.3	6.5	2532.511	9.85	1.74080859025
-86.1318	3.9164	978104.9	-41.3	6.8	2523.767	9.9	1.60697415085
-86.1364	3.9092	978104.8	-41	7.1	2534.339	9.95	1.5356928065
-86.141	3.9019	978104.1	-40.8	6.7	2550.745	10	1.55395228697
-86.1456	3.8947	978103.8	-40.8	6.5	2540.931	10.05	1.75835064916
-86.1502	3.8875	978103.5	-41	6.1	2531.319	10.1	2.13578736149
-86.1548	3.8802	978103.5	-41	6.1	2541.281	10.15	2.50679426957
-86.1594	3.873	978103.6	-40.9	6.4	2559.317	10.2	2.7276103637
-86.164	3.8658	978103.1	-41.1	5.8	2574.983	10.25	2.87692187966
-86.1686	3.8585	978103	-41.4	5.5	2590.03	10.3	2.94996983368
-86.1733	3.8513	978103.4	-41.7	5.7	2596.144	10.35	2.8972323667
-86.178	3.8442	978103.2	-41.8	5.5	2592.31	10.4	2.7626005991
-86.1827	3.837	978103.3	-42.2	5.3	2599.96	10.45	2.67703476385
-86.1874	3.8299	978103.8	-42.4	5.7	2612.711	10.5	2.64912223892
-86.1922	3.8227	978103.5	-42.4	5.5	2611.239	10.55	2.65465831575
-86.197	3.8156	978103	-41	6.5	2602.611	10.6	2.63466587859
-86.2013	3.8083	978100.2	-38.7	6	2597.364	10.65	2.60358902462
-86.2057	3.801	978097.8	-38.5	4	2608.397	10.7	2.6633355937
-86.21	3.7937	978097.5	-38.5	3.7	2629.517	10.75	2.76490668115
-86.2143	3.7863	978097	-38	3.8	2637.413	10.8	2.90532587365
-86.2185	3.779	978096.2	-38.2	3	2618.94	10.85	3.04148568559
-86.2228	3.7716	978096.6	-38.2	3.4	2604.866	10.9	3.10485801277
-86.2271	3.7643	978096.4	-38.2	3.3	2602.419	10.95	3.11172059291
-86.2314	3.757	978096.5	-38.3	3.3	2592.767	11	2.87765114771
-86.2357	3.7496	978096.9	-38.3	3.8	2577.894	11.05	2.36899482449
-86.24	3.7423	978097	-37.8	4.5	2570.498	11.1	1.82529820553
-86.2442	3.735	978096.5	-37.4	4.5	2591.956	11.15	1.34989414364
-86.2484	3.7277	978096.4	-38.5	3.4	2623.852	11.2	1.02840650184
-86.2529	3.7206	978097.8	-40.3	3	2639.046	11.25	0.943890780186
-86.2574	3.7134	978098.5	-40.4	3.7	2641.134	11.3	0.949086818029
-86.2619	3.7062	978097.7	-40.7	2.8	2645.086	11.35	0.928998222681
-86.2665	3.6992	978097.7	-41.4	2.1	2664.13	11.4	0.87344916609
-86.2712	3.692	978097.7	-41.9	1.7	2681.085	11.45	0.645986473371
-86.2759	3.6849	978097.4	-42.1	1.3	2686.389	11.5	0.310928212527
-86.2807	3.6777	978097.4	-42.1	1.4	2689.147	11.55	-0.152311855178
-86.2853	3.6705	978096.5	-41.7	0.9	2688.893	11.6	-0.786601670188
-86.29	3.6633	978095.8	-41.5	0.6	2685.795	11.65	-1.51183546984
-86.2946	3.6561	978094.9	-41.4	-0.2	2680.505	11.7	-2.17942290823
-86.2993	3.6489	978094.9	-41.5	-0.2	2666.797	11.75	-2.84858707886
-86.304	3.6416	978094.7	-41.7	-0.5	2661.995	11.8	-3.5209664133
-86.3086	3.6344	978095.1	-41.4	0.2	2665.566	11.85	-4.06435955588
-86.3133	3.6272	978094.9	-40.8	0.8	2649.933	11.9	-4.37333139577
-86.3178	3.62	978094.1	-40.8	0	2618.306	11.95	-4.47131187764
-86.3224	3.6127	978094.7	-46.5	-5	2618.683	12	-4.42877836492
-86.3285	3.607	978105.3	-61.5	-9.4	2621.177	12.05	-4.10449072854
-86.3357	3.6027	978117.9	-64.8	0	2609.491	12.1	-3.45734797941
-86.343	3.5984	978119.7	-64.7	2	2616.778	12.15	-2.86020694565
-86.3502	3.594	978119.3	-63.9	2.4	2612.261	12.2	-2.4125938309
-86.3573	3.5895	978118.9	-64	2	2597.292	12.25	-2.02702059452
-86.3645	3.5851	978119.1	-63.6	2.7	2578.741	12.3	-1.77659667465
-86.3716	3.5807	978118.9	-63.6	2.5	2540.489	12.35	-1.56278536802
-86.3787	3.5762	978118.7	-63.4	2.5	2499.152	12.4	-1.12541568348
-86.3858	3.5716	978119.1	-63.8	2.6	2482.121	12.45	-0.558604079684
-86.393	3.5669	978120	-64.5	2.8	2473.156	12.5	0.377199731028
-86.4002	3.5623	978120.6	-64.2	3.8	2459.544	12.55	1.83251896737
-86.4074	3.5576	978120	-64	3.4	2454.39	12.6	3.37604339732
-86.4146	3.5529	978120.7	-64.4	3.8	2450.623	12.65	4.65119601479
-86.4218	3.5482	978122.2	-64.6	5.2	2433.886	12.7	5.66589873151
-86.429	3.5435	978122.3	-64.1	5.8	2416.809	12.75	6.12548404718
-86.4362	3.5388	978122.5	-63.8	6.3	2407.048	12.8	6.12035293823
-86.4433	3.534	978122.7	-64.1	6.2	2387.21	12.85	5.94395872833
-86.4505	3.5292	978123.1	-64.2	6.6	2389.096	12.9	5.57066637198
-86.4577	3.5245	978122.8	-64.3	6.3	2393.068	12.95	5.07355976719
-86.4649	3.5198	978122.6	-64.8	5.7	2386.614	13	4.41890650018
-86.4722	3.515	978123.1	-65.1	5.9	2382.509	13.05	3.63935598416
-86.4795	3.5102	978123.3	-65.2	6.1	2377.63	13.1	2.86960597235
-86.4868	3.5054	978123	-65.4	5.7	2376.391	13.15	1.97991880043
-86.4942	3.5008	978123.2	-66.3	4.9	2374.256	13.2	1.148420077
-86.5017	3.4963	978124.1	-66.8	5.4	2376.718	13.25	0.459505774795
-86.5092	3.4919	978124.5	-66.9	5.8	2379.038	13.3	-0.0310258009398
-86.5166	3.4876	978124.3	-66.6	6	2378.372	13.35	-0.152825038444
-86.5241	3.4832	978123.8	-66.5	5.5	2374.312	13.4	-0.0267385482479
-86.5315	3.4788	978124	-66.9	5.4	2369.84	13.45	0.240800600296
-86.5391	3.4743	978124.2	-67.1	5.5	2375.258	13.5	0.646130282947
-86.5466	3.4699	978124.7	-66.8	6.3	2389.331	13.55	1.19426424105
-86.554	3.4655	978123.4	-65.5	6.3	2394.656	13.6	1.87817676367
-86.5613	3.4609	978122.1	-65.4	5.1	2406.633	13.65	2.48025372309
-86.5686	3.4563	978122.1	-65.4	5.3	2418.404	13.7	3.03661367272
-86.576	3.4517	978121.7	-65.6	4.7	2425.824	13.75	3.59995222893
-86.5833	3.4473	978122	-66	4.6	2426.32	13.8	4.04577209706
-86.5907	3.4428	978121.8	-66	4.5	2453.612	13.85	4.33910354449
-86.5981	3.4383	978122.1	-66.2	4.6	2460.013	13.9	4.52760992132
-86.6055	3.4339	978122.2	-65.3	5.7	2468.874	13.95	4.57165014789
-86.6128	3.4292	978121	-64.3	5.5	2471.355	14	4.49650172945
-86.62	3.4244	978120.7	-64.3	5.3	2468.668	14.05	4.46731525801
-86.6271	3.4196	978120.3	-63.8	5.4	2475.074	14.1	4.49311045659
-86.6343	3.4148	978120.1	-63.8	5.3	2482.938	14.15	4.43115589037
-86.6414	3.4101	978120.6	-63.4	6.2	2478.078	14.2	4.2723488084
-86.6485	3.4054	978120.2	-63.3	6	2475.853	14.25	4.11657541102
-86.6556	3.4007	978120.1	-63	6.2	2479.629	14.3	3.9552976916
-86.6626	3.396	978119.7	-62.6	6.2	2478.938	14.35	3.78850829174
-86.6696	3.3913	978119.6	-62.8	6.1	2477.535	14.4	3.68645573959
-86.6766	3.3866	978119.8	-63	6	2474.182	14.45	3.71022475823
-86.6837	3.3819	978120.3	-63.4	6.2	2476.151	14.5	3.82693648744
-86.6908	3.3773	978120.5	-63.3	6.6	2475.834	14.55	3.8626601497
-86.6979	3.3727	978120.7	-63.6	6.5	2475.765	14.6	3.67122135624
-86.7051	3.3681	978120.8	-63.6	6.7	2482.313	14.65	3.30024814477
-86.7122	3.3635	978120.5	-63.5	6.6	2491.371	14.7	2.90149157746
-86.7193	3.3589	978120.7	-63.9	6.4	2499.595	14.75	2.47260560166
-86.7264	3.3542	978120.6	-64.2	6.1	2509.447	14.8	2.18338419287
-86.7337	3.3497	978120.9	-64.7	5.8	2515.149	14.85	2.0736075808
-86.7409	3.3452	978121.4	-65.2	6	2520.101	14.9	1.99542061051
-86.7482	3.3407	978121.2	-65.2	5.8	2528.039	14.95	1.99094849268
-86.7555	3.3363	978120.9	-65.3	5.4	2535.108	15	2.04518423262
-86.7628	3.3318	978120.9	-64.9	5.9	2540.134	15.05	1.97960974799
-86.7701	3.3275	978119.8	-64.9	4.8	2544.024	15.1	1.85387476277
-86.7774	3.323	978120.1	-65.2	4.9	2548.537	15.15	1.7920197149
-86.7847	3.3186	978120.8	-65.6	5.2	2550.693	15.2	1.80588531761
-86.7921	3.3141	978120.5	-65.9	4.7	2557.576	15.25	1.8564380969
-86.7994	3.3096	978120	-65.9	4.3	2571.432	15.3	1.94340313257
-86.8068	3.305	978119.7	-66	3.8	2582.337	15.35	1.99309991272
-86.8142	3.3005	978119.7	-65.7	4.2	2586.95	15.4	1.87549287435
-86.8215	3.2959	978118.9	-65.6	3.5	2587.822	15.45	1.53116344
-86.8289	3.2914	978118.9	-65.9	3.3	2594.48	15.5	0.996004770508
-86.8363	3.2868	978118.5	-65.9	3	2594.315	15.55	0.339888861474
-86.8436	3.2822	978118.4	-65.9	2.9	2591.731	15.6	-0.224932381442
-86.851	3.2776	978117.9	-65.4	3	2601.744	15.65	-0.765757843398
-86.8583	3.273	978116.8	-65.4	1.9	2611.316	15.7	-1.18505594619
-86.8656	3.2685	978116.5	-65.6	1.4	2617.772	15.75	-1.3602593233
-86.873	3.2639	978116.9	-65.4	2	2622.105	15.8	-1.39576392727
-86.8803	3.2592	978116.1	-65.4	1.4	2624.62	15.85	-1.39636652947
-86.8876	3.2546	978115.7	-65.6	0.8	2629.191	15.9	-1.43921426922
-86.895	3.2499	978115.9	-65.8	0.9	2636.065	15.95	-1.60368035722
-86.9023	3.2453	978115.9	-65.7	1	2639.509	16	-1.69984287381
-86.9097	3.2407	978115.6	-65.5	0.9	2644.849	16.05	-1.80640117677
-86.917	3.2362	978114.4	-65.1	0.2	2644.123	16.1	-1.9765544024
-86.9243	3.2316	978114.2	-65	0	2642.108	16.15	-2.09985023715
-86.9315	3.2272	978113.3	-64.8	-0.5	2645.982	16.2	-2.24395796861
-86.9388	3.2228	978113	-64.5	-0.6	2651.823	16.25	-2.44681200474
-86.946	3.2184	978112.4	-64.3	-0.8	2657.438	16.3	-2.73303629944
-86.9532	3.214	978112	-63.6	-0.5	2669.73	16.35	-3.19865242219
-86.9602	3.2094	978110.7	-62.7	-0.9	2676.643	16.4	-3.78495059731
-86.9672	3.2047	978109.5	-62.3	-1.6	2677.14	16.45	-4.46459317745
-86.9742	3.2001	978109.4	-62.3	-1.6	2685.505	16.5	-4.94354962772
-86.9811	3.1954	978109.6	-62.4	-1.5	2690.757	16.55	-5.07671150887
-86.9881	3.1908	978109.3	-62.5	-1.9	2691.813	16.6	-4.98349991984
-86.9951	3.1862	978109.6	-62.6	-1.7	2693.097	16.65	-4.74257037461
-87.0021	3.1816	978109.1	-63	-2.5	2695.203	16.7	-4.49952333917
-87.0092	3.1769	978109.7	-63	-1.8	2701.197	16.75	-4.46190184532
-87.0162	3.1723	978109.1	-62.2	-1.6	2695.302	16.8	-4.73142684913
-87.0232	3.1676	978108.7	-62.2	-2	2693.481	16.85	-5.28818576934
-87.0301	3.1628	978108.5	-62.2	-2.1	2698.214	16.9	-6.09051372541
-87.0371	3.1581	978107.9	-63.1	-3.5	2701.915	16.95	-7.1109925101
-87.0442	3.1535	978108.6	-63.7	-3.4	2704.923	17	-8.10418716011
-87.0514	3.149	978109.1	-65.8	-5	2706.059	17.05	-9.11385676111
-87.059	3.1463	978114	-74.5	-8.7	2708.167	17.1	-10.0510870007
-87.0674	3.1467	978120.3	-75.7	-3.6	2706.481	17.15	-10.8552372884
-87.076	3.1473	978121	-75.8	-3	2701.562	17.2	-11.1349888685
-87.0844	3.1478	978120.7	-75.9	-3.4	2695.929	17.25	-10.7179720524
-87.0929	3.1483	978120.4	-75.6	-3.5	2690.375	17.3	-9.60533073523
-87.1014	3.1488	978120	-75.4	-3.7	2687.84	17.35	-7.63646948572
-87.1098	3.1493	978120.6	-75.7	-3.4	2686.906	17.4	-5.43195906665
-87.1183	3.1497	978122.2	-76.2	-2.2	2687.673	17.45	-3.12359440572
-87.1269	3.1501	978124	-76.6	-0.9	2633.479	17.5	-1.1482298486
-87.1355	3.1505	978125.8	-76.9	0.7	2545.337	17.55	0.233575429791
-87.1441	3.1512	978127.7	-76.6	2.8	2521.696	17.6	1.20365734799
-87.1527	3.152	978129.5	-76.4	4.8	2473.039	17.65	1.67600020315
-87.1612	3.1528	978130.2	-76.6	5.3	2395.738	17.7	1.94099105601
-87.1698	3.1533	978131.6	-76.7	6.6	2340.084	17.75	2.04126513216
-87.1784	3.1538	978132.1	-76.8	7	2154.273	17.8	1.95397767975
-87.187	3.1544	978133	-76.6	8	2067.405	17.85	1.69826422052
-87.1956	3.1551	978133	-76.7	8	2102.459	17.9	1.30459958715
-87.2042	3.1558	978133.1	-76.5	8.3	2125.7	17.95	0.759009796091
-87.2128	3.1564	978132.1	-76.9	6.9	2168.384	18	0.200641833866
-87.2214	3.157	978131.8	-77.1	6.5	2218.628	18.05	-0.35262261854
-87.2301	3.1575	978131.2	-77	5.9	2230.543	18.1	-0.711300230905
-87.2387	3.1581	978129.7	-77.1	4.2	2254.543	18.15	-0.89265345425
-87.2473	3.1589	978129	-77	3.6	2309.741	18.2	-1.17351378615
-87.2559	3.1597	978128.6	-76.6	3.6	2343.164	18.25	-1.51001151382
-87.2645	3.1603	978128.4	-75.8	4.2	2341.751	18.3	-1.78777678996
-87.2729	3.1609	978128.3	-75.5	4.4	2301.16	18.35	-1.93089981232
-87.2814	3.1615	978129.1	-75.6	5	2175.28	18.4	-1.812189809
-87.2898	3.162	978130.1	-75.3	6.4	2147.749	18.45	-1.36426489237
-87.2983	3.1626	978131.2	-75.4	7.4	2093.705	18.5	-0.138630950809
-87.3067	3.1632	978132.8	-75.7	8.7	2048.273	18.55	1.59197182247
-87.3152	3.1638	978134.4	-75.7	10.2	2011.311	18.6	3.55605820385
-87.3237	3.1645	978135.7	-75.5	11.8	2022.559	18.65	5.6610258124
-87.3322	3.1652	978137.3	-75.6	13.2	1982.345	18.7	7.56087120436
-87.3406	3.1659	978138.8	-75.7	14.6	1957.198	18.75	9.2370507229
-87.3491	3.1665	978140.3	-75.7	16.2	1910.432	18.8	10.5188245126
-87.3576	3.167	978141.8	-75.4	18.1	1829.508	18.85	11.5396036564
-87.3658	3.1661	978141.9	-70.8	22.7	1847.741	18.9	12.1896888727
-87.3728	3.1618	978132.2	-49.1	34.8	2005.237	18.95	11.7904042345
-87.3742	3.1532	978090.6	41.6	83.8	2040.35	19	9.43920129059
-87.3739	3.1443	978060.9	75.1	87.7	2037.299	19.05	6.28528671164
-87.3738	3.1354	978055.8	-20.2	-12.5	2252.754	19.1	2.91391853632
-87.3738	3.1265	978051.5	-60	-56.5	2506.218	19.15	-0.555368091106
-87.3739	3.1176	978046.7	2.8	1.5	2558.36	19.2	-3.6093004538
-87.3739	3.1087	978042.5	39	33.6	2570.443	19.25	-6.15149916072
-87.3738	3.0998	978040.4	73	65.6	2574.268	19.3	-7.84370181064
-87.3737	3.0909	978039.4	79.6	71.3	2584.631	19.35	-8.71443260407
-87.3735	3.0819	978040	77	69.4	2591.658	19.4	-8.59247323177
-87.3733	3.073	978041	70.6	64.1	2581.934	19.45	-7.8894366126
-87.373	3.064	978042.7	57.8	53.1	2555.713	19.5	-6.67507370555
-87.3728	3.0552	978045	74.6	72.2	2527.517	19.55	-5.49252057738
-87.3727	3.0463	978047.5	63.1	63.4	2490.078	19.6	-4.39477791015
-87.3726	3.0375	978049.1	72.5	74.4	2470.551	19.65	-3.63789751604
-87.3726	3.0287	978048.7	41.2	42.8	2587.939	19.7	-3.23915601419
-87.3726	3.0199	978047.6	35.5	36.1	2731.123	19.75	-3.31870825757
-87.3725	3.0111	978045.2	54.4	52.6	2792.197	19.8	-3.82869591038
-87.3725	3.0022	978042.8	7.3	3.3	2828.201	19.85	-4.56158665536
-87.3725	2.9933	978041.5	-30.1	-35.3	2823.236	19.9	-5.44568235538
-87.3726	2.9845	978041.5	-66.8	-72	2805.76	19.95	-6.16583733872
-87.3728	2.9756	978042	-77.4	-82	2806.899	20	-6.83313284136
-87.3729	2.9667	978041.2	-25.2	-30.5	2814.273	20.05	-7.48086735478
-87.3728	2.9577	978040.7	14.2	8.5	2796.509	20.1	-8.10089109769
-87.3728	2.9487	978041	6.6	1.3	2756.345	20.15	-8.74593858918
-87.3729	2.9398	978041.5	-34.2	-39	2736.181	20.2	-9.36651094792
-87.3729	2.9309	978041.6	-53.5	-58.1	2765.096	20.25	-9.95125716595
-87.3729	2.9219	978041.2	-19.1	-24	2794.364	20.3	-10.3561468484
-87.3729	2.913	978040.4	-3.4	-9	2833.058	20.35	-10.523459543
-87.373	2.9041	978039.6	-21.9	-28.2	2845.733	20.4	-10.588940581
-87.373	2.8952	978039.1	-50.1	-56.9	2855.385	20.45	-10.5339025614
-87.373	2.8863	978039.2	57.5	50.9	2845.799	20.5	-10.2292012104
-87.3729	2.8774	978038.4	75.6	68.3	2832.801	20.55	-9.70068402456
-87.3728	2.8686	978038.5	74.6	67.5	2825.413	20.6	-9.13264681052
-87.3728	2.8598	978039.4	69.3	63.1	2814.325	20.65	-8.49067923155
-87.3726	2.8509	978040.2	73.3	68.1	2791.12	20.7	-7.6701044596
-87.3724	2.842	978039.9	42.7	37.2	2813.196	20.75	-6.84217589394
-87.3722	2.8332	978040.3	43.3	38.2	2832.186	20.8	-6.1829070297
-87.372	2.8243	978040	21.3	16.2	2827.241	20.85	-5.83413110788
-87.3717	2.8153	978039.9	33.1	27.8	2813.004	20.9	-5.97562569979
-87.3715	2.8064	978039.5	50.2	44.7	2827.535	20.95	-6.70695021327
-87.3714	2.7975	978038.5	69.2	62.8	3050.905	21	-8.08219124038
-87.3712	2.7886	978036.3	59.7	51.1	3132.835	21.05	-10.1918901431
-87.3711	2.7796	978033.7	79.7	68.6	3090.237	21.1	-13.093642434
-87.371	2.7706	978031.3	58.6	45.2	3078.838	21.15	-16.5894677743
-87.371	2.7616	978028	34	17.3	3185.52	21.2	-20.6335096908
-87.371	2.7526	978023.7	63.2	42.3	3393.586	21.25	-24.8896987228
-87.3709	2.7437	978018.7	68.2	42.4	3544.621	21.3	-29.2573149865
-87.3709	2.7347	978014	47.2	16.8	3556.101	21.35	-33.4797483869
-87.3708	2.7258	978009.4	16.9	-18	3564.094	21.4	-37.3623376258
-87.3708	2.7168	978006	73.3	35	3568.051	21.45	-40.642359283
-87.3707	2.7079	978001.6	34.7	-8	3569.808	21.5	-43.1448014182
-87.3736	2.7001	978022.2	-65.1	-87.1	3518.926	21.55	-44.7793057872
-87.3816	2.6978	978066.8	-74.6	-51.9	3313.969	21.6	-45.6686075302
-87.389	2.7018	978070.1	-66.3	-40.4	3574.198	21.65	-45.1326604256
-87.3964	2.7062	978066	-58.2	-36.4	3572.324	21.7	-43.5975507607
-87.4019	2.7127	978056.6	-47.9	-35.6	3568.128	21.75	-40.3982545207
-87.4071	2.7196	978053.4	-46.4	-37.4	3564.291	21.8	-35.8856257354
-87.4123	2.7264	978057.5	-46.8	-33.6	3550.895	21.85	-30.6451253498
-87.4176	2.7332	978064.2	-49	-29.2	3374.124	21.9	-24.5889879675
-87.4232	2.7398	978073.2	-49.8	-21.1	2969.64	21.95	-18.1058263514
-87.4287	2.7466	978079.5	-49.1	-14.2	2890.418	22	-11.5000466207
-87.4342	2.7533	978085.7	-49	-7.9	2910.284	22.05	-4.92595775726
-87.4397	2.7599	978092.1	-48.5	-1	2865.431	22.1	1.00365786568
-87.4451	2.7665	978099	-48.3	6	2552.328	22.15	5.9957081175
-87.4505	2.7729	978105.4	-48.3	12.3	2172.431	22.2	10.064870131
-87.4559	2.7793	978111	-48.5	17.7	2168.846	22.25	13.1680273351
-87.4613	2.7857	978114.5	-49	20.7	2235.37	22.3	15.2113443056
-87.4668	2.7921	978116.6	-49.1	22.6	2239.222	22.35	16.304238213
-87.4723	2.7985	978116.8	-49	22.8	2241.39	22.4	16.4774623156
-87.4778	2.805	978116.5	-48.8	22.7	2278.409	22.45	15.9660389108
-87.4832	2.8115	978115.4	-48.1	22.2	2258.963	22.5	15.0955635065
-87.4885	2.818	978114.2	-47.8	21.2	2258.927	22.55	13.9645910548
-87.4939	2.8245	978113.3	-47.7	20.4	2298.679	22.6	12.8245026981
-87.4992	2.8311	978112.3	-47.9	19.1	2348.839	22.65	11.7335932483
-87.5046	2.8376	978111.4	-47.8	18.3	2388.183	22.7	10.9013340696
-87.5099	2.8441	978111.1	-47.4	18.3	2333.463	22.75	10.4314699966
-87.5152	2.8506	978110.7	-47.3	18	2291.032	22.8	10.2968786568
-87.5205	2.8571	978111.6	-48	18.1	2262.363	22.85	10.4033570861
-87.5259	2.8634	978112.6	-48.3	18.8	2181.058	22.9	10.7573583245
-87.5313	2.8698	978113.7	-48.5	19.5	2110.763	22.95	11.3734098469
-87.5368	2.8762	978114.4	-48.3	20.4	2080.724	23	12.0630852671
-87.5421	2.8826	978114.7	-48.4	20.6	1992.074	23.05	12.572111197
-87.5476	2.8891	978115.4	-48.3	21.3	1981.239	23.1	12.9072308187
-87.553	2.8955	978115.3	-48.1	21.4	1963.54	23.15	12.9143246062
-87.5583	2.9019	978114.9	-48.4	20.5	1907.591	23.2	12.5472090478
-87.5638	2.9084	978115.8	-48.5	21.3	1877.527	23.25	11.7043975414
-87.5692	2.9149	978116	-48.3	21.6	1796.647	23.3	10.292212746
-87.5746	2.9214	978115.2	-48.2	20.9	1704.256	23.35	8.37536565375
-87.58	2.928	978113.6	-49	18.5	1791.415	23.4	5.89732881432
-87.5855	2.9345	978111.3	-49.8	15.3	1901.058	23.45	2.77802122955
-87.5911	2.9411	978106.9	-50	10.6	2023.788	23.5	-0.75149469594
-87.5967	2.9478	978101	-50	4.6	2160.106	23.55	-4.45665739382
-87.6023	2.9544	978094.6	-49.8	-1.6	2384.186	23.6	-8.22012627759
-87.6079	2.961	978088.8	-49.5	-7.2	2515.704	23.65	-11.6034628876
-87.6134	2.9676	978083.6	-49.8	-12.7	2543.738	23.7	-14.5595054784
-87.619	2.9742	978080.5	-50.5	-16.7	2556.43	23.75	-16.8730111703
-87.6247	2.9808	978078.1	-50.6	-19.1	2555.37	23.8	-18.2824941903
-87.6303	2.9874	978076.7	-50.7	-20.7	2547.2	23.85	-18.7785534763
-87.636	2.994	978077.2	-50.5	-20.1	2527.518	23.9	-18.1849186527
-87.6417	3.0006	978078.1	NaN	NaN	2489.981	23.95	-16.7015020401
