-92.0417 0.2660 977959.0 NaN NaN 3031.380 0.0000 
-92.0351 0.2683 977958.6 61.3 -12.9 3033.758 0.0500 
-92.0283 0.2707 977958.0 61.3 -13.5 3016.216 0.1000 
-92.0215 0.2730 977957.1 61.4 -14.3 3005.095 0.1500 
-92.0148 0.2753 977956.1 61.2 -15.5 3013.207 0.2000 
-92.0080 0.2777 977955.1 61.4 -16.3 3007.145 0.2500 
-92.0012 0.2800 977953.6 61.2 -18.0 2989.795 0.3000 
-91.9945 0.2823 977953.1 60.9 -18.8 2982.614 0.3500 
-91.9878 0.2847 977951.7 61.0 -20.0 2987.819 0.4000 
-91.9810 0.2870 977950.9 61.0 -20.9 2981.445 0.4500 
-91.9743 0.2893 977950.0 60.6 -22.2 2971.612 0.5000 
-91.9677 0.2917 977949.8 60.3 -22.7 2964.797 0.5500 
-91.9610 0.2941 977949.0 60.4 -23.4 2979.071 0.6000 
-91.9543 0.2965 977948.6 60.3 -24.0 2983.815 0.6500 
-91.9477 0.2988 977948.0 60.0 -24.8 2988.223 0.7000 
-91.9411 0.3010 977948.4 60.1 -24.3 2993.092 0.7500 
-91.9344 0.3031 977947.6 60.1 -25.1 2995.126 0.8000 
-91.9278 0.3053 977947.2 60.5 -25.1 3003.783 0.8500 
-91.9211 0.3075 977946.9 60.7 -25.2 3013.624 0.9000 
-91.9144 0.3096 977946.8 60.5 -25.6 3017.506 0.9500 
-91.9077 0.3118 977947.2 60.7 -25.0 3015.771 1.0000 
-91.9010 0.3139 977946.8 60.9 -25.2 3017.556 1.0500 
-91.8942 0.3161 977946.5 60.8 -25.6 3017.799 1.1000 
-91.8876 0.3183 977947.0 60.8 -25.0 3013.582 1.1500 
-91.8808 0.3205 977947.3 60.9 -24.7 3015.893 1.2000 
-91.8741 0.3228 977947.9 60.6 -24.3 3020.298 1.2500 
-91.8674 0.3251 977948.5 60.6 -23.8 3003.199 1.3000 
-91.8607 0.3275 977949.0 60.6 -23.3 2991.755 1.3500 
-91.8541 0.3298 977949.7 60.5 -22.6 2989.781 1.4000 
-91.8474 0.3322 977949.9 60.7 -22.3 3011.277 1.4500 
-91.8406 0.3346 977950.0 60.9 -22.0 3000.498 1.5000 
-91.8339 0.3370 977950.9 60.8 -21.2 2982.071 1.5500 
-91.8272 0.3394 977951.4 60.6 -20.9 2982.380 1.6000 
-91.8206 0.3417 977951.9 60.2 -20.8 2964.161 1.6500 
-91.8140 0.3442 977953.3 59.6 -20.0 2948.768 1.7000 
-91.8074 0.3467 977954.5 59.3 -19.1 2939.441 1.7500 
-91.8009 0.3489 977955.0 59.0 -18.9 2934.083 1.8000 
-91.7944 0.3511 977957.9 43.3 -31.6 2938.688 1.8500 
-91.7916 0.3526 977981.7 21.5 -29.7 2942.719 1.9000 
-91.7892 0.3534 977994.5 23.6 -14.8 2944.338 1.9500 
-91.7865 0.3542 977990.9 31.4 -10.6 2943.399 2.0000 
-91.7818 0.3559 977979.8 51.6 -1.5 2927.655 2.0500 
-91.7755 0.3584 977962.5 56.9 -13.5 1897.412 2.1000 
-91.7693 0.3614 977961.2 55.8 -15.9 1736.880 2.1500 
-91.7635 0.3644 977966.2 39.5 -27.2 268.949 2.2000 
-91.7611 0.3652 977992.3 4.2 -36.4 -99.000 2.2500 
-91.7614 0.3651 978018.1 -2.8 -17.5 -99.000 2.3000 
-91.7615 0.3650 978020.6 -0.4 -12.7 -99.000 2.3500 
-91.7615 0.3650 978018.9 0.0 -14.0 -99.000 2.4000 
-91.7615 0.3650 978018.5 -0.1 -14.4 -99.000 2.4500 
-91.7615 0.3650 978018.6 -0.0 -14.4 -99.000 2.5000 
-91.7615 0.3650 978018.9 -0.1 -14.0 -99.000 2.5500 
-91.7615 0.3650 978018.9 -0.0 -14.0 -99.000 2.6000 
-91.7615 0.3650 978018.9 -0.1 -14.0 -99.000 2.6500 
-91.7615 0.3650 978019.0 -0.1 -14.0 -99.000 2.7000 
-91.7615 0.3650 978019.0 -0.1 -13.9 -99.000 2.7500 
-91.7615 0.3650 978018.7 -0.2 -14.3 -99.000 2.8000 
-91.7615 0.3650 978018.7 -0.1 -14.3 -99.000 2.8500 
-91.7615 0.3650 978019.1 -0.1 -13.9 -99.000 2.9000 
-91.7615 0.3650 978018.8 -0.0 -14.1 -99.000 2.9500 
-91.7615 0.3650 978018.9 0.3 -13.7 -99.000 3.0000 
-91.7609 0.3651 978015.0 8.4 -9.4 -99.000 3.0500 
-91.7601 0.3661 978012.9 -4.7 -24.7 -99.000 3.1000 
-91.7616 0.3667 978029.5 -16.0 -19.4 -99.000 3.1500 
-91.7635 0.3668 978036.5 -14.5 -10.9 -99.000 3.2000 
-91.7648 0.3675 978032.4 -8.8 -9.3 -99.000 3.2500 
-91.7651 0.3682 978024.2 9.3 0.7 -99.000 3.3000 
-91.7644 0.3706 978015.9 -8.6 -25.6 -99.000 3.3500 
-91.7665 0.3745 978035.9 -14.3 -11.3 353.299 3.4000 
-91.7671 0.3825 978031.1 -20.5 -22.3 2457.504 3.4500 
-91.7714 0.3915 978052.1 -39.2 -20.1 2828.698 3.5000 
-91.7757 0.4007 978060.6 -38.8 -11.2 2826.053 3.5500 
-91.7801 0.4099 978060.8 -38.7 -10.9 2837.355 3.6000 
-91.7844 0.4190 978060.9 -38.5 -10.6 2834.348 3.6500 
-91.7887 0.4282 978060.8 -39.2 -11.3 2815.205 3.7000 
-91.7932 0.4374 978061.3 -39.4 -11.1 2814.596 3.7500 
-91.7976 0.4466 978061.4 -39.6 -11.1 2833.095 3.8000 
-91.8020 0.4557 978061.4 -39.3 -10.9 2837.002 3.8500 
-91.8064 0.4649 978060.6 -39.3 -11.7 2853.842 3.9000 
-91.8109 0.4741 978060.6 -40.0 -12.4 2850.743 3.9500 
-91.8154 0.4833 978061.4 -40.1 -11.8 2822.116 4.0000 
-91.8199 0.4924 978061.9 -40.5 -11.7 2824.902 4.0500 
-91.8244 0.5015 978062.8 -41.1 -11.4 2799.834 4.1000 
-91.8290 0.5105 978064.3 -40.9 -9.7 2779.807 4.1500 
-91.8336 0.5196 978065.0 -40.7 -8.9 2749.706 4.2000 
-91.8382 0.5288 978065.7 -40.6 -8.0 2709.710 4.2500 
-91.8427 0.5379 978066.7 -40.9 -7.3 2707.747 4.3000 
-91.8473 0.5470 978067.9 -40.9 -6.1 2709.644 4.3500 
-91.8519 0.5560 978068.7 -40.7 -5.2 2668.447 4.4000 
-91.8564 0.5649 978069.3 -40.5 -4.4 2663.638 4.4500 
-91.8610 0.5740 978069.9 -40.5 -3.8 2673.415 4.5000 
-91.8655 0.5829 978070.4 -40.4 -3.2 2620.492 4.5500 
-91.8700 0.5920 978070.8 -39.3 -1.8 2590.297 4.6000 
-91.8744 0.6011 978070.2 -39.0 -2.1 2576.750 4.6500 
-91.8787 0.6102 978070.3 -38.7 -1.6 2602.638 4.7000 
-91.8831 0.6194 978070.8 -38.6 -1.0 2625.782 4.7500 
-91.8874 0.6285 978071.3 -39.7 -1.6 2659.759 4.8000 
-91.8919 0.6377 978072.5 -40.4 -1.2 2652.843 4.8500 
-91.8965 0.6468 978073.1 -40.6 -0.9 2638.352 4.9000 
-91.9010 0.6560 978073.6 -40.5 -0.3 2625.891 4.9500 
-91.9056 0.6652 978073.8 -40.5 -0.0 2630.058 5.0000 
-91.9101 0.6743 978074.4 -40.7 0.3 2601.839 5.0500 
-91.9147 0.6835 978074.7 -41.0 0.2 2582.105 5.1000 
-91.9193 0.6928 978075.6 -41.4 0.7 2564.219 5.1500 
-91.9240 0.7020 978076.4 -41.4 1.5 2591.609 5.2000 
-91.9286 0.7114 978077.2 -41.1 2.6 2590.243 5.2500 
-91.9332 0.7207 978078.2 -41.3 3.4 2561.441 5.3000 
-91.9378 0.7300 978080.3 -41.1 5.6 2553.279 5.3500 
-91.9424 0.7393 978081.9 -41.0 7.4 2514.990 5.4000 
-91.9470 0.7485 978083.4 -41.0 8.9 2452.441 5.4500 
-91.9516 0.7577 978083.8 -40.3 9.9 2464.645 5.5000 
-91.9561 0.7669 978083.2 -40.0 9.6 2459.150 5.5500 
-91.9606 0.7761 978083.0 -39.6 9.7 2460.255 5.6000 
-91.9650 0.7854 978081.7 -39.6 8.5 2454.969 5.6500 
-91.9694 0.7945 978081.2 -39.9 7.7 2409.424 5.7000 
-91.9739 0.8037 978081.1 -40.1 7.3 2427.181 5.7500 
-91.9784 0.8128 978081.1 -40.1 7.3 2422.769 5.8000 
-91.9829 0.8219 978080.8 -40.2 6.8 2428.891 5.8500 
-91.9874 0.8310 978081.0 -40.6 6.6 2449.475 5.9000 
-91.9921 0.8401 978081.5 -41.3 6.4 2450.116 5.9500 
-91.9967 0.8491 978081.6 -42.4 5.4 2468.509 6.0000 
-92.0015 0.8578 978082.4 -37.6 11.0 2478.670 6.0500 
-92.0049 0.8634 978073.8 -26.2 13.8 2553.343 6.1000 
-92.0074 0.8670 978063.5 -22.8 6.9 2581.536 6.1500 
-92.0099 0.8705 978062.2 -22.8 5.5 2488.796 6.2000 
-92.0125 0.8742 978062.2 -27.3 1.1 2434.844 6.2500 
-92.0160 0.8802 978068.6 -33.7 1.0 2415.662 6.3000 
-92.0198 0.8875 978072.5 -31.9 6.8 2415.465 6.3500 
-92.0230 0.8942 978068.1 -25.0 9.2 2415.643 6.4000 
-92.0255 0.9000 978061.1 -4.6 22.5 2058.699 6.4500 
-92.0253 0.9023 978043.7 -2.4 7.3 1821.536 6.5000 
-92.0255 0.9025 978037.2 -0.4 2.9 293.540 6.5500 
-92.0255 0.9025 978036.9 -0.0 2.9 -99.000 6.6000 
-92.0255 0.9025 978036.6 -0.1 2.5 -99.000 6.6500 
-92.0255 0.9025 978036.9 -0.1 2.8 -99.000 6.7000 
-92.0255 0.9025 978036.8 -0.0 2.8 -99.000 6.7500 
-92.0255 0.9025 978036.7 -0.1 2.7 -99.000 6.8000 
-92.0255 0.9025 978036.9 -0.0 2.9 -99.000 6.8500 
-92.0255 0.9025 978036.8 0.0 2.9 -99.000 6.9000 
-92.0255 0.9025 978036.5 0.0 2.6 -99.000 6.9500 
-92.0255 0.9025 978037.0 -0.0 3.0 -99.000 7.0000 
-92.0255 0.9025 978037.0 -0.1 2.8 -99.000 7.0500 
-92.0255 0.9025 978037.3 -0.1 3.2 -99.000 7.1000 
-92.0255 0.9025 978037.0 -0.1 3.0 -99.000 7.1500 
-92.0255 0.9025 978037.3 -0.0 3.3 -99.000 7.2000 
-92.0255 0.9025 978037.0 -0.0 3.0 -99.000 7.2500 
-92.0255 0.9025 978036.4 0.0 2.5 -99.000 7.3000 
-92.0255 0.9025 978037.1 -0.0 3.1 -99.000 7.3500 
-92.0255 0.9025 978037.1 -0.1 3.1 -99.000 7.4000 
-92.0255 0.9025 978036.8 -0.0 2.8 -99.000 7.4500 
-92.0255 0.9025 978037.1 -0.1 3.0 -99.000 7.5000 
-92.0255 0.9025 978037.1 -0.0 3.1 -99.000 7.5500 
-92.0255 0.9025 978036.9 -0.0 3.0 -99.000 7.6000 
-92.0255 0.9025 978036.8 -0.0 2.9 -99.000 7.6500 
-92.0255 0.9025 978036.9 0.0 3.0 -99.000 7.7000 
-92.0255 0.9025 978036.6 0.0 2.7 -99.000 7.7500 
-92.0255 0.9025 978036.6 -0.1 2.6 -99.000 7.8000 
-92.0255 0.9025 978036.5 -1.0 1.6 -99.000 7.8500 
-92.0258 0.9023 978039.4 -7.7 -2.3 -99.000 7.9000 
-92.0270 0.9019 978046.1 -9.4 2.7 -99.000 7.9500 
-92.0277 0.9010 978044.9 -12.3 -1.3 -99.000 8.0000 
-92.0292 0.9014 978049.2 -14.9 0.3 -99.000 8.0500 
-92.0310 0.9016 978053.4 -15.0 4.4 -99.000 8.1000 
-92.0319 0.9014 978047.9 2.9 16.8 70.836 8.1500 
-92.0300 0.9011 978024.7 24.2 14.9 1792.651 8.2000 
-92.0267 0.9002 978008.9 41.8 16.8 2420.260 8.2500 
-92.0206 0.8983 977988.2 59.7 13.9 2414.992 8.3000 
-92.0138 0.8960 977975.4 59.8 1.4 2414.944 8.3500 
-92.0074 0.8931 977977.3 58.6 1.9 2417.141 8.4000 
-92.0009 0.8903 977977.5 58.2 1.8 2420.952 8.4500 
-91.9946 0.8873 977978.0 57.1 1.2 2417.402 8.5000 
-91.9883 0.8842 977978.4 57.4 1.8 2421.372 8.5500 
-91.9819 0.8810 977978.2 57.5 1.8 2413.482 8.6000 
-91.9756 0.8779 977978.6 57.2 1.9 2412.386 8.6500 
-91.9693 0.8747 977979.1 56.8 2.0 2412.159 8.7000 
-91.9630 0.8715 977979.3 56.7 2.1 2410.636 8.7500 
-91.9568 0.8683 977979.8 56.9 2.9 2404.755 8.8000 
-91.9505 0.8651 977979.6 57.2 3.0 2398.517 8.8500 
-91.9441 0.8621 977979.1 57.7 2.9 2400.381 8.9000 
-91.9378 0.8591 977978.7 58.0 2.8 2449.333 8.9500 
-91.9314 0.8561 977978.8 57.5 2.5 2472.031 9.0000 
-91.9250 0.8531 977979.7 57.2 3.2 2445.532 9.0500 
-91.9187 0.8501 977979.9 57.0 3.0 2418.331 9.1000 
-91.9125 0.8470 977980.3 56.6 3.1 2413.347 9.1500 
-91.9063 0.8440 977980.3 56.2 2.7 2391.112 9.2000 
-91.9001 0.8410 977980.7 56.0 3.0 2394.628 9.2500 
-91.8939 0.8380 977980.9 55.9 3.0 2418.166 9.3000 
-91.8877 0.8350 977981.5 55.5 3.2 2413.150 9.3500 
-91.8816 0.8321 977981.8 55.4 3.4 2414.711 9.4000 
-91.8755 0.8291 977981.9 55.4 3.6 2429.403 9.4500 
-91.8694 0.8262 977982.0 55.5 3.8 2444.898 9.5000 
-91.8633 0.8232 977982.6 55.3 4.1 2461.431 9.5500 
-91.8572 0.8202 977982.4 55.5 4.1 2421.062 9.6000 
-91.8510 0.8173 977982.7 55.2 4.2 2364.377 9.6500 
-91.8450 0.8144 977983.5 54.8 4.6 2358.134 9.7000 
-91.8389 0.8115 977983.7 54.9 4.9 2355.506 9.7500 
-91.8329 0.8086 977983.1 55.1 4.5 2352.283 9.8000 
-91.8268 0.8057 977983.0 54.9 4.2 2345.486 9.8500 
-91.8207 0.8027 977983.9 54.7 4.9 2351.119 9.9000 
-91.8147 0.7997 977984.2 54.2 4.7 2349.876 9.9500 
-91.8087 0.7967 977984.4 54.2 4.8 2337.411 10.0000 
-91.8028 0.7938 977984.5 53.6 4.4 2332.600 10.0500 
-91.7969 0.7909 977985.0 53.2 4.6 2322.907 10.1000 
-91.7911 0.7879 977985.5 52.8 4.6 2317.605 10.1500 
-91.7853 0.7850 977986.1 52.3 4.7 2320.149 10.2000 
-91.7795 0.7820 977986.6 51.8 4.7 2351.744 10.2500 
-91.7738 0.7790 977986.8 51.8 4.9 2350.929 10.3000 
-91.7681 0.7762 977986.7 51.6 4.7 2320.905 10.3500 
-91.7624 0.7733 977986.5 51.6 4.4 2346.399 10.4000 
-91.7567 0.7705 977986.6 51.3 4.3 2367.376 10.4500 
-91.7511 0.7677 977986.7 51.4 4.5 2387.037 10.5000 
-91.7454 0.7649 977986.0 51.7 4.1 2383.803 10.5500 
-91.7397 0.7620 977985.2 51.9 3.5 2388.358 10.6000 
-91.7339 0.7591 977984.6 51.9 3.0 2394.675 10.6500 
-91.7282 0.7561 977984.0 52.4 2.9 2395.360 10.7000 
-91.7224 0.7533 977983.4 52.7 2.5 2393.750 10.7500 
-91.7166 0.7505 977983.0 52.7 2.1 2412.914 10.8000 
-91.7108 0.7477 977982.3 52.8 1.5 2421.838 10.8500 
-91.7049 0.7449 977981.9 53.0 1.3 2433.557 10.9000 
-91.6991 0.7420 977981.0 53.1 0.5 2450.800 10.9500 
-91.6932 0.7391 977980.8 53.4 0.7 2481.540 11.0000 
-91.6873 0.7362 977980.1 54.2 0.8 2470.386 11.0500 
-91.6812 0.7335 977978.7 54.8 -0.0 2454.688 11.1000 
-91.6752 0.7307 977978.0 55.0 -0.5 2451.216 11.1500 
-91.6691 0.7279 977977.2 55.3 -1.0 2458.613 11.2000 
-91.6630 0.7251 977976.7 55.4 -1.4 2478.169 11.2500 
-91.6569 0.7223 977976.2 55.5 -1.8 2464.158 11.3000 
-91.6507 0.7194 977975.7 55.8 -2.0 2475.238 11.3500 
-91.6446 0.7165 977975.2 55.8 -2.5 2474.460 11.4000 
-91.6384 0.7136 977975.0 56.1 -2.4 2472.843 11.4500 
-91.6322 0.7107 977974.3 56.2 -2.9 2498.382 11.5000 
-91.6260 0.7079 977973.7 55.6 -4.1 2541.557 11.5500 
-91.6199 0.7048 977974.1 55.0 -4.4 2544.724 11.6000 
-91.6139 0.7018 977974.2 55.1 -4.2 2546.996 11.6500 
-91.6077 0.6987 977973.1 55.7 -4.6 2549.352 11.7000 
-91.6016 0.6956 977972.3 55.9 -5.2 2553.115 11.7500 
-91.5954 0.6925 977971.7 55.9 -5.9 2551.533 11.8000 
-91.5892 0.6894 977971.1 55.9 -6.4 2562.269 11.8500 
-91.5831 0.6864 977970.6 56.1 -6.6 2575.907 11.9000 
-91.5769 0.6834 977970.0 56.6 -6.9 2550.128 11.9500 
-91.5706 0.6804 977968.9 56.8 -7.7 2524.092 12.0000 
-91.5643 0.6774 977968.1 57.2 -8.1 2529.072 12.0500 
-91.5580 0.6744 977967.2 57.2 -9.0 2537.464 12.1000 
-91.5517 0.6715 977966.4 57.7 -9.3 2548.661 12.1500 
-91.5453 0.6685 977965.8 57.8 -9.8 2593.763 12.2000 
-91.5389 0.6656 977965.3 57.6 -10.5 2631.422 12.2500 
-91.5325 0.6627 977964.9 57.7 -10.9 2614.396 12.3000 
-91.5262 0.6598 977964.3 58.2 -10.9 2598.482 12.3500 
-91.5197 0.6570 977963.4 58.3 -11.7 2608.097 12.4000 
-91.5133 0.6540 977963.0 57.7 -12.6 2608.081 12.4500 
-91.5069 0.6509 977962.6 57.8 -13.0 2607.835 12.5000 
-91.5006 0.6479 977962.2 57.4 -13.8 2606.531 12.5500 
-91.4943 0.6447 977962.0 57.3 -14.0 2603.290 12.6000 
-91.4879 0.6415 977961.2 57.6 -14.6 2607.466 12.6500 
-91.4816 0.6384 977960.4 57.9 -15.0 2613.882 12.7000 
-91.4752 0.6353 977959.5 58.0 -15.9 2642.109 12.7500 
-91.4688 0.6323 977958.8 58.1 -16.4 2663.952 12.8000 
-91.4623 0.6293 977958.2 57.3 -17.8 2669.413 12.8500 
-91.4561 0.6260 977958.3 57.2 -17.9 2684.888 12.9000 
-91.4498 0.6227 977957.5 57.4 -18.4 2685.992 12.9500 
-91.4434 0.6194 977956.7 57.8 -18.8 2678.680 13.0000 
-91.4370 0.6161 977955.7 57.9 -19.7 2677.122 13.0500 
-91.4306 0.6128 977955.0 58.0 -20.2 2669.306 13.1000 
-91.4242 0.6096 977954.5 58.2 -20.5 2690.725 13.1500 
-91.4178 0.6064 977953.8 58.1 -21.3 2707.109 13.2000 
-91.4114 0.6031 977953.3 58.1 -21.8 2702.396 13.2500 
-91.4050 0.5999 977952.8 58.1 -22.4 2714.686 13.3000 
-91.3986 0.5966 977952.3 58.3 -22.6 2718.610 13.3500 
-91.3921 0.5935 977951.9 58.9 -22.4 2708.354 13.4000 
-91.3856 0.5905 977950.7 59.2 -23.3 2709.960 13.4500 
-91.3791 0.5875 977950.3 58.9 -23.9 2717.888 13.5000 
-91.3726 0.5845 977950.2 58.6 -24.5 2705.159 13.5500 
-91.3661 0.5814 977950.3 58.2 -24.7 2697.602 13.6000 
-91.3597 0.5783 977950.0 57.9 -25.3 2714.628 13.6500 
-91.3534 0.5751 977949.7 57.7 -25.8 2723.109 13.7000 
-91.3470 0.5720 977948.8 57.6 -26.8 2719.067 13.7500 
-91.3406 0.5689 977948.2 57.5 -27.4 2720.665 13.8000 
-91.3343 0.5658 977948.2 57.3 -27.7 2736.609 13.8500 
-91.3280 0.5627 977948.3 57.2 -27.7 2733.217 13.9000 
-91.3217 0.5595 977948.0 57.0 -28.2 2727.411 13.9500 
-91.3154 0.5564 977948.2 57.0 -28.0 2732.256 14.0000 
-91.3091 0.5532 977948.1 56.9 -28.1 2737.483 14.0500 
-91.3028 0.5501 977948.4 56.2 -28.6 2742.837 14.1000 
-91.2967 0.5469 977948.6 55.8 -28.7 2752.235 14.1500 
-91.2905 0.5436 977948.6 55.5 -29.0 2757.577 14.2000 
-91.2844 0.5404 977948.6 55.8 -28.7 2761.066 14.2500 
-91.2782 0.5374 977947.5 56.2 -29.4 2762.818 14.3000 
-91.2720 0.5344 977946.9 55.9 -30.3 2753.173 14.3500 
-91.2659 0.5315 977947.2 55.2 -30.7 2756.838 14.4000 
-91.2599 0.5285 977947.9 54.7 -30.5 2760.340 14.4500 
-91.2538 0.5255 977947.9 54.8 -30.4 2759.109 14.5000 
-91.2478 0.5225 977947.6 54.6 -30.9 2765.137 14.5500 
-91.2417 0.5195 977947.4 54.2 -31.5 2767.778 14.6000 
-91.2359 0.5167 977949.9 39.3 -43.9 2760.816 14.6500 
-91.2333 0.5156 977971.5 20.8 -40.9 2761.556 14.7000 
-91.2310 0.5145 977981.3 22.1 -29.7 2306.276 14.7500 
-91.2285 0.5133 977979.2 25.4 -28.5 265.590 14.8000 
-91.2250 0.5117 977972.7 42.1 -18.3 -99.000 14.8500 
-91.2194 0.5092 977954.4 53.0 -25.7 -99.000 14.9000 
-91.2134 0.5066 977947.6 51.9 -33.6 -99.000 14.9500 
-91.2081 0.5041 977951.9 40.2 -41.0 -99.000 15.0000 
-91.2046 0.5023 977966.5 20.8 -45.8 -99.000 15.0500 
-91.2035 0.5018 977987.4 4.1 -41.6 -99.000 15.1000 
-91.2036 0.5019 977999.8 0.0 -33.2 -99.000 15.1500 
-91.2035 0.5018 978001.0 0.1 -32.0 -99.000 15.2000 
-91.2035 0.5018 978000.9 -0.0 -32.2 -99.000 15.2500 
-91.2035 0.5018 978001.0 -0.0 -32.1 -99.000 15.3000 
-91.2035 0.5018 978001.1 -0.0 -32.0 -99.000 15.3500 
-91.2035 0.5018 978001.1 0.0 -32.0 -99.000 15.4000 
-91.2035 0.5018 978001.1 0.0 -32.0 -99.000 15.4500 
-91.2035 0.5018 978001.2 -0.0 -31.9 -99.000 15.5000 
-91.2035 0.5018 978001.1 -0.1 -32.0 -99.000 15.5500 
-91.2035 0.5018 978001.1 -0.0 -32.0 -99.000 15.6000 
-91.2035 0.5018 978001.0 -0.0 -32.1 -99.000 15.6500 
-91.2035 0.5018 978001.2 -0.1 -32.0 -99.000 15.7000 
-91.2035 0.5018 978001.2 -0.0 -31.9 -99.000 15.7500 
-91.2035 0.5018 978001.2 -0.0 -31.9 -99.000 15.8000 
-91.2035 0.5018 978001.0 -0.0 -32.1 -99.000 15.8500 
-91.2035 0.5018 978001.2 -0.0 -31.9 -99.000 15.9000 
-91.2035 0.5018 978001.1 -0.0 -32.0 -99.000 15.9500 
-91.2035 0.5018 978001.2 -0.6 -32.5 -99.000 16.0000 
-91.2038 0.5022 978003.1 -4.6 -34.6 -99.000 16.0500 
-91.2045 0.5031 978006.4 -7.2 -33.8 -99.000 16.1000 
-91.2053 0.5040 978008.8 -7.1 -31.4 -99.000 16.1500 
-91.2061 0.5046 978008.3 -8.7 -33.4 -99.000 16.2000 
-91.2074 0.5052 978011.7 -13.1 -34.5 -99.000 16.2500 
-91.2087 0.5057 978013.7 -2.9 -22.3 -99.000 16.3000 
-91.2080 0.5064 978000.8 6.5 -25.8 -99.000 16.3500 
-91.2088 0.5096 978004.1 -8.5 -37.5 -99.000 16.4000 
-91.2096 0.5125 978009.8 -6.4 -29.6 -99.000 16.4500 
-91.2102 0.5203 978009.7 -12.0 -35.4 -99.000 16.5000 
-91.2123 0.5301 978021.3 -18.9 -30.7 -99.000 16.5500 
-91.2145 0.5399 978026.3 -20.2 -27.0 207.620 16.6000 
-91.2169 0.5497 978029.9 -20.8 -24.0 2129.041 16.6500 
-91.2192 0.5596 978032.4 -21.0 -21.7 2562.806 16.7000 
-91.2216 0.5694 978035.3 -22.5 -20.4 2541.182 16.7500 
-91.2244 0.5792 978039.6 -25.0 -18.6 2529.179 16.8000 
-91.2273 0.5891 978043.6 -26.0 -15.6 2500.884 16.8500 
-91.2302 0.5990 978046.3 -26.4 -13.3 2463.951 16.9000 
-91.2332 0.6089 978048.7 -26.3 -10.9 2460.102 16.9500 
-91.2362 0.6188 978051.0 -26.3 -8.6 2461.028 17.0000 
-91.2392 0.6287 978053.5 -26.4 -6.2 2391.470 17.0500 
-91.2422 0.6387 978056.6 -26.6 -3.3 2245.013 17.1000 
-91.2452 0.6487 978060.0 -26.6 0.0 2183.109 17.1500 
-91.2482 0.6587 978063.6 -26.4 3.8 2131.062 17.2000 
-91.2511 0.6686 978067.0 -26.0 7.6 2072.682 17.2500 
-91.2541 0.6785 978070.9 -25.7 11.8 1836.577 17.3000 
-91.2570 0.6884 978075.7 -25.4 16.9 1777.157 17.3500 
-91.2598 0.6983 978081.1 -25.6 22.1 1740.355 17.4000 
-91.2628 0.7081 978087.8 -26.1 28.3 1579.235 17.4500 
-91.2657 0.7179 978094.8 -26.0 35.3 1436.181 17.5000 
-91.2686 0.7277 978100.8 -26.3 41.0 1395.430 17.5500 
-91.2716 0.7375 978106.7 -26.5 46.7 1261.515 17.6000 
-91.2746 0.7473 978112.5 -26.5 52.5 1164.659 17.6500 
-91.2776 0.7571 978119.1 -26.6 58.9 976.963 17.7000 
-91.2806 0.7670 978127.4 -26.6 67.2 781.233 17.7500 
-91.2836 0.7768 978135.0 -26.9 74.4 680.513 17.8000 
-91.2867 0.7867 978140.0 -27.2 79.1 640.162 17.8500 
-91.2898 0.7966 978143.1 -27.7 81.7 610.808 17.9000 
-91.2929 0.8064 978146.5 -27.7 85.0 578.894 17.9500 
-91.2961 0.8162 978148.4 -27.6 87.1 536.457 18.0000 
-91.2992 0.8260 978149.1 -27.0 88.4 497.103 18.0500 
-91.3022 0.8359 978146.9 -26.5 86.6 570.463 18.1000 
-91.3052 0.8457 978139.4 -26.4 79.3 697.368 18.1500 
-91.3082 0.8554 978131.1 -26.2 71.0 955.172 18.2000 
-91.3111 0.8653 978121.3 -25.4 62.0 1232.970 18.2500 
-91.3139 0.8751 978112.3 -25.2 53.2 1392.952 18.3000 
-91.3168 0.8849 978104.9 -24.8 46.3 1461.630 18.3500 
-91.3195 0.8947 978097.6 -24.7 38.9 1684.378 18.4000 
-91.3224 0.9044 978090.6 -25.3 31.3 1800.157 18.4500 
-91.3253 0.9140 978085.0 -25.8 25.2 1894.560 18.5000 
-91.3281 0.9236 978079.2 -24.5 20.6 2042.048 18.5500 
-91.3309 0.9331 978073.5 -24.6 14.8 2114.614 18.6000 
-91.3337 0.9425 978070.5 -24.3 12.2 2122.272 18.6500 
-91.3364 0.9520 978067.9 -24.6 9.1 2124.324 18.7000 
-91.3392 0.9616 978067.1 -25.5 7.4 2126.256 18.7500 
-91.3422 0.9711 978067.0 -26.3 6.5 2133.693 18.8000 
-91.3452 0.9805 978066.9 -27.3 5.5 2140.021 18.8500 
-91.3483 0.9899 978067.0 -27.1 5.7 2138.874 18.9000 
-91.3513 0.9993 978066.5 -27.3 5.0 2134.354 18.9500 
-91.3544 1.0089 978066.7 -28.4 4.1 2133.695 19.0000 
-91.3577 1.0184 978067.3 -28.5 4.5 2132.458 19.0500 
-91.3609 1.0282 978067.0 -28.4 4.2 2129.582 19.1000 
-91.3641 1.0379 978066.7 -28.6 3.7 2131.318 19.1500 
-91.3673 1.0477 978066.3 -28.5 3.3 2126.450 19.2000 
-91.3706 1.0576 978066.1 -28.6 3.1 2119.731 19.2500 
-91.3738 1.0674 978066.0 -27.3 4.2 2114.151 19.3000 
-91.3765 1.0746 978063.5 -21.0 8.0 2112.573 19.3500 
-91.3786 1.0796 978056.3 -18.1 3.7 2113.235 19.4000 
-91.3805 1.0842 978054.7 -17.8 2.4 1901.962 19.4500 
-91.3825 1.0905 978054.8 -19.4 0.8 342.829 19.5000 
-91.3849 1.0984 978058.3 -19.6 4.1 -99.000 19.5500 
-91.3867 1.1048 978054.8 -6.8 13.4 -99.000 19.6000 
-91.3868 1.1081 978043.6 -6.3 2.7 -99.000 19.6500 
-91.3873 1.1085 978041.3 -0.9 5.9 -99.000 19.7000 
-91.3873 1.1085 978038.4 -0.0 3.7 -99.000 19.7500 
-91.3873 1.1085 978037.5 -0.0 2.9 -99.000 19.8000 
-91.3873 1.1085 978037.6 0.0 3.0 -99.000 19.8500 
-91.3873 1.1085 978037.7 -0.0 3.1 -99.000 19.9000 
-91.3873 1.1085 978037.7 0.0 3.1 -99.000 19.9500 
-91.3873 1.1085 978037.7 0.0 3.1 -99.000 20.0000 
-91.3873 1.1085 978037.6 0.0 3.0 -99.000 20.0500 
-91.3873 1.1085 978037.7 -0.0 3.1 -99.000 20.1000 
-91.3873 1.1085 978037.9 0.0 3.3 -99.000 20.1500 
-91.3873 1.1085 978037.6 0.0 3.0 -99.000 20.2000 
-91.3873 1.1085 978037.5 -0.0 2.9 -99.000 20.2500 
-91.3873 1.1085 978037.5 0.1 3.0 -99.000 20.3000 
-91.3873 1.1085 978037.5 -0.0 2.9 -99.000 20.3500 
-91.3873 1.1085 978037.6 -0.0 2.9 -99.000 20.4000 
-91.3873 1.1085 978037.5 0.0 2.9 -99.000 20.4500 
-91.3873 1.1085 978037.5 -0.0 2.9 -99.000 20.5000 
-91.3873 1.1085 978037.7 -0.0 3.1 -99.000 20.5500 
-91.3873 1.1085 978037.6 -1.0 2.1 -99.000 20.6000 
-91.3876 1.1086 978039.8 -6.4 -1.2 -99.000 20.6500 
-91.3886 1.1092 978044.7 -10.3 -0.2 -99.000 20.7000 
-91.3899 1.1101 978048.1 -12.0 1.5 -99.000 20.7500 
-91.3913 1.1111 978049.6 -13.3 1.7 -99.000 20.8000 
-91.3928 1.1123 978051.1 -13.9 2.5 -99.000 20.8500 
-91.3943 1.1134 978051.1 -12.9 3.6 -99.000 20.9000 
-91.3957 1.1140 978049.9 -12.7 2.6 -99.000 20.9500 
-91.3972 1.1148 978050.5 -14.3 1.6 -99.000 21.0000 
-91.3988 1.1156 978051.6 -14.9 2.1 -99.000 21.0500 
-91.4006 1.1161 978053.7 -28.2 -9.2 563.092 21.1000 
-91.4052 1.1154 978073.3 -60.4 -21.8 2000.372 21.1500 
-91.4141 1.1148 978109.8 -88.2 -13.0 2115.021 21.2000 
-91.4244 1.1156 978128.3 -92.7 0.9 2120.669 21.2500 
-91.4348 1.1163 978129.3 -93.0 1.6 2139.467 21.3000 
-91.4452 1.1172 978129.4 -93.1 1.7 2144.863 21.3500 
-91.4557 1.1180 978129.3 -92.8 1.9 2136.965 21.4000 
-91.4660 1.1189 978129.1 -92.5 2.0 2145.209 21.4500 
-91.4763 1.1198 978129.5 -92.1 2.8 2157.844 21.5000 
-91.4866 1.1207 978129.8 -91.6 3.6 2148.559 21.5500 
-91.4968 1.1217 978130.2 -91.2 4.4 2135.927 21.6000 
-91.5070 1.1229 978130.8 -90.5 5.6 2136.499 21.6500 
-91.5171 1.1241 978131.1 -90.1 6.3 2149.346 21.7000 
-91.5272 1.1252 978131.8 -89.9 7.2 2144.432 21.7500 
-91.5372 1.1265 978132.8 -90.0 8.1 2133.305 21.8000 
-91.5473 1.1278 978134.2 -90.2 9.3 2131.435 21.8500 
-91.5574 1.1291 978135.2 -90.2 10.4 2122.892 21.9000 
-91.5675 1.1304 978136.5 -90.1 11.7 2108.205 21.9500 
-91.5775 1.1317 978137.8 -90.1 13.0 2088.758 22.0000 
-91.5876 1.1330 978138.9 -89.9 14.4 2043.791 22.0500 
-91.5976 1.1343 978139.9 -89.7 15.5 1964.705 22.1000 
-91.6077 1.1355 978141.0 -89.5 16.8 1926.924 22.1500 
-91.6177 1.1366 978141.3 -89.4 17.2 1922.194 22.2000 
-91.6277 1.1380 978141.6 -89.6 17.3 1929.232 22.2500 
-91.6377 1.1393 978141.0 -89.6 16.6 1994.484 22.3000 
-91.6477 1.1407 978140.2 -89.7 15.8 2002.829 22.3500 
-91.6578 1.1421 978139.2 -89.8 14.6 2073.608 22.4000 
-91.6678 1.1434 978137.7 -89.9 13.1 2076.629 22.4500 
-91.6779 1.1447 978136.0 -90.1 11.2 2092.799 22.5000 
-91.6880 1.1459 978134.8 -90.8 9.3 2134.838 22.5500 
-91.6982 1.1471 978134.0 -91.6 7.7 2115.007 22.6000 
-91.7084 1.1482 978133.2 -92.1 6.4 2060.806 22.6500 
-91.7188 1.1495 978132.1 -92.1 5.2 2084.684 22.7000 
-91.7291 1.1507 978130.6 -92.0 3.8 2168.980 22.7500 
-91.7393 1.1520 978128.9 -91.9 2.2 2217.302 22.8000 
-91.7496 1.1533 978127.5 -91.6 1.2 2242.101 22.8500 
-91.7598 1.1546 978126.1 -91.5 -0.2 2251.300 22.9000 
-91.7701 1.1559 978125.7 -91.8 -0.9 2253.872 22.9500 
-91.7804 1.1572 978124.9 -91.7 -1.5 2263.890 23.0000 
-91.7906 1.1584 978124.1 -91.8 -2.5 2278.287 23.0500 
-91.8009 1.1597 978123.7 -91.7 -2.8 2292.087 23.1000 
-91.8111 1.1610 978122.7 -91.5 -3.6 2293.719 23.1500 
-91.8214 1.1623 978122.2 -91.3 -3.9 2293.225 23.2000 
-91.8315 1.1637 978121.7 -91.0 -4.1 2310.991 23.2500 
-91.8417 1.1650 978121.8 -91.1 -4.0 2298.428 23.3000 
-91.8519 1.1663 978122.2 -91.4 -4.1 2288.334 23.3500 
-91.8622 1.1677 978122.8 -91.9 -4.0 2285.419 23.4000 
-91.8725 1.1691 978123.4 -91.2 -2.6 2288.122 23.4500 
-91.8826 1.1704 978122.7 -90.4 -2.5 2310.387 23.5000 
-91.8927 1.1717 978122.5 -90.4 -2.7 2305.190 23.5500 
-91.9028 1.1731 978122.8 -90.0 -2.0 2296.730 23.6000 
-91.9128 1.1744 978122.9 -89.3 -1.2 2297.892 23.6500 
-91.9228 1.1758 978122.7 -88.8 -0.9 2296.805 23.7000 
-91.9327 1.1771 978123.1 -89.3 -1.0 2289.544 23.7500 
-91.9427 1.1782 978124.1 -89.9 -0.7 2315.443 23.8000 
-91.9528 1.1792 978125.1 -90.2 0.0 2337.812 23.8500 
-91.9629 1.1802 978125.6 -89.9 0.9 2345.364 23.9000 
-91.9729 1.1815 978125.2 NaN NaN 2352.580 23.9500 
