-85.5159 5.2619 978159.9 NaN NaN 1769.013 0.0000 
-85.5206 5.2546 978159.6 -42.3 41.3 1776.092 0.0500 
-85.5253 5.2472 978158.7 -41.5 41.2 1816.798 0.1000 
-85.5300 5.2399 978157.5 -41.1 40.7 1800.587 0.1500 
-85.5346 5.2326 978156.6 -41.0 40.0 1751.849 0.2000 
-85.5392 5.2253 978156.8 -41.2 40.1 1746.237 0.2500 
-85.5439 5.2180 978157.2 -41.5 40.3 1721.219 0.3000 
-85.5486 5.2107 978157.9 -41.9 40.8 1669.923 0.3500 
-85.5533 5.2035 978159.2 -42.8 41.3 1631.399 0.4000 
-85.5582 5.1962 978161.2 -44.0 42.2 1579.602 0.4500 
-85.5632 5.1890 978162.8 -57.6 30.3 1566.323 0.5000 
-85.5653 5.1811 978148.5 67.5 141.3 1548.173 0.5500 
-85.5592 5.1746 978084.7 58.9 69.0 1514.057 0.6000 
-85.5524 5.1686 978063.6 65.2 54.2 1510.497 0.6500 
-85.5449 5.1631 978059.9 67.2 52.6 1500.236 0.7000 
-85.5375 5.1576 978059.6 67.3 52.5 1488.802 0.7500 
-85.5300 5.1520 978059.3 67.0 52.0 1559.332 0.8000 
-85.5226 5.1464 978059.1 65.8 50.6 1629.407 0.8500 
-85.5154 5.1407 978058.6 64.9 49.4 1612.210 0.9000 
-85.5083 5.1350 978058.6 64.6 49.1 1593.472 0.9500 
-85.5011 5.1293 978058.9 64.9 49.8 1569.693 1.0000 
-85.4939 5.1237 978059.8 65.7 51.6 1507.664 1.0500 
-85.4865 5.1181 978058.3 66.4 50.9 1485.619 1.1000 
-85.4792 5.1125 978054.7 66.6 47.7 1636.386 1.1500 
-85.4718 5.1070 978049.1 67.0 42.6 1963.581 1.2000 
-85.4643 5.1014 978042.4 66.8 35.7 2151.495 1.2500 
-85.4570 5.0959 978037.2 66.0 29.8 2249.401 1.3000 
-85.4497 5.0903 978032.9 65.9 25.5 2143.341 1.3500 
-85.4424 5.0846 978028.6 65.7 21.1 2254.310 1.4000 
-85.4351 5.0788 978024.8 65.5 17.2 2439.553 1.4500 
-85.4279 5.0731 978021.8 65.3 14.1 2438.413 1.5000 
-85.4206 5.0674 978019.4 65.6 12.1 2423.419 1.5500 
-85.4134 5.0616 978018.5 65.9 11.5 2377.985 1.6000 
-85.4060 5.0559 978018.3 66.3 11.8 2342.534 1.6500 
-85.3987 5.0502 978018.1 66.4 11.9 2340.741 1.7000 
-85.3913 5.0446 978017.8 66.2 11.4 2388.825 1.7500 
-85.3840 5.0389 978017.6 65.7 10.9 2446.768 1.8000 
-85.3768 5.0333 978016.9 65.1 9.6 2514.315 1.8500 
-85.3695 5.0278 978015.8 66.1 9.5 2536.679 1.9000 
-85.3622 5.0222 978013.3 66.5 7.5 2543.155 1.9500 
-85.3548 5.0167 978013.9 72.0 13.7 2579.921 2.0000 
-85.3528 5.0090 978050.8 -73.6 -94.8 2609.769 2.0500 
-85.3569 5.0019 978105.7 -39.9 -6.1 2449.596 2.1000 
-85.3614 4.9949 978120.1 -40.2 8.1 2284.990 2.1500 
-85.3659 4.9877 978121.8 -40.7 9.4 2143.771 2.2000 
-85.3706 4.9807 978123.6 -42.1 10.0 2127.195 2.2500 
-85.3753 4.9738 978125.2 -42.4 11.3 2264.667 2.3000 
-85.3801 4.9668 978125.0 -42.7 10.8 2322.484 2.3500 
-85.3850 4.9599 978124.9 -44.0 9.6 2404.230 2.4000 
-85.3900 4.9531 978125.3 -44.4 9.7 2420.482 2.4500 
-85.3950 4.9463 978125.0 -44.4 9.5 2399.926 2.5000 
-85.4000 4.9394 978125.0 -43.8 10.2 2366.577 2.5500 
-85.4048 4.9326 978124.6 -43.2 10.6 2368.993 2.6000 
-85.4097 4.9260 978125.1 -44.3 10.0 2349.674 2.6500 
-85.4147 4.9194 978127.3 -44.8 11.9 2303.409 2.7000 
-85.4198 4.9128 978129.4 -45.3 13.5 2280.746 2.7500 
-85.4249 4.9063 978131.2 -45.6 15.1 2265.861 2.8000 
-85.4300 4.8998 978132.6 -45.7 16.6 2252.317 2.8500 
-85.4352 4.8933 978134.5 -46.0 18.2 2216.036 2.9000 
-85.4404 4.8868 978137.1 -46.4 20.6 2191.693 2.9500 
-85.4456 4.8803 978139.8 -46.1 23.7 2198.622 3.0000 
-85.4508 4.8738 978142.0 -46.1 26.0 2137.509 3.0500 
-85.4559 4.8673 978145.2 -45.8 29.6 2098.049 3.1000 
-85.4611 4.8607 978147.4 -46.2 31.5 2078.251 3.1500 
-85.4663 4.8541 978150.7 -46.5 34.5 2066.934 3.2000 
-85.4715 4.8476 978152.6 -46.2 36.9 2010.423 3.2500 
-85.4766 4.8410 978154.2 -44.9 39.9 1860.278 3.3000 
-85.4816 4.8342 978154.0 -43.9 40.8 1805.525 3.3500 
-85.4865 4.8274 978154.3 -43.7 41.4 1844.555 3.4000 
-85.4914 4.8206 978154.7 -43.4 42.1 1883.218 3.4500 
-85.4963 4.8138 978154.6 -43.1 42.4 1897.390 3.5000 
-85.5011 4.8069 978154.2 -43.3 42.0 1905.595 3.5500 
-85.5061 4.8000 978154.3 -43.8 41.6 1927.383 3.6000 
-85.5110 4.7931 978154.2 -43.7 41.8 1908.163 3.6500 
-85.5159 4.7862 978153.7 -43.8 41.3 1895.583 3.7000 
-85.5208 4.7793 978153.3 -44.9 39.9 1899.619 3.7500 
-85.5259 4.7725 978152.9 -45.6 38.9 1920.059 3.8000 
-85.5311 4.7657 978151.1 -46.0 36.8 1999.683 3.8500 
-85.5363 4.7589 978148.7 -46.4 34.0 2085.589 3.9000 
-85.5415 4.7522 978146.2 -47.4 30.7 2147.673 3.9500 
-85.5469 4.7455 978144.3 -47.8 28.5 2205.860 4.0000 
-85.5523 4.7389 978141.0 -47.9 25.2 2253.017 4.0500 
-85.5577 4.7322 978139.3 -48.4 23.1 2268.519 4.1000 
-85.5631 4.7255 978137.7 -48.8 21.2 2253.617 4.1500 
-85.5686 4.7188 978136.2 -49.1 19.5 2261.064 4.2000 
-85.5742 4.7120 978134.7 -49.6 17.6 2276.259 4.2500 
-85.5798 4.7053 978133.5 -49.5 16.6 2282.038 4.3000 
-85.5853 4.6984 978132.2 -48.3 16.6 2286.562 4.3500 
-85.5906 4.6915 978129.6 -47.1 15.2 2294.734 4.4000 
-85.5958 4.6844 978127.2 -45.4 14.7 2305.880 4.4500 
-85.6009 4.6773 978124.8 -44.5 13.3 2316.484 4.5000 
-85.6058 4.6701 978122.9 -43.9 12.0 2332.294 4.5500 
-85.6108 4.6630 978122.0 -44.8 10.4 2346.843 4.6000 
-85.6159 4.6560 978123.0 -45.5 10.8 2356.041 4.6500 
-85.6210 4.6489 978123.1 -46.2 10.4 2360.392 4.7000 
-85.6262 4.6419 978123.1 -46.1 10.6 2367.319 4.7500 
-85.6314 4.6348 978122.8 -46.2 10.2 2373.841 4.8000 
-85.6366 4.6277 978122.6 -46.3 10.0 2381.171 4.8500 
-85.6418 4.6207 978121.9 -46.4 9.3 2388.430 4.9000 
-85.6470 4.6136 978122.3 -46.3 10.0 2393.350 4.9500 
-85.6522 4.6066 978121.8 -45.8 10.1 2400.139 5.0000 
-85.6573 4.5997 978121.4 -45.9 9.6 2399.226 5.0500 
-85.6625 4.5928 978122.0 -46.5 9.7 2399.274 5.1000 
-85.6677 4.5858 978121.9 -46.4 9.8 2404.926 5.1500 
-85.6730 4.5789 978121.9 -46.3 10.0 2409.826 5.2000 
-85.6782 4.5719 978122.3 -46.4 10.4 2418.955 5.2500 
-85.6834 4.5650 978122.3 -46.2 10.8 2432.832 5.3000 
-85.6886 4.5581 978121.6 -45.7 10.6 2453.842 5.3500 
-85.6937 4.5512 978120.6 -45.4 10.1 2476.418 5.4000 
-85.6987 4.5443 978119.9 -45.2 9.6 2480.355 5.4500 
-85.7038 4.5375 978119.5 -45.9 8.6 2496.318 5.5000 
-85.7090 4.5307 978119.4 -45.8 8.7 2542.259 5.5500 
-85.7141 4.5241 978117.7 -45.4 7.5 2588.803 5.6000 
-85.7192 4.5173 978116.5 -45.1 6.6 2606.437 5.6500 
-85.7243 4.5105 978115.2 -44.4 6.3 2602.656 5.7000 
-85.7292 4.5037 978113.5 -43.6 5.3 2601.753 5.7500 
-85.7341 4.4970 978112.6 -43.9 4.3 2598.240 5.8000 
-85.7390 4.4902 978112.5 -44.7 3.5 2598.043 5.8500 
-85.7441 4.4836 978113.1 -45.9 3.0 2604.275 5.9000 
-85.7493 4.4769 978113.5 -46.6 2.7 2600.033 5.9500 
-85.7546 4.4702 978113.8 -47.3 2.5 2579.079 6.0000 
-85.7600 4.4635 978113.7 -47.9 1.8 2571.501 6.0500 
-85.7653 4.4569 978113.1 -47.6 1.7 2583.818 6.1000 
-85.7706 4.4501 978112.1 -46.9 1.5 2599.810 6.1500 
-85.7759 4.4433 978110.6 -46.8 0.2 2605.251 6.2000 
-85.7811 4.4365 978109.2 -46.3 -0.6 2597.785 6.2500 
-85.7863 4.4298 978107.6 -46.9 -2.9 2611.569 6.3000 
-85.7916 4.4230 978107.1 -47.4 -3.7 2620.938 6.3500 
-85.7970 4.4161 978107.0 -47.5 -3.8 2621.712 6.4000 
-85.8023 4.4092 978106.5 -47.2 -3.8 2617.064 6.4500 
-85.8076 4.4024 978105.8 -47.2 -4.5 2611.140 6.5000 
-85.8129 4.3956 978106.4 -47.2 -3.8 2583.147 6.5500 
-85.8182 4.3887 978107.0 -46.5 -2.4 2561.867 6.6000 
-85.8233 4.3818 978107.4 -45.8 -1.2 2531.925 6.6500 
-85.8285 4.3749 978109.3 -45.2 1.3 2471.650 6.7000 
-85.8335 4.3680 978110.9 -44.9 3.4 2384.061 6.7500 
-85.8385 4.3610 978112.9 -44.7 5.6 2335.743 6.8000 
-85.8435 4.3541 978115.2 -44.4 8.3 2292.180 6.8500 
-85.8485 4.3472 978116.8 -44.2 10.3 2251.401 6.9000 
-85.8534 4.3402 978118.4 -43.8 12.4 2209.744 6.9500 
-85.8584 4.3333 978119.8 -44.7 12.9 2171.126 7.0000 
-85.8634 4.3264 978122.7 -45.5 15.1 2149.150 7.0500 
-85.8686 4.3196 978124.7 -45.7 17.0 2137.033 7.1000 
-85.8738 4.3127 978126.4 -46.6 17.9 2056.234 7.1500 
-85.8790 4.3059 978128.9 -46.7 20.4 2031.592 7.2000 
-85.8843 4.2991 978130.7 -46.9 22.2 1957.493 7.2500 
-85.8895 4.2923 978132.9 -46.9 24.4 1935.057 7.3000 
-85.8948 4.2854 978134.0 -46.9 25.6 1951.820 7.3500 
-85.9000 4.2786 978136.3 -46.6 28.2 1879.515 7.4000 
-85.9053 4.2716 978137.7 -46.8 29.6 1706.670 7.4500 
-85.9105 4.2647 978140.5 -46.7 32.5 1511.386 7.5000 
-85.9157 4.2577 978142.4 -43.4 37.8 1244.083 7.5500 
-85.9204 4.2504 978141.7 -41.9 38.8 1026.921 7.6000 
-85.9251 4.2431 978143.4 -42.0 40.5 1004.906 7.6500 
-85.9298 4.2359 978145.1 -41.7 42.6 793.135 7.7000 
-85.9344 4.2287 978144.7 -41.2 42.7 906.449 7.7500 
-85.9391 4.2216 978142.2 -41.6 40.0 1149.884 7.8000 
-85.9438 4.2144 978138.4 -41.6 36.3 1403.852 7.8500 
-85.9484 4.2073 978134.1 -41.6 32.0 1505.643 7.9000 
-85.9531 4.2001 978129.8 -41.9 27.5 1805.205 7.9500 
-85.9578 4.1930 978126.0 -42.0 23.6 2037.516 8.0000 
-85.9626 4.1857 978122.9 -42.1 20.6 2143.304 8.0500 
-85.9673 4.1786 978119.7 -40.7 18.9 2179.104 8.1000 
-85.9717 4.1713 978115.3 -39.9 15.4 2221.024 8.1500 
-85.9762 4.1640 978113.2 -39.9 13.4 2240.531 8.2000 
-85.9807 4.1567 978110.9 -39.7 11.4 2281.754 8.2500 
-85.9851 4.1493 978109.4 -39.9 9.8 2325.679 8.3000 
-85.9896 4.1420 978108.0 -40.2 8.2 2362.462 8.3500 
-85.9942 4.1347 978107.0 -40.4 7.1 2391.083 8.4000 
-85.9987 4.1273 978105.9 -40.5 5.9 2393.984 8.4500 
-86.0033 4.1200 978104.7 -40.6 4.8 2376.276 8.5000 
-86.0078 4.1126 978103.9 -40.6 4.1 2388.662 8.5500 
-86.0124 4.1052 978103.4 -40.2 4.1 2417.953 8.6000 
-86.0169 4.0978 978102.1 -40.1 3.0 2430.529 8.6500 
-86.0214 4.0904 978101.6 -40.3 2.3 2424.882 8.7000 
-86.0260 4.0831 978102.4 -42.2 1.4 2456.948 8.7500 
-86.0308 4.0759 978104.4 -42.9 2.8 2440.243 8.8000 
-86.0356 4.0687 978104.9 -42.5 3.7 2409.395 8.8500 
-86.0403 4.0614 978104.6 -41.9 4.1 2423.820 8.9000 
-86.0450 4.0542 978104.0 -41.6 3.9 2440.956 8.9500 
-86.0497 4.0470 978103.4 -41.5 3.6 2436.607 9.0000 
-86.0543 4.0398 978103.7 -41.6 3.7 2428.050 9.0500 
-86.0590 4.0327 978103.6 -41.0 4.4 2464.036 9.1000 
-86.0636 4.0255 978103.1 -40.6 4.4 2477.320 9.1500 
-86.0681 4.0183 978103.2 -40.1 5.1 2470.640 9.2000 
-86.0726 4.0110 978102.2 -39.4 4.9 2479.580 9.2500 
-86.0770 4.0036 978102.1 -39.8 4.5 2483.608 9.3000 
-86.0815 3.9963 978102.9 -40.0 5.1 2494.865 9.3500 
-86.0860 3.9889 978103.3 -39.7 6.0 2514.389 9.4000 
-86.0904 3.9815 978102.7 -39.3 5.8 2517.515 9.4500 
-86.0948 3.9741 978102.4 -39.9 5.0 2518.155 9.5000 
-86.0994 3.9669 978103.8 -41.9 4.5 2527.589 9.5500 
-86.1041 3.9597 978105.4 -41.4 6.8 2541.956 9.6000 
-86.1087 3.9525 978104.5 -41.0 6.3 2535.005 9.6500 
-86.1133 3.9452 978104.5 -41.0 6.4 2534.895 9.7000 
-86.1179 3.9380 978104.6 -41.3 6.3 2545.884 9.7500 
-86.1225 3.9308 978104.9 -41.3 6.7 2537.346 9.8000 
-86.1272 3.9236 978104.7 -41.3 6.5 2532.511 9.8500 
-86.1318 3.9164 978104.9 -41.3 6.8 2523.767 9.9000 
-86.1364 3.9092 978104.8 -41.0 7.1 2534.339 9.9500 
-86.1410 3.9019 978104.1 -40.8 6.7 2550.745 10.0000 
-86.1456 3.8947 978103.8 -40.8 6.5 2540.931 10.0500 
-86.1502 3.8875 978103.5 -41.0 6.1 2531.319 10.1000 
-86.1548 3.8802 978103.5 -41.0 6.1 2541.281 10.1500 
-86.1594 3.8730 978103.6 -40.9 6.4 2559.317 10.2000 
-86.1640 3.8658 978103.1 -41.1 5.8 2574.983 10.2500 
-86.1686 3.8585 978103.0 -41.4 5.5 2590.030 10.3000 
-86.1733 3.8513 978103.4 -41.7 5.7 2596.144 10.3500 
-86.1780 3.8442 978103.2 -41.8 5.5 2592.310 10.4000 
-86.1827 3.8370 978103.3 -42.2 5.3 2599.960 10.4500 
-86.1874 3.8299 978103.8 -42.4 5.7 2612.711 10.5000 
-86.1922 3.8227 978103.5 -42.4 5.5 2611.239 10.5500 
-86.1970 3.8156 978103.0 -41.0 6.5 2602.611 10.6000 
-86.2013 3.8083 978100.2 -38.7 6.0 2597.364 10.6500 
-86.2057 3.8010 978097.8 -38.5 4.0 2608.397 10.7000 
-86.2100 3.7937 978097.5 -38.5 3.7 2629.517 10.7500 
-86.2143 3.7863 978097.0 -38.0 3.8 2637.413 10.8000 
-86.2185 3.7790 978096.2 -38.2 3.0 2618.940 10.8500 
-86.2228 3.7716 978096.6 -38.2 3.4 2604.866 10.9000 
-86.2271 3.7643 978096.4 -38.2 3.3 2602.419 10.9500 
-86.2314 3.7570 978096.5 -38.3 3.3 2592.767 11.0000 
-86.2357 3.7496 978096.9 -38.3 3.8 2577.894 11.0500 
-86.2400 3.7423 978097.0 -37.8 4.5 2570.498 11.1000 
-86.2442 3.7350 978096.5 -37.4 4.5 2591.956 11.1500 
-86.2484 3.7277 978096.4 -38.5 3.4 2623.852 11.2000 
-86.2529 3.7206 978097.8 -40.3 3.0 2639.046 11.2500 
-86.2574 3.7134 978098.5 -40.4 3.7 2641.134 11.3000 
-86.2619 3.7062 978097.7 -40.7 2.8 2645.086 11.3500 
-86.2665 3.6992 978097.7 -41.4 2.1 2664.130 11.4000 
-86.2712 3.6920 978097.7 -41.9 1.7 2681.085 11.4500 
-86.2759 3.6849 978097.4 -42.1 1.3 2686.389 11.5000 
-86.2807 3.6777 978097.4 -42.1 1.4 2689.147 11.5500 
-86.2853 3.6705 978096.5 -41.7 0.9 2688.893 11.6000 
-86.2900 3.6633 978095.8 -41.5 0.6 2685.795 11.6500 
-86.2946 3.6561 978094.9 -41.4 -0.2 2680.505 11.7000 
-86.2993 3.6489 978094.9 -41.5 -0.2 2666.797 11.7500 
-86.3040 3.6416 978094.7 -41.7 -0.5 2661.995 11.8000 
-86.3086 3.6344 978095.1 -41.4 0.2 2665.566 11.8500 
-86.3133 3.6272 978094.9 -40.8 0.8 2649.933 11.9000 
-86.3178 3.6200 978094.1 -40.8 0.0 2618.306 11.9500 
-86.3224 3.6127 978094.7 -46.5 -5.0 2618.683 12.0000 
-86.3285 3.6070 978105.3 -61.5 -9.4 2621.177 12.0500 
-86.3357 3.6027 978117.9 -64.8 0.0 2609.491 12.1000 
-86.3430 3.5984 978119.7 -64.7 2.0 2616.778 12.1500 
-86.3502 3.5940 978119.3 -63.9 2.4 2612.261 12.2000 
-86.3573 3.5895 978118.9 -64.0 2.0 2597.292 12.2500 
-86.3645 3.5851 978119.1 -63.6 2.7 2578.741 12.3000 
-86.3716 3.5807 978118.9 -63.6 2.5 2540.489 12.3500 
-86.3787 3.5762 978118.7 -63.4 2.5 2499.152 12.4000 
-86.3858 3.5716 978119.1 -63.8 2.6 2482.121 12.4500 
-86.3930 3.5669 978120.0 -64.5 2.8 2473.156 12.5000 
-86.4002 3.5623 978120.6 -64.2 3.8 2459.544 12.5500 
-86.4074 3.5576 978120.0 -64.0 3.4 2454.390 12.6000 
-86.4146 3.5529 978120.7 -64.4 3.8 2450.623 12.6500 
-86.4218 3.5482 978122.2 -64.6 5.2 2433.886 12.7000 
-86.4290 3.5435 978122.3 -64.1 5.8 2416.809 12.7500 
-86.4362 3.5388 978122.5 -63.8 6.3 2407.048 12.8000 
-86.4433 3.5340 978122.7 -64.1 6.2 2387.210 12.8500 
-86.4505 3.5292 978123.1 -64.2 6.6 2389.096 12.9000 
-86.4577 3.5245 978122.8 -64.3 6.3 2393.068 12.9500 
-86.4649 3.5198 978122.6 -64.8 5.7 2386.614 13.0000 
-86.4722 3.5150 978123.1 -65.1 5.9 2382.509 13.0500 
-86.4795 3.5102 978123.3 -65.2 6.1 2377.630 13.1000 
-86.4868 3.5054 978123.0 -65.4 5.7 2376.391 13.1500 
-86.4942 3.5008 978123.2 -66.3 4.9 2374.256 13.2000 
-86.5017 3.4963 978124.1 -66.8 5.4 2376.718 13.2500 
-86.5092 3.4919 978124.5 -66.9 5.8 2379.038 13.3000 
-86.5166 3.4876 978124.3 -66.6 6.0 2378.372 13.3500 
-86.5241 3.4832 978123.8 -66.5 5.5 2374.312 13.4000 
-86.5315 3.4788 978124.0 -66.9 5.4 2369.840 13.4500 
-86.5391 3.4743 978124.2 -67.1 5.5 2375.258 13.5000 
-86.5466 3.4699 978124.7 -66.8 6.3 2389.331 13.5500 
-86.5540 3.4655 978123.4 -65.5 6.3 2394.656 13.6000 
-86.5613 3.4609 978122.1 -65.4 5.1 2406.633 13.6500 
-86.5686 3.4563 978122.1 -65.4 5.3 2418.404 13.7000 
-86.5760 3.4517 978121.7 -65.6 4.7 2425.824 13.7500 
-86.5833 3.4473 978122.0 -66.0 4.6 2426.320 13.8000 
-86.5907 3.4428 978121.8 -66.0 4.5 2453.612 13.8500 
-86.5981 3.4383 978122.1 -66.2 4.6 2460.013 13.9000 
-86.6055 3.4339 978122.2 -65.3 5.7 2468.874 13.9500 
-86.6128 3.4292 978121.0 -64.3 5.5 2471.355 14.0000 
-86.6200 3.4244 978120.7 -64.3 5.3 2468.668 14.0500 
-86.6271 3.4196 978120.3 -63.8 5.4 2475.074 14.1000 
-86.6343 3.4148 978120.1 -63.8 5.3 2482.938 14.1500 
-86.6414 3.4101 978120.6 -63.4 6.2 2478.078 14.2000 
-86.6485 3.4054 978120.2 -63.3 6.0 2475.853 14.2500 
-86.6556 3.4007 978120.1 -63.0 6.2 2479.629 14.3000 
-86.6626 3.3960 978119.7 -62.6 6.2 2478.938 14.3500 
-86.6696 3.3913 978119.6 -62.8 6.1 2477.535 14.4000 
-86.6766 3.3866 978119.8 -63.0 6.0 2474.182 14.4500 
-86.6837 3.3819 978120.3 -63.4 6.2 2476.151 14.5000 
-86.6908 3.3773 978120.5 -63.3 6.6 2475.834 14.5500 
-86.6979 3.3727 978120.7 -63.6 6.5 2475.765 14.6000 
-86.7051 3.3681 978120.8 -63.6 6.7 2482.313 14.6500 
-86.7122 3.3635 978120.5 -63.5 6.6 2491.371 14.7000 
-86.7193 3.3589 978120.7 -63.9 6.4 2499.595 14.7500 
-86.7264 3.3542 978120.6 -64.2 6.1 2509.447 14.8000 
-86.7337 3.3497 978120.9 -64.7 5.8 2515.149 14.8500 
-86.7409 3.3452 978121.4 -65.2 6.0 2520.101 14.9000 
-86.7482 3.3407 978121.2 -65.2 5.8 2528.039 14.9500 
-86.7555 3.3363 978120.9 -65.3 5.4 2535.108 15.0000 
-86.7628 3.3318 978120.9 -64.9 5.9 2540.134 15.0500 
-86.7701 3.3275 978119.8 -64.9 4.8 2544.024 15.1000 
-86.7774 3.3230 978120.1 -65.2 4.9 2548.537 15.1500 
-86.7847 3.3186 978120.8 -65.6 5.2 2550.693 15.2000 
-86.7921 3.3141 978120.5 -65.9 4.7 2557.576 15.2500 
-86.7994 3.3096 978120.0 -65.9 4.3 2571.432 15.3000 
-86.8068 3.3050 978119.7 -66.0 3.8 2582.337 15.3500 
-86.8142 3.3005 978119.7 -65.7 4.2 2586.950 15.4000 
-86.8215 3.2959 978118.9 -65.6 3.5 2587.822 15.4500 
-86.8289 3.2914 978118.9 -65.9 3.3 2594.480 15.5000 
-86.8363 3.2868 978118.5 -65.9 3.0 2594.315 15.5500 
-86.8436 3.2822 978118.4 -65.9 2.9 2591.731 15.6000 
-86.8510 3.2776 978117.9 -65.4 3.0 2601.744 15.6500 
-86.8583 3.2730 978116.8 -65.4 1.9 2611.316 15.7000 
-86.8656 3.2685 978116.5 -65.6 1.4 2617.772 15.7500 
-86.8730 3.2639 978116.9 -65.4 2.0 2622.105 15.8000 
-86.8803 3.2592 978116.1 -65.4 1.4 2624.620 15.8500 
-86.8876 3.2546 978115.7 -65.6 0.8 2629.191 15.9000 
-86.8950 3.2499 978115.9 -65.8 0.9 2636.065 15.9500 
-86.9023 3.2453 978115.9 -65.7 1.0 2639.509 16.0000 
-86.9097 3.2407 978115.6 -65.5 0.9 2644.849 16.0500 
-86.9170 3.2362 978114.4 -65.1 0.2 2644.123 16.1000 
-86.9243 3.2316 978114.2 -65.0 0.0 2642.108 16.1500 
-86.9315 3.2272 978113.3 -64.8 -0.5 2645.982 16.2000 
-86.9388 3.2228 978113.0 -64.5 -0.6 2651.823 16.2500 
-86.9460 3.2184 978112.4 -64.3 -0.8 2657.438 16.3000 
-86.9532 3.2140 978112.0 -63.6 -0.5 2669.730 16.3500 
-86.9602 3.2094 978110.7 -62.7 -0.9 2676.643 16.4000 
-86.9672 3.2047 978109.5 -62.3 -1.6 2677.140 16.4500 
-86.9742 3.2001 978109.4 -62.3 -1.6 2685.505 16.5000 
-86.9811 3.1954 978109.6 -62.4 -1.5 2690.757 16.5500 
-86.9881 3.1908 978109.3 -62.5 -1.9 2691.813 16.6000 
-86.9951 3.1862 978109.6 -62.6 -1.7 2693.097 16.6500 
-87.0021 3.1816 978109.1 -63.0 -2.5 2695.203 16.7000 
-87.0092 3.1769 978109.7 -63.0 -1.8 2701.197 16.7500 
-87.0162 3.1723 978109.1 -62.2 -1.6 2695.302 16.8000 
-87.0232 3.1676 978108.7 -62.2 -2.0 2693.481 16.8500 
-87.0301 3.1628 978108.5 -62.2 -2.1 2698.214 16.9000 
-87.0371 3.1581 978107.9 -63.1 -3.5 2701.915 16.9500 
-87.0442 3.1535 978108.6 -63.7 -3.4 2704.923 17.0000 
-87.0514 3.1490 978109.1 -65.8 -5.0 2706.059 17.0500 
-87.0590 3.1463 978114.0 -74.5 -8.7 2708.167 17.1000 
-87.0674 3.1467 978120.3 -75.7 -3.6 2706.481 17.1500 
-87.0760 3.1473 978121.0 -75.8 -3.0 2701.562 17.2000 
-87.0844 3.1478 978120.7 -75.9 -3.4 2695.929 17.2500 
-87.0929 3.1483 978120.4 -75.6 -3.5 2690.375 17.3000 
-87.1014 3.1488 978120.0 -75.4 -3.7 2687.840 17.3500 
-87.1098 3.1493 978120.6 -75.7 -3.4 2686.906 17.4000 
-87.1183 3.1497 978122.2 -76.2 -2.2 2687.673 17.4500 
-87.1269 3.1501 978124.0 -76.6 -0.9 2633.479 17.5000 
-87.1355 3.1505 978125.8 -76.9 0.7 2545.337 17.5500 
-87.1441 3.1512 978127.7 -76.6 2.8 2521.696 17.6000 
-87.1527 3.1520 978129.5 -76.4 4.8 2473.039 17.6500 
-87.1612 3.1528 978130.2 -76.6 5.3 2395.738 17.7000 
-87.1698 3.1533 978131.6 -76.7 6.6 2340.084 17.7500 
-87.1784 3.1538 978132.1 -76.8 7.0 2154.273 17.8000 
-87.1870 3.1544 978133.0 -76.6 8.0 2067.405 17.8500 
-87.1956 3.1551 978133.0 -76.7 8.0 2102.459 17.9000 
-87.2042 3.1558 978133.1 -76.5 8.3 2125.700 17.9500 
-87.2128 3.1564 978132.1 -76.9 6.9 2168.384 18.0000 
-87.2214 3.1570 978131.8 -77.1 6.5 2218.628 18.0500 
-87.2301 3.1575 978131.2 -77.0 5.9 2230.543 18.1000 
-87.2387 3.1581 978129.7 -77.1 4.2 2254.543 18.1500 
-87.2473 3.1589 978129.0 -77.0 3.6 2309.741 18.2000 
-87.2559 3.1597 978128.6 -76.6 3.6 2343.164 18.2500 
-87.2645 3.1603 978128.4 -75.8 4.2 2341.751 18.3000 
-87.2729 3.1609 978128.3 -75.5 4.4 2301.160 18.3500 
-87.2814 3.1615 978129.1 -75.6 5.0 2175.280 18.4000 
-87.2898 3.1620 978130.1 -75.3 6.4 2147.749 18.4500 
-87.2983 3.1626 978131.2 -75.4 7.4 2093.705 18.5000 
-87.3067 3.1632 978132.8 -75.7 8.7 2048.273 18.5500 
-87.3152 3.1638 978134.4 -75.7 10.2 2011.311 18.6000 
-87.3237 3.1645 978135.7 -75.5 11.8 2022.559 18.6500 
-87.3322 3.1652 978137.3 -75.6 13.2 1982.345 18.7000 
-87.3406 3.1659 978138.8 -75.7 14.6 1957.198 18.7500 
-87.3491 3.1665 978140.3 -75.7 16.2 1910.432 18.8000 
-87.3576 3.1670 978141.8 -75.4 18.1 1829.508 18.8500 
-87.3658 3.1661 978141.9 -70.8 22.7 1847.741 18.9000 
-87.3728 3.1618 978132.2 -49.1 34.8 2005.237 18.9500 
-87.3742 3.1532 978090.6 41.6 83.8 2040.350 19.0000 
-87.3739 3.1443 978060.9 75.1 87.7 2037.299 19.0500 
-87.3738 3.1354 978055.8 -20.2 -12.5 2252.754 19.1000 
-87.3738 3.1265 978051.5 -60.0 -56.5 2506.218 19.1500 
-87.3739 3.1176 978046.7 2.8 1.5 2558.360 19.2000 
-87.3739 3.1087 978042.5 39.0 33.6 2570.443 19.2500 
-87.3738 3.0998 978040.4 73.0 65.6 2574.268 19.3000 
-87.3737 3.0909 978039.4 79.6 71.3 2584.631 19.3500 
-87.3735 3.0819 978040.0 77.0 69.4 2591.658 19.4000 
-87.3733 3.0730 978041.0 70.6 64.1 2581.934 19.4500 
-87.3730 3.0640 978042.7 57.8 53.1 2555.713 19.5000 
-87.3728 3.0552 978045.0 74.6 72.2 2527.517 19.5500 
-87.3727 3.0463 978047.5 63.1 63.4 2490.078 19.6000 
-87.3726 3.0375 978049.1 72.5 74.4 2470.551 19.6500 
-87.3726 3.0287 978048.7 41.2 42.8 2587.939 19.7000 
-87.3726 3.0199 978047.6 35.5 36.1 2731.123 19.7500 
-87.3725 3.0111 978045.2 54.4 52.6 2792.197 19.8000 
-87.3725 3.0022 978042.8 7.3 3.3 2828.201 19.8500 
-87.3725 2.9933 978041.5 -30.1 -35.3 2823.236 19.9000 
-87.3726 2.9845 978041.5 -66.8 -72.0 2805.760 19.9500 
-87.3728 2.9756 978042.0 -77.4 -82.0 2806.899 20.0000 
-87.3729 2.9667 978041.2 -25.2 -30.5 2814.273 20.0500 
-87.3728 2.9577 978040.7 14.2 8.5 2796.509 20.1000 
-87.3728 2.9487 978041.0 6.6 1.3 2756.345 20.1500 
-87.3729 2.9398 978041.5 -34.2 -39.0 2736.181 20.2000 
-87.3729 2.9309 978041.6 -53.5 -58.1 2765.096 20.2500 
-87.3729 2.9219 978041.2 -19.1 -24.0 2794.364 20.3000 
-87.3729 2.9130 978040.4 -3.4 -9.0 2833.058 20.3500 
-87.3730 2.9041 978039.6 -21.9 -28.2 2845.733 20.4000 
-87.3730 2.8952 978039.1 -50.1 -56.9 2855.385 20.4500 
-87.3730 2.8863 978039.2 57.5 50.9 2845.799 20.5000 
-87.3729 2.8774 978038.4 75.6 68.3 2832.801 20.5500 
-87.3728 2.8686 978038.5 74.6 67.5 2825.413 20.6000 
-87.3728 2.8598 978039.4 69.3 63.1 2814.325 20.6500 
-87.3726 2.8509 978040.2 73.3 68.1 2791.120 20.7000 
-87.3724 2.8420 978039.9 42.7 37.2 2813.196 20.7500 
-87.3722 2.8332 978040.3 43.3 38.2 2832.186 20.8000 
-87.3720 2.8243 978040.0 21.3 16.2 2827.241 20.8500 
-87.3717 2.8153 978039.9 33.1 27.8 2813.004 20.9000 
-87.3715 2.8064 978039.5 50.2 44.7 2827.535 20.9500 
-87.3714 2.7975 978038.5 69.2 62.8 3050.905 21.0000 
-87.3712 2.7886 978036.3 59.7 51.1 3132.835 21.0500 
-87.3711 2.7796 978033.7 79.7 68.6 3090.237 21.1000 
-87.3710 2.7706 978031.3 58.6 45.2 3078.838 21.1500 
-87.3710 2.7616 978028.0 34.0 17.3 3185.520 21.2000 
-87.3710 2.7526 978023.7 63.2 42.3 3393.586 21.2500 
-87.3709 2.7437 978018.7 68.2 42.4 3544.621 21.3000 
-87.3709 2.7347 978014.0 47.2 16.8 3556.101 21.3500 
-87.3708 2.7258 978009.4 16.9 -18.0 3564.094 21.4000 
-87.3708 2.7168 978006.0 73.3 35.0 3568.051 21.4500 
-87.3707 2.7079 978001.6 34.7 -8.0 3569.808 21.5000 
-87.3736 2.7001 978022.2 -65.1 -87.1 3518.926 21.5500 
-87.3816 2.6978 978066.8 -74.6 -51.9 3313.969 21.6000 
-87.3890 2.7018 978070.1 -66.3 -40.4 3574.198 21.6500 
-87.3964 2.7062 978066.0 -58.2 -36.4 3572.324 21.7000 
-87.4019 2.7127 978056.6 -47.9 -35.6 3568.128 21.7500 
-87.4071 2.7196 978053.4 -46.4 -37.4 3564.291 21.8000 
-87.4123 2.7264 978057.5 -46.8 -33.6 3550.895 21.8500 
-87.4176 2.7332 978064.2 -49.0 -29.2 3374.124 21.9000 
-87.4232 2.7398 978073.2 -49.8 -21.1 2969.640 21.9500 
-87.4287 2.7466 978079.5 -49.1 -14.2 2890.418 22.0000 
-87.4342 2.7533 978085.7 -49.0 -7.9 2910.284 22.0500 
-87.4397 2.7599 978092.1 -48.5 -1.0 2865.431 22.1000 
-87.4451 2.7665 978099.0 -48.3 6.0 2552.328 22.1500 
-87.4505 2.7729 978105.4 -48.3 12.3 2172.431 22.2000 
-87.4559 2.7793 978111.0 -48.5 17.7 2168.846 22.2500 
-87.4613 2.7857 978114.5 -49.0 20.7 2235.370 22.3000 
-87.4668 2.7921 978116.6 -49.1 22.6 2239.222 22.3500 
-87.4723 2.7985 978116.8 -49.0 22.8 2241.390 22.4000 
-87.4778 2.8050 978116.5 -48.8 22.7 2278.409 22.4500 
-87.4832 2.8115 978115.4 -48.1 22.2 2258.963 22.5000 
-87.4885 2.8180 978114.2 -47.8 21.2 2258.927 22.5500 
-87.4939 2.8245 978113.3 -47.7 20.4 2298.679 22.6000 
-87.4992 2.8311 978112.3 -47.9 19.1 2348.839 22.6500 
-87.5046 2.8376 978111.4 -47.8 18.3 2388.183 22.7000 
-87.5099 2.8441 978111.1 -47.4 18.3 2333.463 22.7500 
-87.5152 2.8506 978110.7 -47.3 18.0 2291.032 22.8000 
-87.5205 2.8571 978111.6 -48.0 18.1 2262.363 22.8500 
-87.5259 2.8634 978112.6 -48.3 18.8 2181.058 22.9000 
-87.5313 2.8698 978113.7 -48.5 19.5 2110.763 22.9500 
-87.5368 2.8762 978114.4 -48.3 20.4 2080.724 23.0000 
-87.5421 2.8826 978114.7 -48.4 20.6 1992.074 23.0500 
-87.5476 2.8891 978115.4 -48.3 21.3 1981.239 23.1000 
-87.5530 2.8955 978115.3 -48.1 21.4 1963.540 23.1500 
-87.5583 2.9019 978114.9 -48.4 20.5 1907.591 23.2000 
-87.5638 2.9084 978115.8 -48.5 21.3 1877.527 23.2500 
-87.5692 2.9149 978116.0 -48.3 21.6 1796.647 23.3000 
-87.5746 2.9214 978115.2 -48.2 20.9 1704.256 23.3500 
-87.5800 2.9280 978113.6 -49.0 18.5 1791.415 23.4000 
-87.5855 2.9345 978111.3 -49.8 15.3 1901.058 23.4500 
-87.5911 2.9411 978106.9 -50.0 10.6 2023.788 23.5000 
-87.5967 2.9478 978101.0 -50.0 4.6 2160.106 23.5500 
-87.6023 2.9544 978094.6 -49.8 -1.6 2384.186 23.6000 
-87.6079 2.9610 978088.8 -49.5 -7.2 2515.704 23.6500 
-87.6134 2.9676 978083.6 -49.8 -12.7 2543.738 23.7000 
-87.6190 2.9742 978080.5 -50.5 -16.7 2556.430 23.7500 
-87.6247 2.9808 978078.1 -50.6 -19.1 2555.370 23.8000 
-87.6303 2.9874 978076.7 -50.7 -20.7 2547.200 23.8500 
-87.6360 2.9940 978077.2 -50.5 -20.1 2527.518 23.9000 
-87.6417 3.0006 978078.1 NaN NaN 2489.981 23.9500 
