-93.4424 0.1769 978016.5 NaN NaN 3226.396 0.0000 
-93.4420 0.1692 978016.2 12.7 -3.8 3228.204 0.0500 
-93.4416 0.1612 978017.2 10.5 -5.0 3213.077 0.1000 
-93.4412 0.1533 978016.8 8.2 -7.7 3213.746 0.1500 
-93.4409 0.1455 978016.5 7.1 -9.1 3445.427 0.2000 
-93.4404 0.1376 978017.5 4.4 -10.8 3333.455 0.2500 
-93.4400 0.1293 978018.7 5.9 -8.2 3261.322 0.3000 
-93.4396 0.1212 978018.5 5.4 -8.8 4253.833 0.3500 
-93.4391 0.1132 978017.6 5.2 -9.9 3398.105 0.4000 
-93.4386 0.1051 978018.0 5.6 -9.0 3199.093 0.4500 
-93.4380 0.0969 978018.4 5.6 -8.6 3180.603 0.5000 
-93.4374 0.0886 978018.9 5.6 -8.2 3181.238 0.5500 
-93.4368 0.0805 978018.4 5.2 -9.0 3202.811 0.6000 
-93.4363 0.0726 978018.7 7.4 -6.6 3183.844 0.6500 
-93.4357 0.0645 978019.9 5.9 -6.9 3202.861 0.7000 
-93.4352 0.0564 978019.9 5.5 -7.3 3166.176 0.7500 
-93.4346 0.0483 978020.0 5.4 -7.3 3171.509 0.8000 
-93.4341 0.0403 978020.0 5.3 -7.3 3166.137 0.8500 
-93.4335 0.0322 978020.8 5.2 -6.6 3236.273 0.9000 
-93.4330 0.0243 978020.3 5.7 -6.6 3251.674 0.9500 
-93.4324 0.0160 978020.8 7.1 -4.8 3345.500 1.0000 
-93.4319 0.0082 978019.6 6.3 -6.8 3331.691 1.0500 
-93.4313 0.0001 978020.7 11.0 -1.0 3131.307 1.1000 
-93.4309 -0.0080 978021.6 8.0 -3.0 3161.473 1.1500 
-93.4305 -0.0162 978021.8 4.5 -6.3 3129.010 1.2000 
-93.4300 -0.0243 978021.4 4.7 -6.6 3138.427 1.2500 
-93.4295 -0.0325 978021.8 5.1 -5.8 3175.843 1.3000 
-93.4290 -0.0409 978022.5 5.7 -4.5 3112.946 1.3500 
-93.4284 -0.0491 978021.7 5.2 -5.7 2946.506 1.4000 
-93.4279 -0.0573 978021.6 5.8 -5.3 3149.142 1.4500 
-93.4273 -0.0655 978021.5 6.7 -4.5 3236.049 1.5000 
-93.4267 -0.0737 978022.6 9.3 -0.8 3182.009 1.5500 
-93.4264 -0.0820 978024.9 12.1 4.3 3132.998 1.6000 
-93.4261 -0.0905 978026.1 21.5 14.9 3099.708 1.6500 
-93.4258 -0.0989 978026.5 19.3 13.1 3255.232 1.7000 
-93.4255 -0.1071 978026.5 13.7 7.5 3817.325 1.7500 
-93.4252 -0.1153 978027.6 24.4 19.4 4540.619 1.8000 
-93.4249 -0.1236 978028.1 10.0 5.3 3625.321 1.8500 
-93.4244 -0.1321 978028.6 5.3 1.2 3372.031 1.9000 
-93.4238 -0.1406 978028.3 8.7 4.3 5120.733 1.9500 
-93.4233 -0.1485 978030.0 50.3 47.7 6605.701 2.0000 
-93.4233 -0.1518 978034.3 12.0 13.6 4038.271 2.0500 
-93.4231 -0.1544 978034.5 16.9 18.7 1005.297 2.1000 
-93.4229 -0.1577 978033.4 14.7 15.4 -99.000 2.1500 
-93.4230 -0.1647 978035.4 -43.5 -40.8 -99.000 2.2000 
-93.4236 -0.1726 978037.5 -8.0 -3.3 -99.000 2.2500 
-93.4248 -0.1790 978042.8 -23.5 -13.5 -99.000 2.3000 
-93.4254 -0.1816 978042.0 7.9 17.2 -99.000 2.3500 
-93.4251 -0.1820 978032.3 -0.8 -1.2 -99.000 2.4000 
-93.4254 -0.1821 978036.2 -0.3 3.2 -99.000 2.4500 
-93.4253 -0.1823 978034.4 0.9 2.6 -99.000 2.5000 
-93.4253 -0.1822 978034.7 -0.7 1.2 -99.000 2.5500 
-93.4255 -0.1819 978036.5 -2.7 1.1 -99.000 2.6000 
-93.4258 -0.1814 978038.0 -4.0 1.3 -99.000 2.6500 
-93.4262 -0.1808 978038.8 -1.6 4.4 -99.000 2.7000 
-93.4263 -0.1807 978036.1 0.0 3.4 -99.000 2.7500 
-93.4263 -0.1808 978034.9 2.2 4.4 -99.000 2.8000 
-93.4260 -0.1812 978033.0 3.8 4.1 -99.000 2.8500 
-93.4259 -0.1813 978033.1 0.3 0.7 -99.000 2.9000 
-93.4259 -0.1814 978034.8 0.1 2.2 -99.000 2.9500 
-93.4259 -0.1814 978035.0 0.1 2.3 -99.000 3.0000 
-93.4259 -0.1814 978034.8 -0.1 2.0 -99.000 3.0500 
-93.4259 -0.1814 978034.8 0.1 2.2 -99.000 3.1000 
-93.4259 -0.1814 978034.8 0.0 2.0 -99.000 3.1500 
-93.4259 -0.1814 978034.8 -0.0 2.0 -99.000 3.2000 
-93.4259 -0.1814 978034.4 0.1 1.8 -99.000 3.2500 
-93.4256 -0.1815 978032.5 10.6 10.3 -99.000 3.3000 
-93.4239 -0.1821 978022.5 12.0 1.7 -99.000 3.3500 
-93.4238 -0.1828 978030.8 -6.3 -8.3 -99.000 3.4000 
-93.4241 -0.1837 978037.2 -6.2 -1.8 -99.000 3.4500 
-93.4245 -0.1848 978038.6 -7.9 -2.0 -99.000 3.5000 
-93.4253 -0.1856 978041.9 -8.1 1.1 -99.000 3.5500 
-93.4256 -0.1863 978038.2 14.2 19.7 -99.000 3.6000 
-93.4236 -0.1868 978020.7 37.6 25.5 -99.000 3.6500 
-93.4182 -0.1845 977992.3 56.8 16.4 -90.664 3.7000 
-93.4113 -0.1814 977974.2 65.3 6.7 1557.706 3.7500 
-93.4039 -0.1785 977968.7 66.9 2.8 3126.092 3.8000 
-93.3966 -0.1757 977967.7 66.5 1.5 3142.689 3.8500 
-93.3893 -0.1729 977967.4 66.2 0.8 3141.431 3.9000 
-93.3820 -0.1700 977966.6 66.1 0.1 3123.300 3.9500 
-93.3747 -0.1671 977965.3 66.2 -1.2 3098.054 4.0000 
-93.3674 -0.1642 977964.7 66.2 -1.7 3101.221 4.0500 
-93.3601 -0.1613 977964.6 66.5 -1.6 3119.713 4.1000 
-93.3527 -0.1587 977963.2 67.3 -2.2 3136.008 4.1500 
-93.3452 -0.1560 977961.2 67.3 -4.2 3116.647 4.2000 
-93.3378 -0.1535 977961.1 67.1 -4.5 3112.854 4.2500 
-93.3304 -0.1509 977960.0 67.4 -5.3 3161.804 4.3000 
-93.3229 -0.1482 977959.2 67.9 -5.6 3167.574 4.3500 
-93.3155 -0.1455 977958.1 67.9 -6.7 3148.664 4.4000 
-93.3080 -0.1428 977957.8 67.8 -7.1 3189.105 4.4500 
-93.3005 -0.1401 977957.4 67.4 -7.9 3242.037 4.5000 
-93.2931 -0.1373 977957.8 67.6 -7.3 3225.552 4.5500 
-93.2856 -0.1346 977957.5 67.9 -7.3 3213.991 4.6000 
-93.2781 -0.1319 977957.7 67.9 -7.1 3207.790 4.6500 
-93.2706 -0.1292 977958.7 67.4 -6.6 3182.130 4.7000 
-93.2632 -0.1266 977960.2 67.3 -5.2 3155.237 4.7500 
-93.2558 -0.1240 977960.7 67.4 -4.7 3149.891 4.8000 
-93.2484 -0.1213 977961.4 67.1 -4.2 3120.798 4.8500 
-93.2410 -0.1187 977962.8 66.9 -3.0 3092.503 4.9000 
-93.2336 -0.1162 977963.3 67.1 -2.4 3081.048 4.9500 
-93.2262 -0.1137 977964.6 66.7 -1.4 3059.220 5.0000 
-93.2189 -0.1112 977965.9 66.6 -0.2 3089.911 5.0500 
-93.2115 -0.1088 977966.6 66.6 0.4 3114.835 5.1000 
-93.2042 -0.1065 977966.7 66.5 0.5 3097.232 5.1500 
-93.1969 -0.1041 977967.3 66.4 1.0 3078.717 5.2000 
-93.1895 -0.1017 977967.7 66.1 1.1 3060.054 5.2500 
-93.1822 -0.0993 977967.9 66.0 1.2 3075.122 5.3000 
-93.1750 -0.0968 977968.1 65.8 1.2 3096.782 5.3500 
-93.1677 -0.0945 977967.7 65.4 0.5 3182.496 5.4000 
-93.1605 -0.0922 977967.2 65.7 0.1 3239.489 5.4500 
-93.1532 -0.0899 977965.8 66.0 -0.9 3258.585 5.5000 
-93.1459 -0.0876 977964.7 66.2 -1.8 3267.051 5.5500 
-93.1387 -0.0850 977963.8 65.0 -3.9 3279.501 5.6000 
-93.1315 -0.0820 977965.5 64.6 -2.6 3306.420 5.6500 
-93.1244 -0.0791 977965.4 64.5 -2.8 3316.292 5.7000 
-93.1173 -0.0762 977965.6 64.5 -2.6 3299.108 5.7500 
-93.1102 -0.0733 977965.9 64.7 -2.0 3268.344 5.8000 
-93.1030 -0.0706 977966.9 65.0 -0.8 3234.465 5.8500 
-93.0959 -0.0680 977968.1 65.1 0.4 3214.023 5.9000 
-93.0887 -0.0654 977968.9 65.2 1.4 3172.354 5.9500 
-93.0815 -0.0628 977970.2 65.5 3.0 3075.459 6.0000 
-93.0742 -0.0602 977970.8 65.6 3.7 2971.971 6.0500 
-93.0670 -0.0577 977970.3 66.0 3.5 2972.274 6.1000 
-93.0597 -0.0552 977970.6 65.6 3.5 2981.306 6.1500 
-93.0525 -0.0527 977969.8 65.9 3.0 2995.716 6.2000 
-93.0452 -0.0502 977969.5 66.2 3.1 3039.784 6.2500 
-93.0378 -0.0476 977968.0 66.6 1.9 3073.515 6.3000 
-93.0305 -0.0451 977968.1 66.4 1.8 3066.176 6.3500 
-93.0232 -0.0425 977967.5 66.6 1.4 3043.656 6.4000 
-93.0158 -0.0399 977966.7 66.9 0.9 3035.428 6.4500 
-93.0084 -0.0373 977967.2 67.0 1.5 3020.361 6.5000 
-93.0010 -0.0347 977967.6 67.2 2.1 2992.217 6.5500 
-92.9936 -0.0322 977966.1 67.2 0.6 2955.996 6.6000 
-92.9862 -0.0296 977966.5 67.1 1.0 2941.443 6.6500 
-92.9788 -0.0270 977966.6 67.1 1.0 2941.090 6.7000 
-92.9714 -0.0245 977966.2 67.1 0.6 2961.536 6.7500 
-92.9640 -0.0219 977965.2 67.0 -0.5 2988.246 6.8000 
-92.9566 -0.0193 977963.8 67.0 -1.9 3027.933 6.8500 
-92.9492 -0.0168 977962.7 66.9 -3.1 3068.542 6.9000 
-92.9419 -0.0142 977963.4 66.7 -2.6 3085.336 6.9500 
-92.9345 -0.0116 977962.5 66.8 -3.4 3099.024 7.0000 
-92.9272 -0.0089 977961.7 66.5 -4.5 3106.857 7.0500 
-92.9198 -0.0061 977961.2 66.4 -5.0 3118.098 7.1000 
-92.9125 -0.0033 977961.7 66.3 -4.8 3139.331 7.1500 
-92.9052 -0.0006 977961.6 66.5 -4.5 3113.900 7.2000 
-92.8978 0.0019 977961.1 66.8 -4.8 3075.325 7.2500 
-92.8904 0.0045 977961.1 66.8 -4.9 3052.927 7.3000 
-92.8831 0.0070 977961.7 66.6 -4.4 3066.937 7.3500 
-92.8758 0.0096 977962.5 66.7 -3.5 3085.480 7.4000 
-92.8684 0.0122 977962.9 66.8 -3.0 3083.079 7.4500 
-92.8610 0.0148 977963.4 66.6 -2.7 3061.587 7.5000 
-92.8537 0.0175 977964.2 66.3 -2.1 3015.271 7.5500 
-92.8464 0.0201 977964.7 66.2 -1.8 3026.512 7.6000 
-92.8391 0.0227 977964.5 66.2 -1.9 3037.735 7.6500 
-92.8318 0.0252 977964.3 66.3 -2.1 3066.478 7.7000 
-92.8245 0.0277 977965.3 66.3 -1.1 3022.123 7.7500 
-92.8171 0.0303 977965.8 66.6 -0.3 3031.180 7.8000 
-92.8098 0.0328 977965.8 66.5 -0.4 3035.538 7.8500 
-92.8024 0.0353 977967.5 66.4 1.2 2981.302 7.9000 
-92.7951 0.0379 977968.4 66.7 2.4 2944.408 7.9500 
-92.7877 0.0405 977968.3 66.8 2.5 2924.740 8.0000 
-92.7804 0.0431 977968.8 66.9 3.0 2928.927 8.0500 
-92.7730 0.0457 977968.8 67.2 3.3 2956.598 8.1000 
-92.7655 0.0482 977968.0 67.9 3.2 2972.085 8.1500 
-92.7580 0.0508 977968.3 68.0 3.6 2964.767 8.2000 
-92.7505 0.0534 977968.4 67.8 3.5 2947.397 8.2500 
-92.7430 0.0559 977968.0 67.7 3.1 2955.409 8.3000 
-92.7356 0.0584 977967.9 67.3 2.5 2978.175 8.3500 
-92.7282 0.0611 977968.2 66.4 1.9 2990.220 8.4000 
-92.7209 0.0640 977970.2 65.9 3.4 2986.635 8.4500 
-92.7136 0.0668 977970.7 65.9 3.9 2968.547 8.5000 
-92.7064 0.0697 977970.4 65.9 3.6 2967.443 8.5500 
-92.6991 0.0725 977970.2 65.2 2.7 2965.800 8.6000 
-92.6922 0.0753 977973.1 49.7 -9.9 2984.332 8.6500 
-92.6882 0.0770 977994.3 31.4 -6.9 2991.295 8.7000 
-92.6850 0.0785 978005.6 29.5 2.4 2969.879 8.7500 
-92.6817 0.0798 978006.4 30.5 4.2 2952.867 8.8000 
-92.6782 0.0812 978004.3 36.8 8.4 2938.949 8.8500 
-92.6734 0.0829 977995.0 47.5 9.9 2411.277 8.9000 
-92.6680 0.0843 977986.5 44.2 -2.1 250.316 8.9500 
-92.6641 0.0848 977997.4 19.7 -15.6 -99.000 9.0000 
-92.6638 0.0842 978025.8 0.6 -6.2 -99.000 9.0500 
-92.6638 0.0842 978034.1 0.1 1.5 -99.000 9.1000 
-92.6638 0.0842 978034.0 0.0 1.4 -99.000 9.1500 
-92.6638 0.0842 978034.0 -0.0 1.3 -99.000 9.2000 
-92.6638 0.0842 978034.1 0.1 1.5 -99.000 9.2500 
-92.6638 0.0842 978034.2 0.1 1.6 -99.000 9.3000 
-92.6638 0.0842 978034.2 0.0 1.6 -99.000 9.3500 
-92.6638 0.0842 978034.0 0.0 1.3 -99.000 9.4000 
-92.6638 0.0842 978033.7 0.1 1.1 -99.000 9.4500 
-92.6638 0.0842 978034.2 0.1 1.6 -99.000 9.5000 
-92.6638 0.0842 978034.3 0.1 1.7 -99.000 9.5500 
-92.6638 0.0842 978034.3 0.2 1.8 -99.000 9.6000 
-92.6638 0.0842 978034.2 0.1 1.6 -99.000 9.6500 
-92.6638 0.0842 978034.5 0.0 1.9 -99.000 9.7000 
-92.6638 0.0842 978034.3 0.0 1.6 -99.000 9.7500 
-92.6638 0.0842 978033.8 0.1 1.2 -99.000 9.8000 
-92.6638 0.0842 978034.1 0.2 1.6 -99.000 9.8500 
-92.6637 0.0842 978033.6 0.2 1.1 -99.000 9.9000 
-92.6638 0.0842 978034.0 0.0 1.3 -99.000 9.9500 
-92.6638 0.0842 978034.5 0.1 1.9 -99.000 10.0000 
-92.6638 0.0842 978034.3 0.1 1.7 -99.000 10.0500 
-92.6638 0.0842 978034.2 0.1 1.6 -99.000 10.1000 
-92.6638 0.0842 978034.3 0.1 1.7 -99.000 10.1500 
-92.6638 0.0842 978034.1 0.1 1.6 -99.000 10.2000 
-92.6638 0.0842 978034.1 0.1 1.5 -99.000 10.2500 
-92.6637 0.0842 978033.9 0.1 1.3 -99.000 10.3000 
-92.6640 0.0843 978035.8 -7.1 -4.0 -99.000 10.3500 
-92.6656 0.0849 978045.8 -13.9 -0.8 -99.000 10.4000 
-92.6666 0.0854 978045.8 6.1 19.2 -99.000 10.4500 
-92.6649 0.0850 978026.5 7.6 1.4 -99.000 10.5000 
-92.6657 0.0849 978035.7 -9.5 -6.6 -99.000 10.5500 
-92.6668 0.0850 978043.8 -9.7 1.4 -99.000 10.6000 
-92.6676 0.0848 978042.9 -7.9 2.4 -99.000 10.6500 
-92.6686 0.0843 978042.6 -9.5 0.4 -99.000 10.7000 
-92.6697 0.0838 978044.6 -14.6 -2.7 -42.913 10.7500 
-92.6705 0.0807 978043.1 2.1 12.5 1229.586 10.8000 
-92.6681 0.0805 978021.2 31.6 20.1 2453.037 10.8500 
-92.6641 0.0829 978001.7 44.2 13.1 2837.911 10.9000 
-92.6600 0.0887 978001.1 15.0 -16.5 2424.070 10.9500 
-92.6604 0.0971 978031.6 -1.3 -2.4 2902.700 11.0000 
-92.6606 0.1059 978034.9 -1.3 0.9 2985.024 11.0500 
-92.6608 0.1146 978034.2 -1.4 0.0 3015.077 11.1000 
-92.6610 0.1234 978032.8 -1.6 -1.6 3023.371 11.1500 
-92.6613 0.1322 978031.9 -1.6 -2.4 3014.910 11.2000 
-92.6614 0.1410 978030.5 -1.1 -3.3 3028.939 11.2500 
-92.6617 0.1498 978029.3 -2.1 -5.5 3040.887 11.3000 
-92.6620 0.1586 978029.4 -2.6 -5.9 3050.752 11.3500 
-92.6623 0.1675 978028.8 -2.4 -6.3 3053.240 11.4000 
-92.6627 0.1764 978027.9 -2.9 -7.8 3049.552 11.4500 
-92.6630 0.1852 978027.9 -3.3 -8.1 3047.174 11.5000 
-92.6635 0.1942 978028.5 -3.8 -8.1 3039.230 11.5500 
-92.6639 0.2031 978029.0 -3.1 -6.9 3032.523 11.6000 
-92.6643 0.2122 978028.5 -2.0 -6.3 3027.821 11.6500 
-92.6646 0.2211 978028.1 -2.2 -6.9 3021.907 11.7000 
-92.6649 0.2301 978029.4 -2.1 -5.4 3011.889 11.7500 
-92.6651 0.2391 978030.3 -1.2 -3.7 3004.587 11.8000 
-92.6653 0.2480 978030.6 -1.2 -3.4 2982.195 11.8500 
-92.6654 0.2570 978031.5 -1.2 -2.4 2941.214 11.9000 
-92.6657 0.2660 978032.8 -1.3 -1.4 2934.260 11.9500 
-92.6658 0.2749 978034.0 -1.1 0.1 2911.764 12.0000 
-92.6660 0.2838 978034.7 -1.1 0.8 2886.973 12.0500 
-92.6662 0.2926 978035.4 -0.9 1.7 2887.441 12.1000 
-92.6664 0.3015 978036.4 -1.2 2.4 2876.689 12.1500 
-92.6665 0.3104 978037.6 -0.9 3.9 2875.657 12.2000 
-92.6667 0.3194 978038.1 -0.9 4.3 2903.677 12.2500 
-92.6668 0.3284 978039.1 -1.0 5.3 2897.402 12.3000 
-92.6670 0.3374 978039.5 -0.9 5.7 2851.303 12.3500 
-92.6671 0.3463 978040.2 -1.0 6.3 2836.325 12.4000 
-92.6673 0.3554 978040.9 -1.5 6.6 2823.741 12.4500 
-92.6675 0.3644 978041.5 -1.3 7.3 2827.059 12.5000 
-92.6677 0.3734 978041.4 -1.2 7.4 2828.859 12.5500 
-92.6679 0.3824 978041.5 -1.2 7.4 2847.023 12.6000 
-92.6681 0.3914 978041.8 -1.1 7.8 2901.614 12.6500 
-92.6683 0.4005 978041.0 -1.4 6.7 2954.431 12.7000 
-92.6685 0.4095 978040.1 -1.5 5.7 2974.717 12.7500 
-92.6687 0.4185 978039.1 -1.4 4.8 3093.284 12.8000 
-92.6689 0.4274 978037.3 -1.3 3.0 3132.012 12.8500 
-92.6691 0.4364 978035.8 -1.4 1.4 3076.197 12.9000 
-92.6693 0.4453 978034.3 -1.5 -0.2 3086.111 12.9500 
-92.6695 0.4543 978033.2 -1.7 -1.6 3096.043 13.0000 
-92.6698 0.4633 978033.0 -2.1 -2.1 3091.804 13.0500 
-92.6701 0.4722 978033.5 -2.3 -1.9 3080.934 13.1000 
-92.6704 0.4812 978033.8 -2.2 -1.4 3067.581 13.1500 
-92.6707 0.4902 978034.2 -2.2 -1.0 3074.469 13.2000 
-92.6710 0.4992 978034.8 -2.0 -0.3 3080.604 13.2500 
-92.6713 0.5082 978035.6 -2.1 0.4 3067.941 13.3000 
-92.6716 0.5172 978037.0 -2.1 1.8 3056.619 13.3500 
-92.6718 0.5261 978039.2 -1.5 4.6 3047.329 13.4000 
-92.6720 0.5351 978041.7 -1.5 7.1 3052.343 13.4500 
-92.6722 0.5442 978045.5 -1.3 11.1 3006.067 13.5000 
-92.6725 0.5532 978049.3 -1.6 14.6 2916.208 13.5500 
-92.6727 0.5622 978053.6 -1.8 18.7 2755.664 13.6000 
-92.6729 0.5713 978058.2 -1.6 23.3 2598.613 13.6500 
-92.6732 0.5803 978061.5 -1.6 26.7 2404.597 13.7000 
-92.6734 0.5894 978063.0 -1.7 28.1 2540.016 13.7500 
-92.6736 0.5984 978062.6 -1.7 27.7 2741.256 13.8000 
-92.6739 0.6074 978060.6 -1.4 25.9 2833.911 13.8500 
-92.6741 0.6165 978057.7 -1.3 23.1 2948.819 13.9000 
-92.6743 0.6255 978055.2 -1.3 20.7 2983.882 13.9500 
-92.6744 0.6345 978052.7 -0.8 18.5 2980.193 14.0000 
-92.6746 0.6435 978050.9 -1.3 16.3 2982.918 14.0500 
-92.6748 0.6525 978050.1 -1.3 15.4 2992.325 14.1000 
-92.6750 0.6615 978049.8 -3.3 13.1 2959.956 14.1500 
-92.6756 0.6676 978052.3 -7.3 11.7 2943.235 14.2000 
-92.6763 0.6708 978053.9 -4.5 16.1 2896.678 14.2500 
-92.6765 0.6735 978049.3 0.7 16.6 1217.121 14.3000 
-92.6761 0.6774 978045.3 1.0 12.8 -99.000 14.3500 
-92.6768 0.6854 978049.7 -7.2 9.1 -99.000 14.4000 
-92.6778 0.6941 978052.7 -10.0 9.3 -99.000 14.4500 
-92.6791 0.7027 978054.8 -11.9 9.4 -99.000 14.5000 
-92.6803 0.7086 978054.2 3.8 24.6 -99.000 14.5500 
-92.6800 0.7099 978043.2 1.8 11.6 -99.000 14.6000 
-92.6801 0.7099 978040.4 -0.3 6.7 -99.000 14.6500 
-92.6801 0.7099 978040.8 0.5 7.8 -99.000 14.7000 
-92.6800 0.7098 978040.0 0.6 7.1 -99.000 14.7500 
-92.6801 0.7099 978040.6 -0.0 7.1 -99.000 14.8000 
-92.6800 0.7099 978040.8 -0.0 7.3 -99.000 14.8500 
-92.6800 0.7099 978040.7 0.0 7.3 -99.000 14.9000 
-92.6800 0.7099 978040.3 0.1 6.9 -99.000 14.9500 
-92.6800 0.7099 978040.6 -0.1 7.1 -99.000 15.0000 
-92.6800 0.7099 978040.4 -0.0 6.9 -99.000 15.0500 
-92.6800 0.7099 978040.6 -0.0 7.1 -99.000 15.1000 
-92.6800 0.7099 978040.6 0.0 7.1 -99.000 15.1500 
-92.6800 0.7099 978040.6 -0.1 7.0 -99.000 15.2000 
-92.6800 0.7099 978040.5 0.1 7.0 -99.000 15.2500 
-92.6800 0.7099 978040.2 0.1 6.9 -99.000 15.3000 
-92.6800 0.7099 978040.5 -0.0 7.0 -99.000 15.3500 
-92.6800 0.7099 978040.4 -0.1 6.8 -99.000 15.4000 
-92.6800 0.7099 978040.5 0.0 7.0 -99.000 15.4500 
-92.6800 0.7099 978040.7 -0.1 7.2 -99.000 15.5000 
-92.6800 0.7099 978041.0 -0.0 7.5 -99.000 15.5500 
-92.6800 0.7099 978040.8 0.1 7.5 -99.000 15.6000 
-92.6800 0.7099 978040.0 0.1 6.6 -99.000 15.6500 
-92.6800 0.7099 978040.7 -0.0 7.2 -99.000 15.7000 
-92.6801 0.7099 978040.8 2.0 9.3 -99.000 15.7500 
-92.6796 0.7093 978038.0 5.6 10.1 -99.000 15.8000 
-92.6802 0.7089 978042.9 -11.0 -1.6 -99.000 15.8500 
-92.6818 0.7092 978053.5 -14.2 5.8 -99.000 15.9000 
-92.6833 0.7096 978054.5 -14.9 6.1 -99.000 15.9500 
-92.6850 0.7094 978055.4 -15.9 6.0 -99.000 16.0000 
-92.6867 0.7095 978056.1 -14.0 8.7 -99.000 16.0500 
-92.6867 0.7075 978043.7 19.4 29.6 -99.000 16.1000 
-92.6850 0.7052 978026.6 17.2 10.4 -63.471 16.1500 
-92.6831 0.7036 978022.0 23.8 12.4 -38.166 16.2000 
-92.6793 0.7012 978010.5 43.2 20.2 -80.909 16.2500 
-92.6738 0.6976 977993.5 52.3 12.3 -99.000 16.3000 
-92.6679 0.6938 977989.4 51.0 7.0 -99.000 16.3500 
-92.6625 0.6894 977993.1 48.9 8.6 -80.129 16.4000 
-92.6573 0.6847 977996.8 47.3 10.7 -70.159 16.4500 
-92.6520 0.6800 977998.9 48.1 13.7 -64.406 16.5000 
-92.6468 0.6754 977999.1 47.1 12.8 -99.000 16.5500 
-92.6416 0.6707 978000.7 47.2 14.5 -99.000 16.6000 
-92.6365 0.6660 978001.2 45.7 13.5 -99.000 16.6500 
-92.6315 0.6611 978003.7 45.6 16.0 -99.000 16.7000 
-92.6264 0.6562 978003.0 46.6 16.2 756.861 16.7500 
-92.6213 0.6513 978001.5 46.8 15.0 2664.996 16.8000 
-92.6161 0.6465 978001.5 46.8 15.0 2837.809 16.8500 
-92.6110 0.6417 978000.9 46.2 13.8 2851.618 16.9000 
-92.6060 0.6368 978000.7 46.0 13.4 2858.174 16.9500 
-92.6009 0.6319 978001.2 46.6 14.6 2846.339 17.0000 
-92.5957 0.6269 978002.3 46.6 15.5 2839.415 17.0500 
-92.5907 0.6219 978002.7 45.6 15.0 2839.352 17.1000 
-92.5857 0.6169 978003.3 45.5 15.5 2824.750 17.1500 
-92.5807 0.6119 978004.0 45.2 15.9 2826.273 17.2000 
-92.5758 0.6069 978004.1 45.1 16.0 2846.379 17.2500 
-92.5707 0.6018 978004.6 45.5 16.9 2831.431 17.3000 
-92.5658 0.5968 978004.6 45.4 16.7 2832.198 17.3500 
-92.5608 0.5917 978004.2 45.6 16.6 2807.862 17.4000 
-92.5557 0.5868 978003.3 46.0 16.1 2761.317 17.4500 
-92.5507 0.5819 978002.4 46.0 15.2 2754.056 17.5000 
-92.5456 0.5770 978001.7 45.9 14.4 2771.830 17.5500 
-92.5406 0.5721 978001.2 45.4 13.5 2779.900 17.6000 
-92.5356 0.5672 978001.1 44.5 12.4 2766.575 17.6500 
-92.5308 0.5623 978001.1 44.6 12.5 2745.099 17.7000 
-92.5258 0.5572 978001.5 44.6 12.9 2764.036 17.7500 
-92.5210 0.5523 978001.0 44.2 12.1 2843.758 17.8000 
-92.5161 0.5473 978000.8 44.1 11.7 2780.971 17.8500 
-92.5113 0.5423 978000.7 43.9 11.5 2779.074 17.9000 
-92.5065 0.5373 978000.3 44.5 11.7 2831.822 17.9500 
-92.5016 0.5322 978000.0 44.5 11.4 2849.086 18.0000 
-92.4967 0.5272 977999.8 44.9 11.5 2786.921 18.0500 
-92.4917 0.5223 977998.7 45.5 11.1 2724.461 18.1000 
-92.4867 0.5174 977997.1 45.3 9.3 2729.187 18.1500 
-92.4817 0.5125 977996.9 45.2 9.0 2780.486 18.2000 
-92.4768 0.5076 977996.6 45.1 8.6 2765.670 18.2500 
-92.4718 0.5028 977995.9 45.3 8.2 2751.019 18.3000 
-92.4668 0.4980 977995.2 45.5 7.6 2768.690 18.3500 
-92.4618 0.4932 977994.0 45.6 6.5 2811.845 18.4000 
-92.4568 0.4885 977993.2 45.5 5.7 2806.232 18.4500 
-92.4518 0.4837 977993.4 45.5 5.9 2798.988 18.5000 
-92.4468 0.4789 977993.3 45.3 5.5 2804.129 18.5500 
-92.4418 0.4740 977993.9 45.1 6.0 2803.873 18.6000 
-92.4369 0.4690 977993.6 44.7 5.2 2793.457 18.6500 
-92.4320 0.4641 977994.0 44.8 5.8 2785.423 18.7000 
-92.4271 0.4591 977994.7 44.7 6.3 2783.095 18.7500 
-92.4222 0.4542 977994.4 44.5 5.9 2788.011 18.8000 
-92.4173 0.4493 977995.0 44.6 6.6 2809.442 18.8500 
-92.4124 0.4443 977996.2 44.6 7.9 2796.499 18.9000 
-92.4075 0.4393 977997.0 44.6 8.6 2790.853 18.9500 
-92.4025 0.4341 977997.3 45.0 9.3 2851.202 19.0000 
-92.3976 0.4291 977997.6 45.3 9.9 2857.403 19.0500 
-92.3926 0.4240 977997.1 46.3 10.5 2748.483 19.1000 
-92.3874 0.4190 977997.0 46.7 10.8 2686.643 19.1500 
-92.3823 0.4140 977996.4 47.1 10.5 2681.708 19.2000 
-92.3771 0.4090 977996.8 46.8 10.7 2672.513 19.2500 
-92.3720 0.4041 977997.1 46.7 10.8 2699.234 19.3000 
-92.3669 0.3992 977996.2 46.5 9.8 2708.408 19.3500 
-92.3618 0.3942 977996.2 46.2 9.5 2707.202 19.4000 
-92.3567 0.3893 977996.1 46.3 9.5 2700.235 19.4500 
-92.3516 0.3843 977996.3 46.2 9.6 2742.076 19.5000 
-92.3465 0.3792 977995.9 46.3 9.3 2760.875 19.5500 
-92.3414 0.3742 977994.8 45.8 7.7 2739.585 19.6000 
-92.3364 0.3692 977995.2 45.4 7.7 2741.867 19.6500 
-92.3315 0.3640 977995.6 45.4 8.1 2755.766 19.7000 
-92.3265 0.3589 977995.1 45.3 7.5 2781.606 19.7500 
-92.3215 0.3538 977994.4 45.2 6.7 2791.980 19.8000 
-92.3166 0.3487 977994.3 45.4 6.9 2793.182 19.8500 
-92.3115 0.3437 977994.4 45.2 6.7 2802.927 19.9000 
-92.3066 0.3386 977993.6 45.2 6.0 2810.812 19.9500 
-92.3016 0.3335 977993.5 45.3 6.0 2774.167 20.0000 
-92.2966 0.3284 977993.3 46.2 6.7 2742.873 20.0500 
-92.2915 0.3235 977991.7 46.5 5.4 2744.489 20.1000 
-92.2864 0.3187 977991.2 46.2 4.5 2780.576 20.1500 
-92.2813 0.3138 977991.7 46.0 4.9 2786.219 20.2000 
-92.2763 0.3088 977992.1 45.5 4.8 2758.269 20.2500 
-92.2713 0.3040 977991.5 45.0 3.7 2745.594 20.3000 
-92.2664 0.2991 977991.1 45.1 3.4 2764.789 20.3500 
-92.2614 0.2942 977991.0 45.1 3.3 2802.328 20.4000 
-92.2565 0.2893 977990.7 44.9 2.8 2776.188 20.4500 
-92.2515 0.2843 977990.3 45.4 2.9 2788.927 20.5000 
-92.2465 0.2794 977989.8 45.9 2.9 2803.652 20.5500 
-92.2414 0.2744 977988.4 46.4 2.0 2795.429 20.6000 
-92.2363 0.2694 977987.1 46.5 0.8 2777.752 20.6500 
-92.2312 0.2644 977987.0 46.8 1.0 2780.996 20.7000 
-92.2260 0.2594 977987.0 46.5 0.7 2784.379 20.7500 
-92.2210 0.2544 977986.1 46.5 -0.2 2796.018 20.8000 
-92.2158 0.2493 977985.3 47.0 -0.4 2805.753 20.8500 
-92.2106 0.2443 977983.6 47.2 -2.0 2801.779 20.9000 
-92.2057 0.2397 977985.6 32.7 -14.5 2800.198 20.9500 
-92.2033 0.2373 978003.6 18.8 -10.3 2796.614 21.0000 
-92.2013 0.2354 978011.8 19.2 -1.8 2793.991 21.0500 
-92.1991 0.2332 978009.7 24.7 1.6 2195.853 21.1000 
-92.1957 0.2300 978000.9 36.4 4.5 165.587 21.1500 
-92.1912 0.2261 977989.1 39.4 -4.3 -99.000 21.2000 
-92.1874 0.2223 977991.9 21.0 -19.8 -99.000 21.2500 
-92.1863 0.2209 978013.5 7.9 -11.3 -99.000 21.3000 
-92.1860 0.2208 978024.0 0.5 -8.3 -99.000 21.3500 
-92.1860 0.2208 978027.9 -0.0 -4.9 -99.000 21.4000 
-92.1860 0.2207 978028.2 0.0 -4.5 -99.000 21.4500 
-92.1860 0.2207 978028.3 0.0 -4.5 -99.000 21.5000 
-92.1860 0.2207 978028.3 0.0 -4.4 -99.000 21.5500 
-92.1860 0.2207 978028.4 0.0 -4.4 -99.000 21.6000 
-92.1860 0.2207 978028.2 0.1 -4.5 -99.000 21.6500 
-92.1860 0.2207 978027.8 -0.0 -4.9 -99.000 21.7000 
-92.1860 0.2207 978028.2 -0.0 -4.6 -99.000 21.7500 
-92.1860 0.2207 978028.1 -0.0 -4.7 -99.000 21.8000 
-92.1860 0.2207 978027.9 0.0 -4.8 -99.000 21.8500 
-92.1860 0.2207 978027.8 0.0 -4.9 -99.000 21.9000 
-92.1860 0.2207 978028.1 0.0 -4.6 -99.000 21.9500 
-92.1860 0.2207 978028.0 0.0 -4.7 -99.000 22.0000 
-92.1860 0.2208 978028.1 -0.1 -4.8 -99.000 22.0500 
-92.1860 0.2207 978028.5 -0.0 -4.3 -99.000 22.1000 
-92.1860 0.2207 978028.6 -0.0 -4.2 -99.000 22.1500 
-92.1860 0.2207 978028.1 0.0 -4.6 -99.000 22.2000 
-92.1860 0.2207 978028.3 0.0 -4.4 -99.000 22.2500 
-92.1860 0.2208 978028.1 0.0 -4.7 -99.000 22.3000 
-92.1860 0.2207 978028.2 0.0 -4.5 -99.000 22.3500 
-92.1860 0.2207 978028.3 0.0 -4.4 -99.000 22.4000 
-92.1860 0.2207 978028.0 0.0 -4.8 -99.000 22.4500 
-92.1860 0.2208 978028.3 -0.0 -4.5 -99.000 22.5000 
-92.1860 0.2207 978027.9 0.1 -4.8 -99.000 22.5500 
-92.1860 0.2208 978028.6 -4.7 -8.9 -99.000 22.6000 
-92.1867 0.2195 978033.9 -13.9 -12.7 -99.000 22.6500 
-92.1884 0.2173 978042.4 -15.5 -5.8 -99.000 22.7000 
-92.1898 0.2169 978042.1 -14.3 -4.9 -99.000 22.7500 
-92.1914 0.2173 978043.0 -16.2 -5.9 560.370 22.8000 
-92.1928 0.2168 978041.7 0.8 9.8 1885.296 22.8500 
-92.1910 0.2176 978016.4 28.0 11.7 2847.966 22.9000 
-92.1864 0.2186 977993.5 49.3 10.0 2844.578 22.9500 
-92.1801 0.2207 977975.1 61.2 3.5 2820.073 23.0000 
-92.1731 0.2228 977966.1 63.3 -3.3 2820.996 23.0500 
-92.1661 0.2249 977965.6 63.2 -3.9 2829.780 23.1000 
-92.1592 0.2271 977965.4 63.0 -4.4 2834.081 23.1500 
-92.1522 0.2295 977966.0 63.1 -3.7 2830.161 23.2000 
-92.1452 0.2317 977965.6 63.2 -4.0 2823.280 23.2500 
-92.1383 0.2339 977965.4 62.9 -4.5 2823.919 23.3000 
-92.1313 0.2361 977965.9 63.2 -3.7 2828.908 23.3500 
-92.1244 0.2383 977965.6 63.3 -3.9 2845.571 23.4000 
-92.1174 0.2406 977965.1 63.2 -4.4 2845.954 23.4500 
-92.1104 0.2428 977964.5 63.0 -5.3 2843.900 23.5000 
-92.1034 0.2450 977964.1 62.7 -5.9 2904.739 23.5500 
-92.0965 0.2473 977963.7 62.6 -6.5 2972.973 23.6000 
-92.0896 0.2497 977962.8 62.7 -7.3 2929.706 23.6500 
-92.0827 0.2520 977962.1 62.3 -8.5 2905.393 23.7000 
-92.0759 0.2544 977961.9 61.9 -9.0 2904.628 23.7500 
-92.0691 0.2567 977961.0 61.9 -9.9 2906.811 23.8000 
-92.0622 0.2591 977960.6 61.8 -10.4 2914.340 23.8500 
-92.0554 0.2614 977960.2 61.6 -11.0 2922.898 23.9000 
-92.0486 0.2637 977959.7 NaN NaN 2881.234 23.9500 
