-83.2209	8.4078	978328.4	NaN	NaN	-99	0	31.7444055662
-83.2217	8.3991	978328.6	-6.9	178.9	-99	0.05	31.7196909115
-83.2225	8.39	978270.3	-6.8	120.9	-99	0.1	31.5383555319
-83.2233	8.381	978168.1	-6.4	19.3	-99	0.15	31.1254097715
-83.2241	8.3719	978182	-6.1	33.8	-99	0.2	29.9179427004
-83.2249	8.3628	978180.2	-6.7	31.6	-99	0.25	27.7888450228
-83.2257	8.3535	978178.6	-7.5	29.4	-99	0.3	24.2780406075
-83.2266	8.3443	978174.9	-7.3	26.2	-99	0.35	19.4815647688
-83.2275	8.3351	978168.8	-7	20.6	-99	0.4	13.7381193606
-83.2283	8.3259	978158.2	-73.7	-56.5	-99	0.45	7.23324613506
-83.2265	8.3176	978133.4	77.8	70.4	-99	0.5	0.850737700366
-83.2187	8.3132	978076.5	68.9	4.9	-99	0.55	-3.20654238523
-83.211	8.3084	978062.5	68.9	-9.1	-99	0.6	-7.04461972243
-83.2033	8.3035	978059.6	69.6	-11.2	-99	0.65	-9.55670575047
-83.1953	8.2989	978056.4	70.9	-13	-99	0.7	-10.683572096
-83.1874	8.2945	978054.9	71.3	-13.9	-99	0.75	-10.4259896778
-83.1793	8.2901	978055.2	71.3	-13.5	-99	0.8	-8.91568878087
-83.1713	8.2858	978055.4	66.1	-18.5	-93.191	0.85	-8.35413648123
-83.1661	8.2794	978075.9	-17.1	-81	674.037	0.9	-11.6313685413
-83.1673	8.2708	978121.2	-14.1	-32.4	1371.671	0.95	-18.1579226238
-83.1697	8.2623	978132.4	-33.1	-40	1362.712	1	-23.0403767867
-83.1743	8.2549	978149.3	-40.5	-30.3	1345.416	1.05	-25.5238854469
-83.1789	8.2474	978151.2	-40.4	-28.1	1310.988	1.1	-26.2307683017
-83.1835	8.2398	978153.1	-41.1	-26.8	1259.393	1.15	-25.6831741397
-83.1882	8.2323	978155.4	-40.8	-23.9	1238.416	1.2	-23.898618699
-83.1929	8.2247	978157.5	-40.5	-21.3	1185.94	1.25	-21.5366662704
-83.1975	8.217	978161.9	-40.8	-17	1075.065	1.3	-19.1864371613
-83.2022	8.2094	978167	-41	-11.9	998.892	1.35	-17.1276672572
-83.2069	8.2018	978169.7	-41.3	-9.3	1063.569	1.4	-15.7166172469
-83.2116	8.1941	978170.4	-40.9	-8.1	1147.574	1.45	-14.8443776583
-83.2162	8.1865	978168.6	-40	-8.7	1225.673	1.5	-14.4760920233
-83.2207	8.1789	978165.6	-39.9	-11.5	1356.415	1.55	-14.6349495551
-83.2252	8.1712	978163.8	-39	-12.2	1505.423	1.6	-14.82782457
-83.2296	8.1634	978161.5	-40	-15.3	1687.442	1.65	-14.9830194014
-83.2343	8.1559	978161.7	-41.2	-16.1	1789.874	1.7	-14.7154097531
-83.2391	8.1484	978161.6	-41.7	-16.6	1857.012	1.75	-14.1647557242
-83.2438	8.141	978162	-41.9	-16.2	1919.691	1.8	-13.3895968315
-83.2486	8.1339	978162	-41.9	-16	1930.468	1.85	-12.2730475358
-83.2534	8.1268	978162.9	-42.6	-15.6	1929.054	1.9	-10.832644527
-83.2583	8.1196	978165.5	-41.5	-11.7	1918.397	1.95	-9.07988109675
-83.2629	8.1123	978165.2	-40	-10.3	1892.583	2	-7.11805513818
-83.2674	8.1051	978165.3	-39	-9	1860.073	2.05	-5.31401928626
-83.2718	8.0975	978166.3	-38.9	-7.7	1829.831	2.1	-3.56715496473
-83.2763	8.09	978168.7	-40.2	-6.5	1804.273	2.15	-1.97740029938
-83.2809	8.0827	978170.4	-40.4	-4.8	1780.806	2.2	-0.708053199346
-83.2855	8.0753	978172.2	-39.6	-1.9	1763.362	2.25	0.416317001576
-83.2898	8.0684	978171.7	-30.3	7	1753.627	2.3	1.4330144424
-83.2925	8.0637	978161.8	-19.6	8	1748.898	2.35	2.06965420942
-83.2944	8.0605	978153.8	-16.9	2.7	1742.195	2.4	2.55698152474
-83.2963	8.0574	978153	-16.4	2.5	1736.737	2.45	3.09269827548
-83.2981	8.0545	978152.7	-16.2	2.4	1732.393	2.5	3.62000593024
-83.2999	8.0516	978153.3	-16.2	3.1	1727.561	2.55	4.14993988904
-83.3017	8.0488	978153.4	-16	3.5	1724.334	2.6	4.67485127892
-83.3036	8.046	978153.5	-16.2	3.5	1719.79	2.65	5.22027065958
-83.3054	8.0431	978154.4	-24.6	-4	1715.048	2.7	5.74238309629
-83.3094	8.0375	978168.5	-38	-3.1	1707.043	2.75	6.88015582292
-83.3138	8.0305	978177.1	-38.7	4.9	1699.171	2.8	8.28758781117
-83.3182	8.0234	978178.2	-39.2	5.7	1689.067	2.85	9.77742646976
-83.3227	8.0163	978179.9	-41.8	5	1676.637	2.9	11.3302071135
-83.328	8.0098	978185.4	-49.4	3	1655.224	2.95	12.9743153329
-83.3338	8.004	978193.5	-52.5	8.2	1634.954	3	14.693410009
-83.3399	7.998	978198.2	-53.1	12.4	1609.699	3.05	16.5281721175
-83.3459	7.992	978199.6	-50.8	16.3	1596.806	3.1	18.2670231954
-83.3511	7.9853	978196.1	-42.7	21.1	1600.709	3.15	19.9504783639
-83.3559	7.978	978191.4	-41.7	17.6	1592.485	3.2	21.5676496899
-83.3607	7.9708	978193.7	-37.2	24.6	1578.407	3.25	22.8869739851
-83.3641	7.9654	978188.3	-24.8	31.7	1567.704	3.3	23.7095231466
-83.3664	7.9616	978177.6	-16.7	29.2	1561.248	3.35	24.268668183
-83.368	7.9588	978172.1	-14.9	25.6	1549.271	3.4	24.6930166324
-83.3698	7.9557	978172.5	-16.6	24.3	1539.983	3.45	25.1759252407
-83.3718	7.9525	978175.6	-18.1	26	1533.734	3.5	25.6873496954
-83.3738	7.9492	978177.7	-22.5	23.8	1528.354	3.55	26.2539018611
-83.3772	7.9443	978185.8	-33.4	21.1	1522.801	3.6	27.2371681469
-83.3812	7.9385	978196.1	-39.4	25.6	1517.567	3.65	28.6700081169
-83.3862	7.9318	978204.5	-45.1	28.4	1516.384	3.7	30.7002865294
-83.3914	7.9248	978210.7	-47.2	32.7	1494.568	3.75	33.0734188171
-83.3969	7.9178	978214.8	-48	36.2	1473.016	3.8	35.6325519023
-83.4024	7.9107	978217.4	-48.2	38.8	1461.151	3.85	38.218753592
-83.4079	7.9036	978220.2	-48.3	41.6	1447.428	3.9	40.6269291999
-83.4133	7.8966	978221.8	-48.1	43.6	1408.989	3.95	42.8104026466
-83.4188	7.8896	978223.2	-47.6	45.6	1367.448	4	44.6929010335
-83.4242	7.8825	978224.8	-47.9	47.1	1359.013	4.05	46.3645719009
-83.4297	7.8752	978226.4	-48.3	48.5	1350.129	4.1	47.8842344108
-83.4352	7.8681	978228.1	-49	49.7	1351.127	4.15	49.210595418
-83.4408	7.861	978229.1	-49.2	50.7	1344.755	4.2	50.3336392898
-83.4464	7.854	978228.2	-49.2	49.9	1344.905	4.25	51.0815344359
-83.4521	7.8468	978228.7	-50.4	49.4	1343.662	4.3	51.4991789953
-83.4579	7.8398	978229	-51.1	49.1	1337.509	4.35	51.6695274218
-83.4637	7.8327	978227.9	-51	48.4	1378.723	4.4	51.6251038466
-83.4695	7.8257	978226.8	-50.7	47.7	1369.277	4.45	51.5936605187
-83.4752	7.8189	978225.8	-50.5	47	1340.534	4.5	51.6079822714
-83.481	7.812	978225.8	-51.2	46.6	1330.414	4.55	51.6127774247
-83.4869	7.8051	978227.8	-52	47.8	1338.295	4.6	51.7480163051
-83.4928	7.7982	978228.3	-51.9	48.7	1349.749	4.65	52.1069498436
-83.4987	7.7913	978228.8	-52.2	49	1321.041	4.7	52.6308777983
-83.5046	7.7845	978229.7	-52.2	50	1304.28	4.75	53.2091127744
-83.5106	7.7778	978229.9	-51.9	50.7	1301.805	4.8	53.8382884176
-83.5164	7.771	978230	-51.6	51.4	1313.893	4.85	54.5890261936
-83.5223	7.7643	978230.1	-51.4	51.8	1326.749	4.9	55.4672512272
-83.5281	7.7576	978230.7	-51.7	52.3	1304.083	4.95	56.3175438974
-83.534	7.7509	978231.8	-51.5	53.7	1294.58	5	57.0014059609
-83.5398	7.7441	978231.1	-49.6	55.1	1289.995	5.05	57.4917018033
-83.5453	7.7371	978229.4	-49	54.1	1256.604	5.1	57.7909874581
-83.5509	7.7301	978229.5	-49.4	54	1202.432	5.15	57.8178416234
-83.5566	7.7231	978230.8	-49.4	55.5	1196.657	5.2	57.700489344
-83.5621	7.7162	978230.6	-49	55.8	1196.434	5.25	57.7046165727
-83.5677	7.7092	978230.6	-48.7	56.2	1193.097	5.3	57.8594661504
-83.5732	7.7023	978230.1	-48	56.6	1187.296	5.35	58.0516210244
-83.5786	7.6955	978229.3	-48.2	55.9	1184.348	5.4	58.2233231885
-83.5841	7.6888	978229.3	-48	56.2	1182.332	5.45	58.3466407634
-83.5896	7.682	978228.6	-47.7	56	1182.443	5.5	58.3204192015
-83.595	7.6754	978228.3	-47.3	56.2	1183.666	5.55	58.2320228183
-83.6003	7.6688	978227.7	-46.1	57	1183.918	5.6	58.2481632506
-83.6054	7.6622	978225.4	-45.7	55.2	1185.103	5.65	58.3245661956
-83.6107	7.6557	978225.9	-46.8	54.8	1186.768	5.7	58.3412994471
-83.6161	7.649	978227.2	-47.9	55.1	1189.167	5.75	58.3606366629
-83.6216	7.6422	978228.3	-48.4	55.8	1192.431	5.8	58.2308284178
-83.6271	7.6353	978227.7	-48	55.9	1194.833	5.85	57.8544951305
-83.6325	7.6284	978227.1	-48.2	55.2	1200.879	5.9	57.2191373576
-83.638	7.6215	978227	-48.6	54.9	1219.6	5.95	56.3339073044
-83.6435	7.6146	978227	-48.3	55.4	1219.409	6	55.3279882816
-83.649	7.6078	978225.2	-47.7	54.3	1221.514	6.05	54.197639654
-83.6544	7.6008	978224	-47.2	53.8	1230.043	6.1	52.906199367
-83.6597	7.5938	978222.3	-47.1	52.4	1234.975	6.15	51.5788155379
-83.6651	7.5867	978221.7	-47.6	51.4	1235.24	6.2	50.2831926016
-83.6706	7.5796	978221.7	-49.1	50.1	1243.775	6.25	48.9698042212
-83.6762	7.5726	978221.8	-49.4	50.1	1252.599	6.3	47.6915399904
-83.6818	7.5658	978220.7	-48.6	49.9	1257.641	6.35	46.3456700266
-83.6873	7.5589	978217.9	-47.7	48.1	1294.741	6.4	45.1110578428
-83.6927	7.552	978215.1	-47.8	45.4	1411.248	6.45	44.3086220029
-83.6981	7.5451	978213.2	-47.7	43.7	1452.823	6.5	43.9352333231
-83.7035	7.5383	978212	-47.6	42.8	1378.981	6.55	43.9807141351
-83.7089	7.5314	978212.4	-46.6	44.4	1343.053	6.6	44.4265138792
-83.7142	7.5243	978212.4	-46.3	45	1343.439	6.65	45.1692793549
-83.7194	7.5173	978213.4	-46.4	46	1338.818	6.7	46.0949555913
-83.7247	7.5102	978215.2	-46.7	47.6	1303.118	6.75	47.0992501399
-83.73	7.5032	978216.2	-46.2	49.3	1285.616	6.8	48.0391205343
-83.7352	7.4961	978216.6	-45.9	50.1	1296.809	6.85	48.8302818005
-83.7404	7.489	978216.8	-46.2	50.2	1298.243	6.9	49.3284496728
-83.7457	7.4819	978216.6	-46.8	49.6	1268.489	6.95	49.5089918334
-83.7511	7.4748	978216.9	-47.5	49.3	1258.31	7	49.3343150822
-83.7565	7.4677	978216.9	-48	49	1249.703	7.05	48.9045066455
-83.762	7.4607	978217.3	-48.3	49.2	1241.011	7.1	48.3502955979
-83.7675	7.4536	978217.4	-48.4	49.4	1248.519	7.15	47.7027449663
-83.773	7.4464	978216.5	-47.3	49.8	1310.391	7.2	46.9980278996
-83.7783	7.4392	978214.8	-46.6	49	1330.089	7.25	46.3654500018
-83.7835	7.432	978213.9	-46.5	48.4	1320.22	7.3	45.9268860255
-83.7889	7.4249	978214.1	-46.8	48.4	1289.99	7.35	45.8928984326
-83.7942	7.4178	978214	-46.7	48.5	1297.75	7.4	46.1383279588
-83.7994	7.4108	978213.2	-46.2	48.4	1300.118	7.45	46.7729387158
-83.8047	7.4037	978212.3	-46.4	47.5	1239.875	7.5	47.6468343461
-83.81	7.3966	978212.6	-46.3	48	1236.943	7.55	48.3473397348
-83.8152	7.3894	978211.6	-45.9	47.7	1347.693	7.6	48.9489795988
-83.8204	7.3821	978209.4	-45.9	45.6	1334.663	7.65	49.4706248715
-83.8256	7.3748	978209.3	-45.4	46.1	1307.826	7.7	49.9804568396
-83.8307	7.3674	978208.6	-44.8	46.2	1285.271	7.75	50.5726884461
-83.8358	7.36	978209	-45	46.5	1289.436	7.8	51.3817859721
-83.8409	7.3527	978210	-44.9	47.9	1287.742	7.85	52.4958821568
-83.846	7.3453	978211.4	-44.2	50.1	1248.93	7.9	53.9359479919
-83.851	7.3378	978213.5	-44.2	52.5	1206.285	7.95	55.534572994
-83.8561	7.3301	978217.4	-44.8	55.9	1149.416	8	57.3164461113
-83.8611	7.3226	978220.7	-44.6	59.5	1063.358	8.05	58.8705251663
-83.8662	7.315	978224.3	-44.8	63.1	893.947	8.1	60.1020214393
-83.8713	7.3077	978229.2	-46.2	66.8	618.635	8.15	60.822866711
-83.8767	7.3005	978234.8	-47.3	71.5	650.869	8.2	61.1858816871
-83.882	7.2935	978233.8	-47.1	70.8	909.481	8.25	61.0565373347
-83.8874	7.2866	978230.2	-46.9	67.6	1074.144	8.3	60.4608264052
-83.8927	7.2797	978226.8	-45.8	65.4	1113.708	8.35	59.5725785777
-83.8978	7.2727	978222.4	-44.3	62.7	1140.211	8.4	58.4990685888
-83.9028	7.2655	978217.8	-44.3	58.2	1213.015	8.45	57.052540555
-83.9077	7.2583	978214.4	-43.7	55.6	1258.822	8.5	55.2847199589
-83.9127	7.2511	978211	-43.7	52.3	1290.005	8.55	53.248112108
-83.9178	7.2442	978208.6	-45.2	48.6	1308.573	8.6	51.0175976498
-83.9229	7.2371	978208	-45.8	47.6	1352.092	8.65	48.5158903317
-83.9281	7.23	978207	-46.5	46	1367.717	8.7	45.8826804983
-83.9334	7.2229	978206.6	-46	46.3	1344.399	8.75	42.9952219174
-83.9386	7.2159	978205.4	-46.1	45.1	1255.337	8.8	39.9206653216
-83.9439	7.2089	978205.8	-46.3	45.5	945.206	8.85	36.5088678235
-83.9491	7.2018	978204.6	-45.7	45.1	1002.869	8.9	32.4858314264
-83.9542	7.1946	978198.6	-44.5	40.5	1410.114	8.95	28.105029637
-83.9592	7.1874	978190.4	-43.9	32.9	1588.938	9	23.7373103994
-83.9642	7.1802	978184	-44	26.6	1610.221	9.05	19.4146416524
-83.9692	7.1729	978179.4	-43.7	22.5	1634.429	9.1	15.4916038492
-83.9741	7.1655	978174.2	-43.3	17.8	1681.335	9.15	11.9538140056
-83.9791	7.158	978170.1	-43.8	13.4	1716.213	9.2	8.97590870601
-83.9841	7.1504	978167.4	-44.8	9.9	1770.837	9.25	6.71676213846
-83.9892	7.143	978165.1	-44.6	8	1816.479	9.3	5.15518328141
-83.9942	7.1356	978161.7	-44.8	4.6	1876.475	9.35	3.92775057859
-83.9994	7.1284	978160.4	-46.2	2	1920.71	9.4	2.86566654244
-84.0046	7.1214	978159.4	-46.2	1.1	1941.886	9.45	2.02927835852
-84.0099	7.1142	978159.2	-46.7	0.6	1918.695	9.5	1.52642147763
-84.0152	7.107	978159.4	-46.1	1.6	1837.59	9.55	1.05227609206
-84.0204	7.0998	978159.1	-46.1	1.5	1781.862	9.6	0.775203120097
-84.0257	7.0926	978160.5	-46.9	2.2	1754.289	9.65	0.684692566486
-84.0311	7.0854	978161.9	-47.7	3	1724.641	9.7	0.689817847773
-84.0364	7.0783	978163	-47.4	4.5	1690.381	9.75	0.899355067856
-84.0418	7.0713	978163.7	-47.4	5.4	1686.183	9.8	1.28617315736
-84.0472	7.0643	978164.4	-47.1	6.6	1681.967	9.85	1.92752116779
-84.0525	7.0573	978164.6	-47.5	6.5	1680.934	9.9	2.66276896763
-84.058	7.0504	978167.1	-48.2	8.4	1679.172	9.95	3.52424948543
-84.0634	7.0434	978168.9	-48.2	10.4	1676.598	10	4.95680230823
-84.0689	7.0364	978170.4	-48.2	12	1724.587	10.05	7.06785102734
-84.0744	7.0294	978172.1	-47.6	14.5	1754.473	10.1	9.88262329439
-84.0796	7.0223	978173.6	-45.4	18.4	1743.895	10.15	13.238758589
-84.0847	7.015	978173.9	-43.8	20.4	1739.424	10.2	17.2179270912
-84.0896	7.0076	978176.3	-43.6	23.2	1691.139	10.25	21.4903931371
-84.0946	7.0002	978180.5	-44	27.1	1501.34	10.3	25.8751931956
-84.0996	6.9927	978185.6	-44.9	31.5	1336.562	10.35	30.489235638
-84.1047	6.9853	978191	-45.1	36.9	1289.713	10.4	35.0162213513
-84.1099	6.9779	978196.3	-46.3	41.1	1219.869	10.45	39.4722219931
-84.1151	6.9706	978202.4	-45.2	48.5	1133.303	10.5	43.4839195438
-84.1202	6.9633	978206	-44.5	53	1043.321	10.55	47.2775923202
-84.1252	6.9559	978210.2	-44.5	57.3	1025.912	10.6	50.6708955926
-84.1302	6.9486	978212.9	-44	60.6	1032.91	10.65	53.5316403675
-84.1352	6.9412	978213.7	-43	62.6	1038.893	10.7	55.9418648595
-84.1401	6.9341	978214.3	-44.4	61.9	1045.795	10.75	57.7820129397
-84.1452	6.9272	978216.7	-46.6	62.3	1056.746	10.8	59.283083829
-84.1506	6.9203	978218.4	-47.3	63.4	1047.64	10.85	60.5903865386
-84.156	6.9135	978218.7	-47.1	64.1	1049.12	10.9	61.4348140803
-84.1613	6.9066	978218.1	-48	62.8	1093.86	10.95	61.8130654525
-84.1668	6.8998	978218.1	-47.9	63.1	1111.754	11	61.6348311052
-84.1722	6.8928	978216.3	-47.6	61.6	1137.223	11.05	60.9213186249
-84.1775	6.8859	978215.3	-46.1	62.2	1136.566	11.1	59.8881994735
-84.1826	6.8788	978212.3	-45.6	59.9	1179.999	11.15	58.513747363
-84.1878	6.8718	978211.1	-45.6	58.9	1230.271	11.2	57.1254020663
-84.193	6.8649	978209.7	-46.8	56.4	1216.584	11.25	55.8365707165
-84.1984	6.8579	978209.9	-47.4	56.2	1222.893	11.3	54.7411213529
-84.2038	6.8509	978209.2	-47.6	55.4	1239.175	11.35	53.959693614
-84.2092	6.8441	978208.5	-48.5	54	1268.821	11.4	53.4126880598
-84.2147	6.8371	978208.2	-49	53.3	1267.822	11.45	52.7914850725
-84.2204	6.8303	978208.1	-50	52.4	1277.526	11.5	52.111998842
-84.2259	6.8232	978207.1	-47.9	53.7	1311.362	11.55	51.2991519298
-84.2313	6.8159	978203.8	-46.4	52	1294.547	11.6	50.2673184199
-84.2364	6.8086	978201.2	-45.4	50.6	1291.75	11.65	49.2887311051
-84.2416	6.8012	978200.7	-45.5	50	1296.271	11.7	48.3825882602
-84.2467	6.7937	978200	-45.7	49.4	1303.455	11.75	47.572160351
-84.252	6.7861	978200.4	-45.8	49.8	1315.601	11.8	47.0023226257
-84.2571	6.7784	978199.3	-43.9	50.8	1327.068	11.85	46.5344613088
-84.262	6.7708	978196.8	-43.2	49.1	1340.686	11.9	46.0739459029
-84.2669	6.7631	978196.2	-44.2	47.7	1385.283	11.95	45.6624451023
-84.2719	6.7554	978195	-42.3	48.5	1398.368	12	45.119501472
-84.2766	6.7478	978191.2	-41.8	45.5	1393.948	12.05	44.3144333545
-84.2815	6.7402	978192.1	-45.7	42.6	1401.064	12.1	43.2071188284
-84.2868	6.7329	978194.9	-46.3	44.9	1415.316	12.15	41.7740878701
-84.292	6.7257	978193.5	-46.4	43.6	1431.292	12.2	40.2791008576
-84.2973	6.7186	978192.9	-47.5	42	1440.395	12.25	38.8897997775
-84.3027	6.7115	978192.6	-47.7	41.7	1453.524	12.3	37.5556491465
-84.3081	6.7044	978191	-47	40.9	1458.652	12.35	36.2924610452
-84.3134	6.6972	978189	-47.1	39	1474.361	12.4	34.9770131508
-84.3188	6.69	978188	-47.3	38	1481.017	12.45	33.6100937485
-84.3241	6.6828	978186.2	-46.8	36.8	1488.32	12.5	32.3793934249
-84.3293	6.6757	978184.5	-46.5	35.5	1500.101	12.55	31.2625514391
-84.3346	6.6687	978183.6	-46.5	34.8	1510.145	12.6	30.2960978381
-84.3399	6.6616	978182.5	-47.4	33	1518.483	12.65	29.614758821
-84.3453	6.6545	978182.9	-47.3	33.6	1525	12.7	29.0135694763
-84.3506	6.6475	978181.7	-46.4	33.4	1528.033	12.75	28.4579477069
-84.3559	6.6403	978179.7	-46.2	31.8	1533.42	12.8	27.8738195055
-84.3611	6.6332	978178.6	-45.9	31.1	1558.408	12.85	27.2863969777
-84.3662	6.6261	978177.5	-45.4	30.6	1602.686	12.9	26.6751528088
-84.3713	6.6188	978176.2	-45.2	29.8	1562.512	12.95	26.0222683144
-84.3765	6.6115	978175.9	-45.9	28.9	1562.079	13	25.3920875019
-84.3817	6.6043	978176.3	-46.8	28.5	1572.093	13.05	24.7869056797
-84.3871	6.5971	978176.1	-46.8	28.5	1577.348	13.1	24.1681054063
-84.3922	6.5897	978175.1	-44.6	29.9	1582.83	13.15	23.6365648383
-84.3972	6.5822	978172.3	-44.1	27.7	1591.872	13.2	23.1716685855
-84.4022	6.5747	978171.6	-44.1	27.1	1603.475	13.25	22.8697795229
-84.4072	6.5671	978171.2	-43.7	27.3	1619.233	13.3	22.8844188333
-84.4121	6.5597	978170.2	-43.2	26.9	1621.775	13.35	23.1582022304
-84.417	6.5522	978169.9	-43.8	26.3	1613.735	13.4	23.6803998398
-84.422	6.5448	978169.7	-43.1	26.8	1613.511	13.45	24.4694997486
-84.4268	6.5372	978169.4	-42.7	27.1	1623.004	13.5	25.3998997753
-84.4317	6.5297	978168.8	-42.4	26.9	1647.41	13.55	26.2822764728
-84.4365	6.5221	978168.7	-42.7	26.8	1662.628	13.6	26.8905440187
-84.4413	6.5145	978169.5	-42.4	28	1687.494	13.65	27.1749217301
-84.446	6.5069	978169.5	-41.9	28.6	1623.987	13.7	27.0645093708
-84.4508	6.4994	978170.6	-42.5	29.3	1583.706	13.75	26.6677136918
-84.4557	6.4917	978172.4	-43.1	30.6	1578.707	13.8	26.3163505125
-84.4605	6.4843	978173.5	-42.6	32.3	1585.532	13.85	26.0447453956
-84.4653	6.4769	978172.8	-41.8	32.6	1593.347	13.9	26.0740158287
-84.47	6.4695	978171.7	-41.3	32.1	1593.97	13.95	26.401886606
-84.4747	6.4621	978171.5	-40.8	32.6	1593.863	14	26.7885385512
-84.4793	6.4547	978171.7	-41.3	32.5	1591.253	14.05	27.2335740875
-84.484	6.4473	978172	-41.8	32.4	1593.095	14.1	27.7411910925
-84.4887	6.44	978172.1	-41.8	32.7	1596.741	14.15	28.0291805985
-84.4935	6.4327	978171.4	-41.9	32	1598.514	14.2	27.8797660901
-84.4982	6.4254	978172	-42.4	32.3	1601.678	14.25	27.6420815321
-84.503	6.4182	978172.2	-42.7	32.3	1605.249	14.3	27.5381771912
-84.5079	6.4109	978171.6	-42.9	31.6	1601.459	14.35	27.5676736124
-84.5127	6.4036	978171.4	-42.1	32.4	1592.456	14.4	27.8388296551
-84.5175	6.3963	978170.3	-41.9	31.7	1584.703	14.45	28.2523596335
-84.5222	6.3889	978169.9	-41.9	31.4	1633.648	14.5	28.8456831675
-84.5269	6.3816	978168.9	-41.5	31	1625.338	14.55	29.5460068268
-84.5316	6.3743	978168.1	-41.5	30.3	1570.485	14.6	30.1996289544
-84.5363	6.367	978169.2	-42.1	30.9	1552.254	14.65	30.849908456
-84.5411	6.3598	978170.3	-42.5	31.8	1541.979	14.7	31.4683095518
-84.5459	6.3525	978171.2	-42.4	32.9	1533.687	14.75	31.9880251862
-84.5507	6.3452	978171.9	-42	34.1	1524.241	14.8	32.4456585582
-84.5554	6.338	978172.7	-41.3	35.8	1514.177	14.85	32.8719537402
-84.56	6.3307	978173	-40.4	37.1	1510.714	14.9	33.3570209715
-84.5646	6.3233	978173.2	-40.3	37.7	1510.067	14.95	33.8319158324
-84.5691	6.316	978173.5	-40.2	38.2	1509.634	15	34.2837091326
-84.5737	6.3087	978174.4	-40.3	39.1	1503.409	15.05	34.7788083881
-84.5783	6.3014	978175	-40.8	39.3	1510.947	15.1	35.2171640464
-84.5829	6.2941	978175.2	-40.9	39.6	1481.562	15.15	35.5773256137
-84.5875	6.2867	978174.9	-40.9	39.5	1460.432	15.2	35.8761478541
-84.5921	6.2793	978174.3	-41.6	38.3	1569.925	15.25	36.027618006
-84.5969	6.2719	978174.3	-42.2	37.8	1606.328	15.3	36.1976890906
-84.6017	6.2645	978174.3	-42.9	37.3	1594.607	15.35	36.4022726719
-84.6066	6.257	978174.1	-43.4	36.7	1602.412	15.4	36.5251268664
-84.6115	6.2495	978174.4	-43.3	37.3	1621.156	15.45	36.5668292973
-84.6164	6.2421	978173.8	-43.1	37	1620.112	15.5	36.3895507787
-84.6212	6.2347	978173.3	-41.3	38.4	1622.53	15.55	35.9432863289
-84.6257	6.227	978171.1	-39.3	38.3	1606.79	15.6	35.2733891998
-84.6301	6.2194	978168.7	-38.9	36.6	1665.559	15.65	34.2485412258
-84.6345	6.2118	978168.1	-39.4	35.5	1729.852	15.7	33.082425088
-84.639	6.2044	978167.5	-39.7	34.8	1700.834	15.75	31.8855525262
-84.6435	6.1969	978166.3	-39.7	33.7	1742.396	15.8	30.7903281907
-84.648	6.1895	978166.1	-40.5	32.9	1791.636	15.85	30.0804707294
-84.6527	6.1821	978166.4	-42	31.8	1770.316	15.9	29.7305792728
-84.6575	6.1748	978167.7	-43	32.2	1721.87	15.95	29.5812882666
-84.6624	6.1676	978168.7	-42.9	33.5	1742.27	16	29.4387363208
-84.6672	6.1603	978168.1	-43.6	32.4	1767.284	16.05	29.2685438331
-84.6722	6.1531	978168.3	-43.6	32.7	1773.787	16.1	29.0667589094
-84.6771	6.1459	978167.3	-43.5	32	1774.809	16.15	28.8829654509
-84.682	6.1389	978167	-44	31.3	1728.924	16.2	28.6271322361
-84.687	6.1318	978167.5	-43.5	32.4	1734.171	16.25	28.2724248576
-84.6919	6.1247	978166.7	-43.2	32.1	1737.696	16.3	27.8827462882
-84.6968	6.1176	978166	-43.5	31.2	1745.778	16.35	27.5111270991
-84.7017	6.1105	978165.5	-43.3	31	1763.61	16.4	27.1749712599
-84.7065	6.1033	978164.6	-42.8	30.8	1785.749	16.45	26.8575556032
-84.7114	6.0962	978163.5	-42.4	30.2	1797.475	16.5	26.5110391923
-84.7161	6.0894	978162.3	-42.2	29.3	1800.799	16.55	26.1821672899
-84.7209	6.0827	978162.2	-42.9	28.6	1808.053	16.6	25.8713430443
-84.7258	6.0759	978162.8	-43	29.3	1818.076	16.65	25.4576283843
-84.7307	6.0692	978162	-43.2	28.4	1830.912	16.7	24.8910681377
-84.7355	6.0625	978161.5	-43.5	27.7	1852.662	16.75	24.2058436833
-84.7405	6.0558	978161.9	-44.1	27.7	1889.716	16.8	23.3845529637
-84.7455	6.0492	978161.6	-44.1	27.4	1908.831	16.85	22.5551664749
-84.7504	6.0426	978160.3	-43.7	26.8	1929.336	16.9	21.7605341216
-84.7553	6.0359	978159	-43.6	25.7	1978.572	16.95	20.9574609704
-84.7602	6.0292	978157.9	-43.3	25	2007.025	17	20.1815324666
-84.7651	6.0225	978156.8	-43.2	24.1	2056.395	17.05	19.4852039677
-84.77	6.0158	978155.2	-43.4	22.4	2086.107	17.1	18.9391753416
-84.7749	6.0091	978154.1	-43.4	21.4	2095.273	17.15	18.5430381224
-84.7797	6.0024	978151.7	-41.5	21.1	2118.558	17.2	18.1964374099
-84.7843	5.9954	978148.1	-39.6	19.5	2152.023	17.25	17.8447367103
-84.7887	5.9882	978145.6	-39.2	17.5	2177.352	17.3	17.3117103135
-84.7931	5.9811	978144.7	-38.8	17.1	2190.28	17.35	16.4349456697
-84.7975	5.9739	978143.1	-38.7	15.8	2219.896	17.4	15.2731475183
-84.8019	5.9667	978142.6	-38.6	15.6	2244.391	17.45	13.862629266
-84.8062	5.9596	978142	-38.4	15.2	2264.68	17.5	12.5340622771
-84.8105	5.9525	978141.2	-38.3	14.8	2287.758	17.55	11.4837996141
-84.8148	5.9453	978140.7	-37.8	14.8	2320.845	17.6	10.5614577494
-84.8191	5.9381	978139.8	-39	12.9	2339.921	17.65	9.81823559601
-84.8236	5.9311	978141.5	-41	12.8	2354.307	17.7	9.22906988383
-84.8283	5.9244	978142.9	-41.9	13.3	2375.622	17.75	8.70650265863
-84.833	5.9177	978143	-41.5	14	2394.335	17.8	8.16081227112
-84.8377	5.911	978142.2	-41.7	13.1	2415.219	17.85	7.56810093804
-84.8424	5.9043	978141.5	-42	12.2	2443.682	17.9	7.00341041018
-84.8472	5.8975	978142	-42.5	12.3	2458.239	17.95	6.52846566423
-84.852	5.8907	978142.1	-42.5	12.6	2474.221	18	6.19697960216
-84.8568	5.884	978140.8	-42.4	11.5	2490.557	18.05	5.99177485374
-84.8616	5.8773	978140.6	-42.8	11.1	2501.562	18.1	5.87874026478
-84.8664	5.8705	978140.6	-43	11	2513.322	18.15	5.83024926751
-84.8713	5.8639	978140.3	-42.7	11.1	2532.887	18.2	5.77904939675
-84.8761	5.8572	978139.3	-41.9	11	2556.482	18.25	5.72424813283
-84.8808	5.8504	978138	-41.6	10.1	2576.807	18.3	5.67662735469
-84.8855	5.8437	978136.8	-41.7	8.9	2592.304	18.35	5.58068622316
-84.8902	5.8369	978136.6	-41.9	8.7	2600.716	18.4	5.44142139477
-84.8949	5.83	978136.1	-42	8.1	2611.554	18.45	5.30183576445
-84.8997	5.8233	978136.3	-42.1	8.3	2618.482	18.5	5.14321699935
-84.9044	5.8165	978135.6	-41.9	8	2625.689	18.55	5.11628039686
-84.9091	5.8097	978135.1	-41.8	7.7	2636.65	18.6	5.22246268131
-84.9139	5.803	978137.9	-57.5	-5.1	2338.265	18.65	5.4792424669
-84.9213	5.8013	978156.2	-69.1	1.7	2574.539	18.7	5.1460359897
-84.9291	5.7996	978162.2	-69.5	7.3	2643.87	18.75	4.80952043524
-84.937	5.7979	978162.1	-69.5	7.2	2646.295	18.8	4.45253747939
-84.9448	5.7962	978162	-69.6	7	2647.784	18.85	3.91209198364
-84.9527	5.7945	978161.4	-69.5	6.6	2640.059	18.9	3.13169048058
-84.9605	5.7927	978160.6	-69.2	6.1	2635.379	18.95	2.24020872184
-84.9683	5.791	978159.9	-68.6	6.1	2632.224	19	1.19211249658
-84.976	5.7891	978159.6	-68.9	5.5	2630.565	19.05	0.314111907831
-84.9838	5.7872	978159.3	-68.7	5.5	2630.582	19.1	-0.366073247925
-84.9915	5.7854	978158.4	-69.7	3.5	2628.565	19.15	-0.719736461744
-84.9995	5.7835	978159.4	-69.7	4.5	2623.675	19.2	-0.517709023281
-85.0072	5.7817	978158.4	-68.9	4.5	2619.359	19.25	-0.0113525983474
-85.015	5.78	978157.9	-69.3	3.6	2614.011	19.3	0.582885573004
-85.0228	5.7784	978158.2	-69.5	3.7	2602.134	19.35	1.22035494698
-85.0307	5.7768	978158.7	-69.6	4	2589.626	19.4	1.68611540111
-85.0385	5.7753	978158.9	-69.1	4.9	2573.107	19.45	2.01776948943
-85.0463	5.7738	978159	-69	5	2560.26	19.5	2.20586748022
-85.0541	5.7722	978159	-68.7	5.3	2553.597	19.55	2.25698733738
-85.0618	5.7706	978158.7	-68.7	5.1	2541.537	19.6	2.32765418231
-85.0696	5.769	978158.7	-69.4	4.5	2529.755	19.65	2.42833616069
-85.0774	5.7673	978160.1	-69.8	5.4	2514.3	19.7	2.70724300786
-85.0853	5.7656	978160.9	-69.4	6.7	2479.873	19.75	3.18984645227
-85.0931	5.7639	978160.5	-68.8	6.9	2446.888	19.8	3.81803470484
-85.1009	5.7622	978161.6	-69.3	7.5	2406.533	19.85	4.56251122441
-85.1087	5.7605	978162.3	-69.1	8.5	2368.68	19.9	5.56648190114
-85.1165	5.7588	978163.5	-68.6	10.3	2333.779	19.95	7.00498410742
-85.1242	5.7571	978164.6	-68	11.9	2322.058	20	8.63581539108
-85.1318	5.7555	978165.2	-67.8	12.7	2334.866	20.05	10.3618009197
-85.1394	5.7538	978166.1	-67.9	13.6	2289.07	20.1	12.1106189192
-85.1471	5.7522	978168	-67.9	15.6	2145.187	20.15	13.6137962985
-85.1546	5.7499	978168.1	-60.8	22.8	2108.303	20.2	14.7571271244
-85.1604	5.7444	978157.7	-48.9	24.4	2127.127	20.25	14.8758096317
-85.1658	5.7382	978150.3	-48.5	17.5	2119.859	20.3	14.5927980601
-85.1713	5.732	978150.9	-49	17.7	2060.777	20.35	14.1479389867
-85.1769	5.726	978151.9	-50.3	17.5	2041.175	20.4	13.6123411192
-85.1826	5.7202	978152.5	-50.1	18.4	2023.411	20.45	12.8673850015
-85.1881	5.7142	978150.8	-48.4	18.5	2066.885	20.5	12.0037366742
-85.1936	5.708	978148.7	-48.7	16.3	2229.137	20.55	11.2384543519
-85.1991	5.7019	978147.8	-49.2	15	2281.967	20.6	10.5872652952
-85.2046	5.6958	978147.1	-49.3	14.2	2292.844	20.65	10.0289449623
-85.2102	5.6897	978145.8	-49.2	13.1	2304.616	20.7	9.66925452696
-85.2157	5.6836	978144.5	-49.1	12.1	2320.426	20.75	9.48982811511
-85.2213	5.6776	978143.9	-49.1	11.6	2315.242	20.8	9.4338714149
-85.2268	5.6715	978143.3	-49.4	10.8	2299.692	20.85	9.19090816695
-85.2324	5.6654	978142.1	-49.2	9.9	2325.059	20.9	8.75228874604
-85.2379	5.6594	978141	-49.4	8.7	2347.084	20.95	8.17588249207
-85.2435	5.6534	978139.5	-49	7.7	2371.331	21	7.46775572519
-85.249	5.6473	978138.2	-49	6.5	2386.481	21.05	6.5252807301
-85.2545	5.6413	978137.3	-49	5.7	2391.232	21.1	5.6353764343
-85.26	5.6352	978136.3	-48.4	5.4	2391.003	21.15	4.95773005862
-85.2653	5.6293	978134.4	-33.3	18.8	2383.886	21.2	4.47733557416
-85.2674	5.6268	978112.9	-13	17.6	2392.51	21.25	4.31260995343
-85.2686	5.6251	978097.7	-13.4	2	2401.715	21.3	4.20385016784
-85.2703	5.6228	978100.8	-16.5	2.1	2402.905	21.35	4.0925491722
-85.2723	5.6205	978102.9	-17.8	2.9	2398.465	21.4	4.04121229476
-85.2743	5.618	978104	-19.1	2.8	2395.356	21.45	4.01335046972
-85.2767	5.6153	978106.8	-32.5	-7.8	2399.726	21.5	4.02667262842
-85.2817	5.6098	978125.7	-48.3	-4.7	2408.533	21.55	4.08743791393
-85.2874	5.6038	978135.6	-50.7	3	2404.104	21.6	4.33261644232
-85.2931	5.5977	978137.1	-50.8	4.5	2394.085	21.65	4.96413203131
-85.2988	5.5915	978137.2	-50.1	5.4	2396.142	21.7	5.8317777995
-85.3044	5.5854	978137.9	-49.6	6.7	2377.327	21.75	6.96050785839
-85.3098	5.5791	978137.7	-43.9	12.3	2274.913	21.8	8.53926311594
-85.3144	5.5722	978133.1	-40.3	11.4	2263.442	21.85	10.5302178955
-85.3189	5.5652	978133.6	-40.2	12.1	2271.372	21.9	13.0401081091
-85.3235	5.5583	978136.4	-40.7	14.6	2165.346	21.95	15.8006923628
-85.3281	5.5515	978139.8	-40.9	17.9	2139.219	22	18.6808690599
-85.3327	5.5446	978144.1	-40.8	22.5	2037.168	22.05	21.6557676043
-85.3373	5.5377	978148.5	-40.2	27.5	1894.578	22.1	24.4800066116
-85.3417	5.5307	978152.3	-39.8	31.9	1706.816	22.15	27.2119013493
-85.3463	5.5237	978155.9	-40.3	35.1	1599.427	22.2	29.8007691297
-85.3508	5.5166	978159.2	-39.9	38.9	1629.205	22.25	32.2649032334
-85.3553	5.5096	978160	-40.7	39	1641.381	22.3	34.6226705179
-85.36	5.5025	978162.2	-41.7	40.3	1632.513	22.35	36.8537256844
-85.3647	5.4955	978163.8	-42.1	41.6	1641.541	22.4	38.9148497302
-85.3695	5.4885	978164.3	-42.4	42.1	1630.453	22.45	40.6706423132
-85.3743	5.4814	978165	-42.6	42.6	1640.279	22.5	41.9149217404
-85.3791	5.4743	978165.1	-42.6	42.9	1678.667	22.55	42.5375153971
-85.3838	5.4671	978164.4	-41.7	43.1	1674.136	22.6	42.4412367993
-85.3885	5.46	978163	-40.7	42.9	1662.854	22.65	41.941088465
-85.393	5.4528	978162.7	-41	42.4	1670.584	22.7	41.3171740427
-85.3977	5.4458	978163.2	-41	43.1	1620.511	22.75	40.7314848747
-85.4023	5.4388	978162.7	-41.5	42.1	1623.534	22.8	40.3207325875
-85.4071	5.4316	978164.6	-42.5	43.1	1655.687	22.85	40.1106834056
-85.4119	5.4245	978165.3	-42.8	43.7	1622.107	22.9	40.1164535071
-85.4167	5.4173	978166.2	-42.9	44.6	1559.336	22.95	40.3443426072
-85.4215	5.4101	978166.7	-42.7	45.4	1521.62	23	40.7002315392
-85.4263	5.4029	978167.1	-42.8	45.8	1514.116	23.05	41.0509010541
-85.4312	5.3956	978167.5	-42.6	46.6	1602.919	23.1	41.3668654146
-85.4359	5.3884	978166.7	-42.1	46.4	1688.288	23.15	41.5903886772
-85.4406	5.3811	978166	-41.8	46.2	1760.272	23.2	41.8217909449
-85.4454	5.3736	978166.5	-41.7	46.8	1720.691	23.25	42.0817256737
-85.4501	5.3661	978168.8	-41.7	49.2	1514.827	23.3	42.2141692797
-85.4548	5.3588	978172.3	-41.4	53.2	1236.087	23.35	42.2849270057
-85.4594	5.3514	978176.4	-41.4	57.5	1059.605	23.4	42.3079713513
-85.4641	5.344	978178.2	-41.6	59.2	1142.945	23.45	42.4276995704
-85.4688	5.3366	978177.6	-41.9	58.3	1339.275	23.5	42.587945878
-85.4735	5.3292	978174.3	-41.7	55.3	1542.911	23.55	42.5638145775
-85.4782	5.3216	978170.1	-42	51	1637.573	23.6	42.4765637726
-85.4829	5.314	978165.7	-41.9	46.8	1725.241	23.65	42.2749439012
-85.4877	5.3065	978162.5	-41.7	44	1727.538	23.7	42.0627957965
-85.4923	5.299	978160	-41.7	41.6	1833.776	23.75	41.6489304433
-85.4971	5.2915	978159.4	-41.6	41.3	1841.092	23.8	41.134518022
-85.5017	5.2841	978159	-41.2	41.3	1871.217	23.85	40.6550171855
-85.5064	5.2767	978159.2	-41.7	41.2	1892.251	23.9	40.1743061064
-85.5111	5.2693	978159.7	NaN	NaN	1777.075	23.95	39.7772450098
