-93.9827 2.0337 978057.4 NaN NaN 2780.149 0.0003 
-93.9842 2.0420 978057.2 -13.0 5.0 2679.604 0.0503 
-93.9857 2.0505 978056.9 -12.5 5.2 2607.013 0.1003 
-93.9871 2.0591 978057.3 -31.9 -14.0 2145.502 0.1503 
-93.9934 2.0639 978094.3 -78.0 -23.1 2239.655 0.2003 
-94.0026 2.0658 978125.4 -82.7 3.3 2569.851 0.2503 
-94.0119 2.0679 978126.8 -83.3 4.1 2610.943 0.3003 
-94.0212 2.0700 978127.4 -83.5 4.4 2694.744 0.3503 
-94.0306 2.0720 978127.6 -83.5 4.7 2711.758 0.4003 
-94.0399 2.0740 978127.6 -83.5 4.6 2706.612 0.4503 
-94.0493 2.0760 978128.4 -83.7 5.2 2682.457 0.5003 
-94.0586 2.0780 978128.5 -82.8 6.2 2643.481 0.5503 
-94.0678 2.0800 978127.7 -82.4 5.8 2683.617 0.6003 
-94.0771 2.0821 978127.9 -82.5 5.9 2713.184 0.6503 
-94.0863 2.0841 978127.3 -82.0 5.9 2753.090 0.7003 
-94.0954 2.0862 978126.2 -76.6 10.1 2831.112 0.7503 
-94.1027 2.0877 978114.9 -46.3 29.1 2850.552 0.8003 
-94.1062 2.0881 978081.1 -29.5 12.0 2559.823 0.8503 
-94.1095 2.0885 978072.0 -32.6 -0.1 480.848 0.9003 
-94.1139 2.0896 978080.7 -56.5 -15.4 -99.000 0.9503 
-94.1218 2.0924 978108.3 -73.7 -4.9 -99.000 1.0003 
-94.1302 2.0954 978117.6 -75.4 2.6 -99.000 1.0503 
-94.1385 2.0984 978117.1 -58.7 18.8 -99.000 1.1003 
-94.1417 2.0978 978086.7 -14.6 32.5 -99.000 1.1503 
-94.1425 2.0978 978049.5 -8.7 1.1 -99.000 1.2003 
-94.1434 2.0980 978049.1 2.4 11.9 -99.000 1.2503 
-94.1428 2.0972 978039.1 4.5 4.0 -99.000 1.3003 
-94.1428 2.0972 978039.9 -0.1 0.2 -99.000 1.3503 
-94.1429 2.0973 978040.9 -0.1 1.2 -99.000 1.4003 
-94.1428 2.0973 978041.2 0.0 1.6 -99.000 1.4503 
-94.1428 2.0973 978041.3 0.1 1.8 -99.000 1.5003 
-94.1428 2.0973 978040.9 -0.0 1.3 -99.000 1.5503 
-94.1428 2.0973 978040.9 0.0 1.4 -99.000 1.6003 
-94.1428 2.0974 978041.2 -0.1 1.5 -99.000 1.6503 
-94.1428 2.0974 978041.2 -0.2 1.4 -99.000 1.7003 
-94.1428 2.0975 978041.4 -0.0 1.8 -99.000 1.7503 
-94.1427 2.0975 978041.1 -0.1 1.4 -99.000 1.8003 
-94.1428 2.0975 978041.4 0.1 1.9 -99.000 1.8503 
-94.1427 2.0976 978040.2 0.0 0.7 -99.000 1.9003 
-94.1427 2.0977 978040.4 0.1 0.9 -99.000 1.9503 
-94.1426 2.0978 978040.5 0.2 1.1 -99.000 2.0003 
-94.1426 2.0978 978040.8 0.0 1.2 -99.000 2.0503 
-94.1426 2.0979 978041.1 0.0 1.5 -99.000 2.1003 
-94.1426 2.0980 978040.8 0.1 1.3 -99.000 2.1503 
-94.1425 2.0981 978040.4 0.1 0.9 -99.000 2.2003 
-94.1425 2.0982 978040.8 0.1 1.3 -99.000 2.2503 
-94.1425 2.0977 978041.5 -9.8 -7.9 -99.000 2.3003 
-94.1433 2.0964 978046.8 -8.4 -1.1 -99.000 2.3503 
-94.1442 2.0956 978050.4 -8.7 2.1 -99.000 2.4003 
-94.1450 2.0945 978049.7 -7.2 2.9 -99.000 2.4503 
-94.1459 2.0933 978049.4 -10.7 -0.9 -99.000 2.5003 
-94.1472 2.0933 978052.6 -14.5 -1.5 -99.000 2.5503 
-94.1489 2.0925 978055.6 -9.8 6.2 -78.720 2.6003 
-94.1474 2.0928 978035.4 28.6 24.4 1494.319 2.6503 
-94.1425 2.0944 978004.3 56.4 21.1 2828.447 2.7003 
-94.1353 2.0964 977980.4 65.9 6.7 2828.867 2.7503 
-94.1280 2.0985 977975.1 66.4 2.0 2837.109 2.8003 
-94.1206 2.1006 977974.9 66.6 1.9 2841.723 2.8503 
-94.1133 2.1027 977975.2 66.6 2.1 2844.770 2.9003 
-94.1059 2.1047 977975.8 67.0 3.1 2856.605 2.9503 
-94.0985 2.1066 977975.5 67.7 3.5 2865.605 3.0003 
-94.0910 2.1085 977976.1 67.9 4.4 2844.449 3.0503 
-94.0834 2.1104 977976.8 68.3 5.4 2693.316 3.1003 
-94.0758 2.1124 977977.1 68.6 6.0 2629.247 3.1503 
-94.0683 2.1144 977977.6 68.3 6.2 2592.499 3.2003 
-94.0607 2.1165 977978.2 68.1 6.5 2636.037 3.2503 
-94.0533 2.1186 977978.6 67.4 6.2 2657.070 3.3003 
-94.0458 2.1206 977978.6 68.1 6.9 2623.813 3.3503 
-94.0382 2.1226 977977.7 68.6 6.5 2607.469 3.4003 
-94.0306 2.1246 977978.2 68.7 7.1 2587.905 3.4503 
-94.0231 2.1265 977979.1 57.2 -3.5 2079.495 3.5003 
-94.0216 2.1327 978027.6 -19.4 -31.6 2125.394 3.5503 
-94.0254 2.1408 978080.7 -32.0 8.8 2597.191 3.6003 
-94.0290 2.1491 978081.8 -33.2 8.7 2555.946 3.6503 
-94.0328 2.1573 978084.5 -34.2 10.4 2527.555 3.7003 
-94.0367 2.1655 978085.4 -34.3 11.1 2486.858 3.7503 
-94.0405 2.1738 978085.7 -34.4 11.2 2543.772 3.8003 
-94.0444 2.1821 978085.2 -34.1 11.0 2706.156 3.8503 
-94.0482 2.1903 978084.4 -33.9 10.3 2634.276 3.9003 
-94.0520 2.1986 978083.7 -33.1 10.3 2532.787 3.9503 
-94.0557 2.2067 978082.6 -32.6 9.7 2705.314 4.0003 
-94.0593 2.2147 978081.7 -31.8 9.4 2773.232 4.0503 
-94.0628 2.2227 978080.9 -31.8 8.7 2726.956 4.1003 
-94.0664 2.2307 978081.4 -32.3 8.6 2672.624 4.1503 
-94.0701 2.2387 978082.8 -32.9 9.4 2599.580 4.2003 
-94.0737 2.2465 978083.9 -32.8 10.5 2571.718 4.2503 
-94.0774 2.2545 978084.5 -32.8 11.1 2536.645 4.3003 
-94.0811 2.2625 978084.9 -32.8 11.4 2490.824 4.3503 
-94.0848 2.2705 978085.3 -32.7 11.8 2503.626 4.4003 
-94.0884 2.2786 978084.8 -32.4 11.6 2494.509 4.4503 
-94.0921 2.2867 978084.1 -32.7 10.5 2627.630 4.5003 
-94.0957 2.2948 978083.4 -32.5 9.9 2677.315 4.5503 
-94.0994 2.3029 978082.1 -32.2 8.9 2700.738 4.6003 
-94.1030 2.3110 978081.2 -32.1 7.9 2638.234 4.6503 
-94.1066 2.3191 978081.0 -32.2 7.7 2585.099 4.7003 
-94.1102 2.3272 978081.0 -32.3 7.5 2558.959 4.7503 
-94.1138 2.3353 978080.9 -31.9 7.7 2655.604 4.8003 
-94.1174 2.3436 978080.8 -32.3 7.2 2762.384 4.8503 
-94.1211 2.3517 978081.8 -33.1 7.4 2678.779 4.9003 
-94.1248 2.3599 978083.4 -33.2 8.8 2498.771 4.9503 
-94.1285 2.3681 978084.1 -33.0 9.6 2476.567 5.0003 
-94.1322 2.3763 978084.5 -33.0 10.0 2498.169 5.0503 
-94.1359 2.3845 978084.4 -32.9 9.8 2576.884 5.1003 
-94.1396 2.3927 978084.1 -32.9 9.5 2667.106 5.1503 
-94.1433 2.4009 978084.0 -33.5 8.8 2717.493 5.2003 
-94.1471 2.4090 978084.8 -34.2 8.8 2674.146 5.2503 
-94.1510 2.4171 978085.8 -34.1 9.9 2656.361 5.3003 
-94.1548 2.4252 978086.5 -33.5 11.0 2500.700 5.3503 
-94.1585 2.4333 978086.7 -33.5 11.3 2410.297 5.4003 
-94.1623 2.4413 978087.8 -33.1 12.7 2594.355 5.4503 
-94.1660 2.4493 978088.4 -33.3 13.0 2636.243 5.5003 
-94.1697 2.4573 978089.4 -33.1 14.1 2488.161 5.5503 
-94.1734 2.4653 978090.5 -33.1 15.2 2434.206 5.6003 
-94.1771 2.4733 978091.5 -33.0 16.2 2413.040 5.6503 
-94.1808 2.4812 978092.6 -32.8 17.5 2387.045 5.7003 
-94.1844 2.4891 978093.0 -32.3 18.3 2343.525 5.7503 
-94.1881 2.4969 978092.4 -32.5 17.5 2408.640 5.8003 
-94.1917 2.5048 978092.2 -32.4 17.3 2409.947 5.8503 
-94.1953 2.5127 978091.6 -31.8 17.2 2453.362 5.9003 
-94.1988 2.5206 978090.4 -31.8 15.9 2498.785 5.9503 
-94.2024 2.5286 978090.3 -32.1 15.5 2476.542 6.0003 
-94.2060 2.5365 978090.4 -32.2 15.5 2452.116 6.0503 
-94.2096 2.5445 978090.5 -31.8 15.9 2443.331 6.1003 
-94.2132 2.5525 978089.9 -31.4 15.6 2452.656 6.1503 
-94.2167 2.5605 978089.4 -31.3 15.1 2469.032 6.2003 
-94.2202 2.5686 978089.6 -30.7 15.9 2465.797 6.2503 
-94.2236 2.5767 978089.3 -30.5 15.7 2473.429 6.3003 
-94.2270 2.5848 978089.8 -30.4 16.2 2367.261 6.3503 
-94.2304 2.5929 978090.2 -30.2 16.7 2329.904 6.4003 
-94.2338 2.6010 978090.3 -30.5 16.5 2431.850 6.4503 
-94.2373 2.6091 978091.0 -31.4 16.2 2439.426 6.5003 
-94.2408 2.6172 978091.7 -31.8 16.4 2383.901 6.5503 
-94.2445 2.6252 978091.8 -32.6 15.6 2490.046 6.6003 
-94.2481 2.6332 978091.8 -32.9 15.3 2503.789 6.6503 
-94.2518 2.6412 978090.8 -32.5 14.7 2459.187 6.7003 
-94.2555 2.6492 978089.7 -32.7 13.3 2615.710 6.7503 
-94.2591 2.6573 978088.6 -32.5 12.3 2770.874 6.8003 
-94.2628 2.6653 978087.7 -32.8 11.1 2739.411 6.8503 
-94.2665 2.6733 978088.4 -33.8 10.7 2665.423 6.9003 
-94.2703 2.6812 978089.6 -33.9 11.8 2615.385 6.9503 
-94.2741 2.6892 978090.0 -33.6 12.4 2595.260 7.0003 
-94.2779 2.6971 978090.5 -33.5 12.9 2586.862 7.0503 
-94.2816 2.7049 978090.8 -33.3 13.3 2506.772 7.1003 
-94.2854 2.7127 978090.8 -33.0 13.6 2509.238 7.1503 
-94.2890 2.7205 978090.3 -32.8 13.2 2578.605 7.2003 
-94.2927 2.7284 978089.9 -32.5 13.0 2588.506 7.2503 
-94.2963 2.7364 978089.6 -32.2 12.9 2569.677 7.3003 
-94.3000 2.7443 978088.9 -31.9 12.5 2591.044 7.3503 
-94.3035 2.7523 978088.6 -31.6 12.4 2620.001 7.4003 
-94.3071 2.7602 978088.5 -32.2 11.6 2713.361 7.4503 
-94.3107 2.7682 978089.5 -32.5 12.4 2619.315 7.5003 
-94.3144 2.7761 978090.3 -32.3 13.2 2535.296 7.5503 
-94.3180 2.7841 978090.5 -31.9 13.7 2605.098 7.6003 
-94.3215 2.7920 978090.6 -31.7 14.0 2637.952 7.6503 
-94.3251 2.8000 978090.6 -31.9 13.7 2579.757 7.7003 
-94.3287 2.8080 978091.2 -31.9 14.3 2520.334 7.7503 
-94.3322 2.8160 978090.6 -31.8 13.7 2588.048 7.8003 
-94.3358 2.8239 978090.2 -31.6 13.3 2677.718 7.8503 
-94.3394 2.8318 978089.4 -32.0 12.1 2718.739 7.9003 
-94.3430 2.8398 978089.5 -31.8 12.3 2640.639 7.9503 
-94.3465 2.8477 978089.3 -31.8 12.0 2596.770 8.0003 
-94.3501 2.8556 978089.3 -31.8 12.0 2708.404 8.0503 
-94.3537 2.8635 978089.1 -31.4 12.1 2666.164 8.1003 
-94.3572 2.8715 978088.4 -31.0 11.7 2644.698 8.1503 
-94.3607 2.8795 978088.3 -31.5 11.0 2729.215 8.2003 
-94.3642 2.8873 978088.6 -31.3 11.5 2715.784 8.2503 
-94.3677 2.8951 978088.2 -31.0 11.4 2717.224 8.3003 
-94.3712 2.9029 978087.8 -30.9 11.0 2660.855 8.3503 
-94.3746 2.9107 978087.4 -30.7 10.8 2686.708 8.4003 
-94.3781 2.9186 978086.9 -30.7 10.1 2725.319 8.4503 
-94.3815 2.9266 978086.1 -31.1 8.8 2821.540 8.5003 
-94.3851 2.9345 978087.1 -45.7 -4.7 2853.277 8.5503 
-94.3919 2.9391 978110.4 -74.9 -10.8 2824.596 8.6003 
-94.3993 2.9357 978123.6 -64.0 13.4 2802.725 8.6503 
-94.4064 2.9313 978115.6 -65.3 4.2 2794.339 8.7003 
-94.4138 2.9269 978119.2 -65.9 7.2 2785.410 8.7503 
-94.4212 2.9225 978119.8 -65.8 7.9 2708.510 8.8003 
-94.4286 2.9181 978121.0 -67.0 8.0 2688.443 8.8503 
-94.4361 2.9139 978122.6 -67.5 9.1 2629.431 8.9003 
-94.4437 2.9097 978123.6 -67.1 10.4 2706.123 8.9503 
-94.4511 2.9056 978122.5 -54.1 22.4 2701.418 9.0003 
-94.4555 2.9033 978103.7 -32.8 24.9 2671.773 9.0503 
-94.4587 2.9016 978087.3 -28.3 13.1 2656.501 9.1003 
-94.4618 2.9002 978085.6 -27.8 11.9 2601.825 9.1503 
-94.4649 2.8989 978085.7 -33.9 6.0 968.784 9.2003 
-94.4695 2.8966 978094.9 -44.6 4.4 -99.000 9.2503 
-94.4744 2.8943 978101.4 -34.8 20.8 -99.000 9.3003 
-94.4775 2.8924 978087.6 -18.2 23.6 -99.000 9.3503 
-94.4784 2.8913 978071.6 -5.5 20.3 -99.000 9.4003 
-94.4785 2.8913 978060.1 -0.2 14.1 -99.000 9.4503 
-94.4785 2.8913 978058.6 -0.1 12.7 -99.000 9.5003 
-94.4784 2.8913 978058.5 -0.1 12.6 -99.000 9.5503 
-94.4784 2.8913 978058.6 -0.0 12.8 -99.000 9.6003 
-94.4784 2.8913 978058.5 -0.1 12.6 -99.000 9.6503 
-94.4784 2.8913 978058.5 -0.2 12.6 -99.000 9.7003 
-94.4784 2.8913 978058.6 -0.1 12.7 -99.000 9.7503 
-94.4784 2.8913 978058.5 0.0 12.7 -99.000 9.8003 
-94.4784 2.8913 978058.5 -0.1 12.6 -99.000 9.8503 
-94.4784 2.8913 978058.5 -0.1 12.7 -99.000 9.9003 
-94.4784 2.8913 978058.8 -0.1 12.8 -99.000 9.9503 
-94.4784 2.8913 978058.8 -0.0 12.9 -99.000 10.0003 
-94.4784 2.8913 978058.6 -0.0 12.8 -99.000 10.0503 
-94.4784 2.8913 978058.6 -0.2 12.7 -99.000 10.1003 
-94.4786 2.8914 978059.2 -2.6 10.8 -99.000 10.1503 
-94.4782 2.8907 978056.6 9.8 20.6 -99.000 10.2003 
-94.4775 2.8895 978051.7 13.1 19.1 -99.000 10.2503 
-94.4775 2.8877 978056.9 7.3 18.4 -99.000 10.3003 
-94.4775 2.8868 978058.7 -4.2 8.7 -99.000 10.3503 
-94.4780 2.8867 978061.7 -7.5 8.5 -99.000 10.4003 
-94.4789 2.8864 978066.0 -8.4 11.9 -99.000 10.4503 
-94.4794 2.8848 978063.9 -4.7 13.5 -99.000 10.5003 
-94.4800 2.8812 978063.1 -7.7 9.7 -99.000 10.5503 
-94.4811 2.8771 978067.1 -12.6 8.8 1239.569 10.6003 
-94.4828 2.8706 978071.9 -17.2 9.1 2680.411 10.6503 
-94.4849 2.8626 978075.3 -18.8 11.0 2656.260 10.7003 
-94.4871 2.8545 978075.4 -19.3 10.6 2702.802 10.7503 
-94.4893 2.8463 978075.6 -19.4 10.8 2819.944 10.8003 
-94.4915 2.8381 978075.8 -19.3 11.2 2659.358 10.8503 
-94.4937 2.8299 978075.8 -19.3 11.2 2654.035 10.9003 
-94.4959 2.8218 978075.5 -21.0 9.3 2595.522 10.9503 
-94.4983 2.8135 978077.4 -21.4 10.9 2588.061 11.0003 
-94.5008 2.8055 978077.0 -21.7 10.3 2610.550 11.0503 
-94.5031 2.7973 978076.1 -20.4 10.7 2675.855 11.1003 
-94.5054 2.7890 978074.1 -20.3 8.9 2728.878 11.1503 
-94.5077 2.7808 978073.0 -20.1 8.1 2715.137 11.2003 
-94.5100 2.7726 978071.3 -19.4 7.2 2661.642 11.2503 
-94.5121 2.7642 978070.2 -18.6 6.9 2572.017 11.3003 
-94.5142 2.7559 978069.4 -19.3 5.5 2707.035 11.3503 
-94.5164 2.7476 978069.6 -19.4 5.7 2724.418 11.4003 
-94.5187 2.7392 978070.5 -20.2 5.8 2671.367 11.4503 
-94.5209 2.7309 978070.7 -20.2 6.1 2673.817 11.5003 
-94.5232 2.7227 978070.7 -20.0 6.4 2629.851 11.5503 
-94.5255 2.7145 978071.3 -20.0 7.0 2536.709 11.6003 
-94.5277 2.7062 978072.3 -20.1 8.0 2470.293 11.6503 
-94.5300 2.6980 978071.3 -19.7 7.6 2618.815 11.7003 
-94.5322 2.6899 978070.2 -19.5 6.7 2749.250 11.7503 
-94.5344 2.6815 978070.9 -19.3 7.7 2723.824 11.8003 
-94.5366 2.6732 978070.8 -19.4 7.5 2663.950 11.8503 
-94.5388 2.6649 978072.8 -19.8 9.1 2552.766 11.9003 
-94.5410 2.6566 978074.1 -19.9 10.4 2495.275 11.9503 
-94.5433 2.6482 978075.7 -19.9 12.1 2500.008 12.0003 
-94.5455 2.6398 978077.1 -20.2 13.2 2461.176 12.0503 
-94.5478 2.6315 978078.0 -20.3 14.2 2386.895 12.1003 
-94.5501 2.6233 978077.8 -20.0 14.3 2440.933 12.1503 
-94.5524 2.6149 978077.3 -20.1 13.8 2426.682 12.2003 
-94.5546 2.6066 978076.7 -20.5 12.8 2511.467 12.2503 
-94.5570 2.5982 978075.9 -21.0 11.6 2631.002 12.3003 
-94.5594 2.5898 978074.6 -20.5 10.9 2593.606 12.3503 
-94.5617 2.5814 978073.6 -20.7 9.8 2524.719 12.4003 
-94.5640 2.5730 978073.0 -20.6 9.2 2573.479 12.4503 
-94.5663 2.5647 978072.2 -20.3 8.9 2645.174 12.5003 
-94.5687 2.5563 978071.9 -21.0 7.9 2580.424 12.5503 
-94.5711 2.5479 978072.8 -21.0 8.9 2535.992 12.6003 
-94.5733 2.5393 978073.0 -19.0 11.1 2609.449 12.6503 
-94.5754 2.5308 978071.3 -18.9 9.7 2564.506 12.7003 
-94.5776 2.5222 978072.4 -20.2 9.5 2455.613 12.7503 
-94.5800 2.5136 978074.4 -20.7 11.1 2481.973 12.8003 
-94.5823 2.5051 978074.7 -20.9 11.2 2522.357 12.8503 
-94.5847 2.4965 978075.1 -21.1 11.4 2560.374 12.9003 
-94.5871 2.4878 978074.7 -21.0 11.3 2502.251 12.9503 
-94.5894 2.4792 978074.6 -21.0 11.2 2471.405 13.0003 
-94.5918 2.4706 978074.2 -20.8 11.1 2474.830 13.0503 
-94.5942 2.4619 978073.4 -20.9 10.4 2573.616 13.1003 
-94.5965 2.4533 978072.4 -20.0 10.2 2700.669 13.1503 
-94.5987 2.4447 978070.7 -19.7 9.0 2708.259 13.2003 
-94.6010 2.4362 978070.6 -20.2 8.4 2524.825 13.2503 
-94.6033 2.4276 978071.6 -20.3 9.4 2593.441 13.3003 
-94.6056 2.4191 978071.2 -20.9 8.4 2525.951 13.3503 
-94.6081 2.4107 978072.7 -24.5 6.5 2534.729 13.4003 
-94.6110 2.4024 978076.2 -26.0 8.5 2561.549 13.4503 
-94.6140 2.3939 978076.9 -26.6 8.5 2616.150 13.5003 
-94.6170 2.3854 978076.8 -26.7 8.5 2659.818 13.5503 
-94.6200 2.3770 978076.5 -26.6 8.4 2657.119 13.6003 
-94.6230 2.3685 978075.8 -26.8 7.6 2710.726 13.6503 
-94.6260 2.3601 978076.2 -27.3 7.5 2721.860 13.7003 
-94.6291 2.3517 978077.5 -27.6 8.6 2662.190 13.7503 
-94.6322 2.3434 978078.2 -27.6 9.3 2586.407 13.8003 
-94.6353 2.3349 978079.4 -28.0 10.2 2472.067 13.8503 
-94.6385 2.3264 978080.8 -28.0 11.7 2440.615 13.9003 
-94.6416 2.3178 978081.0 -27.6 12.3 2463.544 13.9503 
-94.6447 2.3093 978080.4 -27.9 11.4 2529.644 14.0003 
-94.6478 2.3009 978079.9 -27.8 11.1 2564.385 14.0503 
-94.6510 2.2926 978078.7 -28.1 9.7 2617.434 14.1003 
-94.6541 2.2842 978078.5 -27.8 9.8 2651.430 14.1503 
-94.6572 2.2759 978077.3 -27.8 8.7 2677.542 14.2003 
-94.6604 2.2675 978077.4 -28.3 8.4 2713.667 14.2503 
-94.6636 2.2591 978077.8 -28.5 8.6 2646.863 14.3003 
-94.6668 2.2507 978077.8 -28.2 8.9 2597.550 14.3503 
-94.6699 2.2422 978077.4 -27.4 9.4 2629.610 14.4003 
-94.6730 2.2337 978076.2 -27.0 8.7 2686.573 14.4503 
-94.6760 2.2251 978076.8 -27.2 9.1 2663.829 14.5003 
-94.6791 2.2167 978076.7 -26.8 9.4 2537.060 14.5503 
-94.6820 2.2082 978076.5 -26.8 9.4 2544.812 14.6003 
-94.6851 2.2000 978075.4 -27.6 7.5 2566.026 14.6503 
-94.6882 2.1917 978076.0 -28.0 7.8 2659.162 14.7003 
-94.6914 2.1833 978074.9 -27.9 6.9 2711.849 14.7503 
-94.6945 2.1750 978072.9 -28.2 4.5 2731.351 14.8003 
-94.6978 2.1665 978073.0 -29.0 4.0 2724.056 14.8503 
-94.7010 2.1581 978072.4 -28.7 3.6 2760.938 14.9003 
-94.7042 2.1498 978070.9 -28.6 2.4 2799.914 14.9503 
-94.7074 2.1414 978070.5 -27.6 2.9 2820.594 15.0003 
-94.7104 2.1331 978069.0 -26.8 2.3 2835.805 15.0503 
-94.7135 2.1246 978069.8 -26.1 3.9 2785.070 15.1003 
-94.7163 2.1162 978071.4 -47.6 -15.9 2713.838 15.1503 
-94.7240 2.1124 978106.9 -82.0 -14.8 2569.715 15.2003 
-94.7335 2.1117 978130.4 -84.3 6.4 2500.463 15.2503 
-94.7429 2.1110 978130.2 -83.9 6.6 2536.927 15.3003 
-94.7523 2.1101 978129.6 -83.8 6.2 2635.129 15.3503 
-94.7617 2.1092 978129.3 -83.9 5.8 2666.122 15.4003 
-94.7711 2.1085 978129.4 -84.2 5.5 2748.762 15.4503 
-94.7805 2.1079 978129.5 -84.5 5.3 2825.565 15.5003 
-94.7900 2.1071 978130.2 -84.2 6.4 2760.613 15.5503 
-94.7994 2.1059 978131.0 -84.8 6.5 2732.075 15.6003 
-94.8089 2.1050 978132.2 -82.3 10.2 2731.682 15.6503 
-94.8173 2.1042 978127.0 -56.6 30.8 2601.998 15.7003 
-94.8218 2.1041 978096.3 -34.4 22.3 2488.021 15.7503 
-94.8252 2.1040 978080.6 -33.4 7.6 2458.515 15.8003 
-94.8294 2.1035 978083.6 -38.2 5.8 2453.002 15.8503 
-94.8337 2.1029 978089.1 -53.6 -4.2 837.115 15.9003 
-94.8416 2.1026 978113.0 -77.0 -3.6 -99.000 15.9503 
-94.8506 2.1030 978128.9 -80.4 8.9 -99.000 16.0003 
-94.8595 2.1036 978130.0 -66.9 23.4 -99.000 16.0503 
-94.8651 2.1043 978109.0 -40.1 29.3 -99.000 16.1003 
-94.8681 2.1037 978081.4 -16.8 25.0 -99.000 16.1503 
-94.8682 2.1030 978054.8 -4.0 11.2 -99.000 16.2003 
-94.8684 2.1027 978051.4 -2.1 9.6 -99.000 16.2503 
-94.8686 2.1027 978051.0 -0.3 11.1 -99.000 16.3003 
-94.8686 2.1027 978049.5 -0.1 9.8 -99.000 16.3503 
-94.8685 2.1027 978048.8 0.0 9.2 -99.000 16.4003 
-94.8685 2.1027 978049.1 -0.1 9.4 -99.000 16.4503 
-94.8685 2.1027 978049.2 0.1 9.7 -99.000 16.5003 
-94.8685 2.1027 978049.3 0.1 9.7 -99.000 16.5503 
-94.8685 2.1027 978049.3 0.2 9.9 -99.000 16.6003 
-94.8685 2.1027 978049.4 0.0 9.8 -99.000 16.6503 
-94.8685 2.1027 978049.5 0.2 10.1 -99.000 16.7003 
-94.8685 2.1027 978049.5 -0.0 9.8 -99.000 16.7503 
-94.8685 2.1027 978049.5 0.1 9.9 -99.000 16.8003 
-94.8685 2.1027 978049.6 0.1 10.0 -99.000 16.8503 
-94.8685 2.1027 978049.5 0.0 9.9 -99.000 16.9003 
-94.8686 2.1027 978049.4 -0.1 9.7 -99.000 16.9503 
-94.8685 2.1027 978049.0 0.1 9.4 -99.000 17.0003 
-94.8685 2.1027 978049.4 -0.0 9.7 -99.000 17.0503 
-94.8685 2.1027 978049.3 0.0 9.7 -99.000 17.1003 
-94.8685 2.1027 978049.2 0.0 9.6 -99.000 17.1503 
-94.8685 2.1027 978049.5 0.0 9.9 -99.000 17.2003 
-94.8685 2.1027 978049.3 0.4 10.1 -99.000 17.2503 
-94.8685 2.1027 978049.0 1.7 11.1 -99.000 17.3003 
-94.8691 2.1014 978053.5 -15.7 -1.9 -99.000 17.3503 
-94.8706 2.1002 978062.3 -10.3 12.4 -99.000 17.4003 
-94.8715 2.0991 978059.3 -10.1 9.5 -99.000 17.4503 
-94.8727 2.0989 978060.3 -12.5 8.2 -99.000 17.5003 
-94.8741 2.0981 978062.3 -14.8 7.9 150.102 17.5503 
-94.8745 2.0959 978056.3 22.6 39.3 2114.734 17.6003 
-94.8723 2.0943 978035.5 27.7 23.6 2713.180 17.6503 
-94.8683 2.0939 978018.3 51.0 29.7 2718.403 17.7003 
-94.8613 2.0932 977992.3 66.7 19.4 2725.075 17.7503 
-94.8538 2.0923 977982.0 68.0 10.5 2728.659 17.8003 
-94.8463 2.0910 977981.8 66.8 9.1 2740.495 17.8503 
-94.8390 2.0892 977982.7 66.4 9.6 2775.075 17.9003 
-94.8317 2.0872 977983.1 66.1 9.6 2808.887 17.9503 
-94.8243 2.0851 977983.3 66.0 9.8 2790.026 18.0003 
-94.8171 2.0832 977983.3 65.5 9.3 2769.867 18.0503 
-94.8098 2.0812 977984.0 65.1 9.7 2777.989 18.1003 
-94.8026 2.0791 977983.7 65.3 9.5 2776.822 18.1503 
-94.7954 2.0768 977983.4 65.4 9.3 2780.126 18.2003 
-94.7882 2.0745 977982.6 65.6 8.8 2745.801 18.2503 
-94.7809 2.0722 977982.4 65.4 8.4 2742.604 18.3003 
-94.7737 2.0700 977982.6 65.4 8.6 2711.017 18.3503 
-94.7665 2.0677 977982.8 65.2 8.6 2801.206 18.4003 
-94.7593 2.0654 977983.4 65.1 9.1 2857.112 18.4503 
-94.7521 2.0632 977983.7 64.9 9.2 2911.520 18.5003 
-94.7449 2.0610 977984.7 65.3 10.6 2868.719 18.5503 
-94.7377 2.0588 977984.5 65.4 10.6 2758.455 18.6003 
-94.7305 2.0566 977985.0 63.6 9.2 2612.939 18.6503 
-94.7235 2.0544 977987.0 64.0 11.6 2499.643 18.7003 
-94.7165 2.0520 977987.6 56.9 5.2 2347.660 18.7503 
-94.7123 2.0460 978010.4 71.7 42.9 2353.406 18.8003 
-94.7120 2.0377 978045.6 35.4 41.8 2462.603 18.8503 
-94.7113 2.0292 978046.0 7.3 14.1 2627.069 18.9003 
-94.7105 2.0208 978044.2 7.4 12.5 2728.140 18.9503 
-94.7098 2.0125 978042.9 7.2 11.1 2809.251 19.0003 
-94.7090 2.0042 978043.1 7.0 11.0 2834.028 19.0503 
-94.7083 1.9959 978043.7 6.9 11.7 2778.044 19.1003 
-94.7076 1.9877 978044.6 6.8 12.6 2584.194 19.1503 
-94.7069 1.9794 978045.0 6.0 12.2 2550.590 19.2003 
-94.7064 1.9713 978045.7 4.5 11.4 2548.205 19.2503 
-94.7059 1.9632 978045.5 4.9 11.6 2626.329 19.3003 
-94.7054 1.9551 978043.7 5.2 10.2 2831.144 19.3503 
-94.7049 1.9470 978041.6 5.5 8.4 2999.331 19.4003 
-94.7043 1.9390 978039.3 5.8 6.5 2910.196 19.4503 
-94.7037 1.9309 978037.8 5.8 5.1 2821.833 19.5003 
-94.7031 1.9229 978036.2 5.8 3.4 2963.378 19.5503 
-94.7025 1.9149 978034.3 5.3 1.2 2941.851 19.6003 
-94.7020 1.9071 978032.3 4.5 -1.6 2962.741 19.6503 
-94.7016 1.8993 978031.1 4.5 -2.7 2970.797 19.7003 
-94.7011 1.8914 978029.6 4.7 -3.9 2978.863 19.7503 
-94.7006 1.8836 978027.2 4.7 -6.4 3036.602 19.8003 
-94.7001 1.8758 978025.7 4.8 -7.7 3084.861 19.8503 
-94.6996 1.8679 978024.6 5.1 -8.4 3087.322 19.9003 
-94.6991 1.8599 978023.5 4.6 -10.0 3180.443 19.9503 
-94.6986 1.8519 978022.6 5.4 -10.0 3256.680 20.0003 
-94.6979 1.8440 978021.0 7.7 -9.2 3284.717 20.0503 
-94.6971 1.8362 978019.4 8.0 -10.6 3315.706 20.1003 
-94.6962 1.8283 978021.3 8.1 -8.6 3332.847 20.1503 
-94.6954 1.8204 978023.4 8.2 -6.3 3198.448 20.2003 
-94.6945 1.8127 978025.2 8.4 -4.2 2962.051 20.2503 
-94.6936 1.8049 978027.9 8.4 -1.5 2838.828 20.3003 
-94.6927 1.7970 978030.2 8.5 0.9 2831.276 20.3503 
-94.6918 1.7892 978031.8 8.3 2.4 2858.335 20.4003 
-94.6910 1.7814 978033.0 7.9 3.2 2866.173 20.4503 
-94.6902 1.7735 978033.6 8.1 4.1 2860.290 20.5003 
-94.6893 1.7658 978033.6 8.3 4.3 2765.258 20.5503 
-94.6884 1.7580 978034.2 8.3 5.0 2765.599 20.6003 
-94.6876 1.7502 978034.0 8.1 4.6 2812.673 20.6503 
-94.6867 1.7422 978034.6 7.2 4.4 2805.631 20.7003 
-94.6860 1.7343 978035.9 6.4 4.9 2850.051 20.7503 
-94.6854 1.7262 978036.2 6.3 5.1 2807.080 20.8003 
-94.6848 1.7182 978036.4 5.9 5.0 2822.915 20.8503 
-94.6842 1.7102 978036.1 5.5 4.4 2775.158 20.9003 
-94.6836 1.7023 978036.0 5.0 3.8 2806.720 20.9503 
-94.6831 1.6945 978035.5 4.8 3.1 2776.588 21.0003 
-94.6826 1.6866 978035.0 5.2 3.0 2835.313 21.0503 
-94.6821 1.6786 978033.1 5.5 1.5 2973.622 21.1003 
-94.6815 1.6708 978031.4 5.6 -0.1 3042.996 21.1503 
-94.6809 1.6630 978030.5 6.0 -0.5 3027.399 21.2003 
-94.6803 1.6553 978029.3 5.9 -1.7 3010.318 21.2503 
-94.6796 1.6475 978029.2 6.7 -1.0 2983.990 21.3003 
-94.6789 1.6397 978029.6 6.6 -0.7 2952.708 21.3503 
-94.6782 1.6319 978029.9 6.9 -0.0 2969.145 21.4003 
-94.6775 1.6240 978030.2 7.5 0.8 2976.901 21.4503 
-94.6767 1.6161 978029.5 7.5 0.2 2987.688 21.5003 
-94.6759 1.6082 978029.0 7.6 -0.1 3017.435 21.5503 
-94.6751 1.6005 978028.0 7.1 -1.6 2946.471 21.6003 
-94.6744 1.5925 978028.4 6.6 -1.7 3021.417 21.6503 
-94.6737 1.5846 978026.7 6.9 -2.9 1976.300 21.7003 
-94.6730 1.5767 978024.7 6.9 -5.0 -12.396 21.7503 
-94.6723 1.5689 978023.4 6.7 -6.5 -99.000 21.8003 
-94.6716 1.5612 978022.7 6.6 -7.2 -6.136 21.8503 
-94.6709 1.5534 978023.6 5.8 -7.1 2076.268 21.9003 
-94.6703 1.5457 978025.1 5.6 -5.7 3273.480 21.9503 
-94.6698 1.5378 978027.4 5.6 -3.4 3294.432 22.0003 
-94.6692 1.5300 978030.2 5.6 -0.6 3282.417 22.0503 
-94.6686 1.5221 978034.8 5.6 4.0 3140.357 22.1003 
-94.6681 1.5142 978039.6 5.7 9.0 2693.872 22.1503 
-94.6674 1.5063 978044.3 5.9 13.9 2307.096 22.2003 
-94.6669 1.4984 978048.5 5.6 17.9 2344.451 22.2503 
-94.6663 1.4905 978051.2 5.4 20.4 2587.785 22.3003 
-94.6657 1.4827 978052.5 5.3 21.7 2683.753 22.3503 
-94.6652 1.4748 978053.0 5.3 22.2 2547.386 22.4003 
-94.6647 1.4669 978052.7 5.4 22.0 2612.200 22.4503 
-94.6641 1.4589 978051.6 5.8 21.4 2769.450 22.5003 
-94.6635 1.4508 978050.0 5.9 20.0 2788.313 22.5503 
-94.6629 1.4428 978047.9 6.0 17.9 2814.022 22.6003 
-94.6622 1.4348 978046.4 6.0 16.5 2746.936 22.6503 
-94.6616 1.4267 978045.3 5.6 15.0 2752.382 22.7003 
-94.6611 1.4188 978043.4 60.3 67.9 2847.358 22.7503 
-94.6620 1.4111 978055.2 -75.0 -55.6 2899.171 22.8003 
-94.6695 1.4063 978104.0 -66.8 1.4 2956.284 22.8503 
-94.6767 1.4009 978110.8 -63.8 11.3 2942.755 22.9003 
-94.6839 1.3954 978108.0 -64.0 8.3 2868.694 22.9503 
-94.6910 1.3898 978107.3 -64.0 7.6 2920.383 23.0003 
-94.6981 1.3842 978106.2 -64.2 6.4 2969.070 23.0503 
-94.7053 1.3786 978104.6 -64.9 4.0 2936.653 23.1003 
-94.7126 1.3730 978103.4 -65.2 2.5 3000.276 23.1503 
-94.7199 1.3674 978101.9 -65.1 1.2 3094.530 23.2003 
-94.7272 1.3619 978100.0 -65.1 -0.6 3228.811 23.2503 
-94.7344 1.3563 978097.5 -65.1 -3.2 3254.802 23.3003 
-94.7417 1.3507 978096.1 -65.0 -4.5 3251.526 23.3503 
-94.7490 1.3450 978094.6 -64.7 -5.5 3236.664 23.4003 
-94.7562 1.3394 978093.2 -65.0 -7.3 3221.575 23.4503 
-94.7635 1.3338 978092.5 -65.6 -8.6 3229.200 23.5003 
-94.7708 1.3282 978091.3 -54.4 1.5 3234.909 23.5503 
-94.7752 1.3254 978071.8 -31.8 4.5 3240.045 23.6003 
-94.7782 1.3239 978052.9 -27.3 -9.9 3249.521 23.6503 
-94.7813 1.3224 978051.9 -36.4 -20.0 3249.708 23.7003 
-94.7864 1.3185 978065.0 -54.4 -24.8 3111.186 23.7503 
-94.7932 1.3135 978080.3 -62.6 -17.7 940.749 23.8003 
-94.8003 1.3086 978083.7 -62.7 -14.4 -99.000 23.8503 
-94.8070 1.3037 978081.2 -37.3 8.6 -99.000 23.9003 
-94.8087 1.3019 978047.8 NaN NaN -163.194 23.9503 
