-92.8613 -2.3140 978111.5 NaN NaN 3484.856 0.0000 
-92.8701 -2.3185 978111.8 -79.7 -9.0 3485.504 0.0500 
-92.8789 -2.3231 978112.0 -79.8 -9.0 3484.059 0.1000 
-92.8879 -2.3278 978113.3 -79.8 -7.7 3464.399 0.1500 
-92.8968 -2.3323 978115.4 -79.5 -5.4 3434.057 0.2000 
-92.9057 -2.3369 978117.0 -79.0 -3.2 3382.285 0.2500 
-92.9145 -2.3413 978118.6 -78.9 -1.7 3129.771 0.3000 
-92.9233 -2.3458 978120.7 -78.8 0.5 3120.851 0.3500 
-92.9322 -2.3501 978122.3 -79.4 1.5 3173.943 0.4000 
-92.9411 -2.3546 978122.7 -79.3 2.0 3133.970 0.4500 
-92.9499 -2.3590 978121.2 -79.0 0.7 3156.371 0.5000 
-92.9588 -2.3635 978119.1 -79.6 -1.9 3342.361 0.5500 
-92.9677 -2.3680 978117.0 -79.6 -4.1 3518.763 0.6000 
-92.9766 -2.3725 978115.0 -80.0 -6.6 3522.714 0.6500 
-92.9856 -2.3769 978113.3 -79.4 -7.7 3507.936 0.7000 
-92.9944 -2.3813 978111.5 -83.9 -14.0 3404.742 0.7500 
-93.0040 -2.3820 978119.4 -86.6 -8.8 3267.396 0.8000 
-93.0130 -2.3773 978117.7 -80.4 -4.3 3511.613 0.8500 
-93.0219 -2.3724 978114.7 -79.2 -6.0 3512.344 0.9000 
-93.0308 -2.3674 978114.7 -79.0 -5.8 3512.216 0.9500 
-93.0396 -2.3625 978116.3 -78.8 -4.0 3501.173 1.0000 
-93.0484 -2.3576 978118.4 -78.8 -1.8 3459.696 1.0500 
-93.0572 -2.3526 978120.2 -78.8 0.0 3232.756 1.1000 
-93.0661 -2.3479 978122.3 -79.7 1.3 3124.806 1.1500 
-93.0750 -2.3432 978125.0 -79.9 3.8 3135.288 1.2000 
-93.0840 -2.3385 978125.2 -79.7 4.2 3170.327 1.2500 
-93.0929 -2.3338 978124.8 -79.6 4.0 3212.109 1.3000 
-93.1018 -2.3292 978124.4 -79.4 3.8 3287.952 1.3500 
-93.1107 -2.3246 978124.3 -79.5 3.6 3265.640 1.4000 
-93.1195 -2.3200 978123.6 -74.8 7.6 3242.672 1.4500 
-93.1270 -2.3162 978114.0 -50.2 22.7 3168.817 1.5000 
-93.1309 -2.3146 978085.5 -32.2 12.2 3141.476 1.5500 
-93.1343 -2.3133 978073.2 -33.4 -1.2 3155.390 1.6000 
-93.1387 -2.3110 978079.3 -49.8 -11.6 3270.262 1.6500 
-93.1450 -2.3072 978095.4 -59.1 -4.8 3424.390 1.7000 
-93.1519 -2.3032 978100.3 -63.3 -4.1 1767.392 1.7500 
-93.1591 -2.2991 978101.5 -55.5 5.0 229.634 1.8000 
-93.1640 -2.2965 978086.8 -39.4 6.4 -99.000 1.8500 
-93.1679 -2.2957 978072.3 -21.4 10.0 -99.000 1.9000 
-93.1679 -2.2969 978044.9 11.4 15.3 -99.000 1.9500 
-93.1671 -2.2975 978027.9 6.7 -6.4 -99.000 2.0000 
-93.1667 -2.2975 978030.6 1.6 -8.8 -99.000 2.0500 
-93.1666 -2.2975 978034.1 -0.2 -7.1 -99.000 2.1000 
-93.1666 -2.2973 978035.0 -0.2 -6.2 -99.000 2.1500 
-93.1665 -2.2973 978034.6 -0.2 -6.6 -99.000 2.2000 
-93.1665 -2.2972 978035.6 -0.4 -5.7 -99.000 2.2500 
-93.1665 -2.2971 978035.7 -0.0 -5.3 -99.000 2.3000 
-93.1665 -2.2970 978035.7 -0.3 -5.5 -99.000 2.3500 
-93.1665 -2.2969 978035.3 -0.3 -5.9 -99.000 2.4000 
-93.1665 -2.2969 978035.2 0.0 -5.7 -99.000 2.4500 
-93.1664 -2.2968 978035.0 -0.2 -6.1 -99.000 2.5000 
-93.1663 -2.2967 978034.5 -0.4 -6.8 -99.000 2.5500 
-93.1664 -2.2967 978035.3 -0.1 -5.8 -99.000 2.6000 
-93.1664 -2.2966 978035.3 -0.3 -6.0 -99.000 2.6500 
-93.1664 -2.2967 978035.4 -0.2 -5.7 -99.000 2.7000 
-93.1664 -2.2967 978034.6 -0.2 -6.5 -99.000 2.7500 
-93.1664 -2.2967 978035.6 -0.3 -5.6 -99.000 2.8000 
-93.1664 -2.2967 978035.4 -0.8 -6.4 -99.000 2.8500 
-93.1666 -2.2965 978036.0 -0.1 -5.1 -99.000 2.9000 
-93.1667 -2.2967 978036.7 -6.9 -11.2 -99.000 2.9500 
-93.1679 -2.2973 978043.6 -12.0 -9.4 -99.000 3.0000 
-93.1692 -2.2972 978046.5 -9.8 -4.3 -99.000 3.0500 
-93.1701 -2.2969 978043.7 -10.2 -7.5 -99.000 3.1000 
-93.1714 -2.2964 978045.4 -3.2 1.2 -99.000 3.1500 
-93.1700 -2.2965 978031.2 17.1 7.3 -99.000 3.2000 
-93.1706 -2.2939 978035.0 -22.7 -28.7 -99.000 3.2500 
-93.1744 -2.2910 978066.2 -49.5 -24.2 1621.566 3.3000 
-93.1815 -2.2856 978094.0 -68.8 -15.7 3477.488 3.3500 
-93.1896 -2.2799 978105.3 -72.0 -7.5 3484.157 3.4000 
-93.1977 -2.2743 978106.3 -72.3 -6.8 3486.475 3.4500 
-93.2057 -2.2687 978105.9 -71.9 -6.7 3487.709 3.5000 
-93.2138 -2.2631 978106.2 -72.2 -6.8 3490.917 3.5500 
-93.2219 -2.2574 978106.5 -72.4 -6.6 3502.552 3.6000 
-93.2299 -2.2518 978106.5 -72.1 -6.3 3507.896 3.6500 
-93.2380 -2.2461 978106.5 -71.8 -5.9 3510.897 3.7000 
-93.2460 -2.2403 978106.6 -71.7 -5.8 3512.173 3.7500 
-93.2541 -2.2346 978107.6 -72.6 -5.5 3518.470 3.8000 
-93.2623 -2.2290 978109.4 -73.8 -4.9 3521.665 3.8500 
-93.2706 -2.2235 978110.4 -74.2 -4.3 3530.394 3.9000 
-93.2789 -2.2180 978111.1 -74.4 -3.7 3525.036 3.9500 
-93.2872 -2.2125 978110.8 -74.0 -3.6 3521.720 4.0000 
-93.2954 -2.2070 978110.6 -73.7 -3.5 3527.490 4.0500 
-93.3037 -2.2015 978110.5 -74.4 -4.2 3493.465 4.1000 
-93.3120 -2.1959 978111.0 -74.5 -3.7 3434.660 4.1500 
-93.3204 -2.1904 978110.9 -74.2 -3.5 3429.923 4.2000 
-93.3286 -2.1847 978110.3 -74.1 -3.9 3464.122 4.2500 
-93.3370 -2.1792 978110.0 -74.3 -4.4 3462.571 4.3000 
-93.3452 -2.1736 978109.7 -74.3 -4.8 3451.721 4.3500 
-93.3536 -2.1681 978109.5 -74.2 -4.8 3440.720 4.4000 
-93.3618 -2.1625 978109.0 -73.9 -5.0 3442.860 4.4500 
-93.3701 -2.1569 978108.5 -74.1 -5.5 3442.400 4.5000 
-93.3784 -2.1514 978108.5 -74.0 -5.5 3432.284 4.5500 
-93.3867 -2.1458 978108.4 -74.1 -5.6 3425.545 4.6000 
-93.3950 -2.1402 978108.0 -74.0 -5.8 3416.968 4.6500 
-93.4032 -2.1347 978108.3 -74.0 -5.6 3417.417 4.7000 
-93.4115 -2.1292 978108.5 -74.3 -5.6 3408.068 4.7500 
-93.4199 -2.1236 978108.8 -74.1 -5.0 3395.605 4.8000 
-93.4281 -2.1180 978108.8 -73.4 -4.3 3384.570 4.8500 
-93.4363 -2.1124 978108.7 -73.0 -3.9 3367.829 4.9000 
-93.4444 -2.1067 978109.5 -72.9 -3.1 3332.931 4.9500 
-93.4526 -2.1010 978110.4 -72.8 -2.0 3296.245 5.0000 
-93.4608 -2.0954 978111.7 -73.7 -1.5 3267.084 5.0500 
-93.4690 -2.0897 978113.9 -73.5 0.8 3258.776 5.1000 
-93.4772 -2.0840 978114.4 -73.6 1.3 3267.447 5.1500 
-93.4855 -2.0783 978116.0 -74.4 2.2 3266.729 5.2000 
-93.4939 -2.0727 978117.9 -74.7 3.7 3244.596 5.2500 
-93.5022 -2.0672 978119.3 -74.4 5.5 3233.259 5.3000 
-93.5105 -2.0618 978120.5 -74.2 6.9 3230.092 5.3500 
-93.5188 -2.0563 978121.6 -74.4 7.9 3224.983 5.4000 
-93.5271 -2.0508 978122.5 -74.7 8.5 3259.090 5.4500 
-93.5355 -2.0453 978123.4 -74.4 9.7 3220.173 5.5000 
-93.5438 -2.0397 978122.4 -74.3 8.8 3213.225 5.5500 
-93.5521 -2.0340 978121.4 -73.9 8.3 3222.960 5.6000 
-93.5604 -2.0283 978119.5 -74.2 6.2 3244.600 5.6500 
-93.5687 -2.0227 978118.1 -74.7 4.3 3252.740 5.7000 
-93.5770 -2.0172 978116.6 -74.4 3.1 3298.280 5.7500 
-93.5853 -2.0117 978114.9 -74.2 1.7 3310.134 5.8000 
-93.5937 -2.0061 978113.7 -74.2 0.4 3320.431 5.8500 
-93.6019 -2.0006 978112.7 -73.8 -0.0 3319.591 5.9000 
-93.6102 -1.9949 978112.2 -73.9 -0.6 3319.248 5.9500 
-93.6184 -1.9893 978112.1 -73.9 -0.7 3293.189 6.0000 
-93.6267 -1.9837 978111.7 -73.5 -0.7 3224.039 6.0500 
-93.6349 -1.9780 978111.5 -72.9 -0.2 3190.352 6.1000 
-93.6430 -1.9723 978110.6 -72.7 -0.9 3216.253 6.1500 
-93.6512 -1.9668 978110.5 -73.4 -1.7 3278.843 6.2000 
-93.6594 -1.9613 978109.8 -73.4 -2.3 3326.877 6.2500 
-93.6676 -1.9559 978108.9 -73.1 -2.8 3338.927 6.3000 
-93.6757 -1.9504 978108.5 -72.4 -2.6 3340.610 6.3500 
-93.6838 -1.9451 978107.0 -72.0 -3.6 3337.477 6.4000 
-93.6918 -1.9398 978106.2 -71.7 -4.0 3337.333 6.4500 
-93.6998 -1.9345 978106.6 -71.4 -3.3 3334.039 6.5000 
-93.7077 -1.9292 978105.6 -70.4 -3.3 3331.464 6.5500 
-93.7155 -1.9238 978105.1 -70.0 -3.4 3331.963 6.6000 
-93.7234 -1.9184 978104.7 -70.4 -4.2 3333.940 6.6500 
-93.7313 -1.9130 978105.1 -70.6 -4.0 3331.424 6.7000 
-93.7392 -1.9076 978105.9 -70.1 -2.6 3337.604 6.7500 
-93.7469 -1.9022 978106.6 -69.3 -1.1 3335.051 6.8000 
-93.7546 -1.8968 978106.8 -68.8 -0.4 3338.116 6.8500 
-93.7623 -1.8915 978108.0 -68.6 1.1 3344.918 6.9000 
-93.7699 -1.8862 978110.4 -67.8 4.3 3329.538 6.9500 
-93.7775 -1.8810 978113.0 -67.4 7.4 3031.485 7.0000 
-93.7850 -1.8757 978115.8 -68.5 9.1 2829.308 7.0500 
-93.7927 -1.8704 978118.8 -68.9 11.7 2835.534 7.1000 
-93.8005 -1.8651 978119.6 -70.0 11.4 2873.443 7.1500 
-93.8084 -1.8601 978119.4 -70.7 10.6 2894.442 7.2000 
-93.8163 -1.8552 978117.3 -70.6 8.6 2898.965 7.2500 
-93.8241 -1.8501 978113.9 -69.0 6.9 789.128 7.3000 
-93.8315 -1.8454 978107.3 -55.4 13.8 -99.000 7.3500 
-93.8365 -1.8422 978087.5 -41.3 8.2 -99.000 7.4000 
-93.8409 -1.8395 978076.2 -37.1 1.1 -99.000 7.4500 
-93.8447 -1.8371 978071.5 -33.2 0.3 -99.000 7.5000 
-93.8483 -1.8352 978067.9 -35.3 -5.3 -99.000 7.5500 
-93.8528 -1.8326 978072.5 -39.0 -4.4 -99.000 7.6000 
-93.8559 -1.8292 978070.2 -7.0 25.3 -99.000 7.6500 
-93.8562 -1.8285 978037.7 -2.0 -2.2 -99.000 7.7000 
-93.8562 -1.8283 978034.3 0.0 -3.6 -99.000 7.7500 
-93.8562 -1.8283 978032.3 -0.1 -5.7 -99.000 7.8000 
-93.8563 -1.8283 978032.8 -0.2 -5.4 -99.000 7.8500 
-93.8562 -1.8283 978032.5 -0.1 -5.6 -99.000 7.9000 
-93.8562 -1.8283 978032.6 -0.2 -5.5 -99.000 7.9500 
-93.8562 -1.8283 978032.8 -0.1 -5.2 -99.000 8.0000 
-93.8563 -1.8283 978032.7 -0.1 -5.4 -99.000 8.0500 
-93.8563 -1.8283 978032.8 -0.1 -5.2 -99.000 8.1000 
-93.8562 -1.8283 978032.6 -0.1 -5.5 -99.000 8.1500 
-93.8563 -1.8283 978032.6 -0.3 -5.6 -99.000 8.2000 
-93.8563 -1.8283 978032.9 -0.1 -5.2 -99.000 8.2500 
-93.8562 -1.8283 978032.8 -0.1 -5.2 -99.000 8.3000 
-93.8562 -1.8283 978033.3 -0.2 -4.8 -99.000 8.3500 
-93.8563 -1.8283 978033.2 -0.1 -4.8 -99.000 8.4000 
-93.8562 -1.8283 978032.6 -0.2 -5.5 -99.000 8.4500 
-93.8563 -1.8283 978033.2 -0.3 -5.0 -99.000 8.5000 
-93.8563 -1.8283 978033.4 -0.2 -4.8 -99.000 8.5500 
-93.8563 -1.8283 978033.4 -0.1 -4.7 -99.000 8.6000 
-93.8562 -1.8283 978032.8 -0.2 -5.3 -99.000 8.6500 
-93.8563 -1.8283 978033.2 -0.3 -5.0 -99.000 8.7000 
-93.8563 -1.8283 978033.1 -0.1 -5.0 -99.000 8.7500 
-93.8563 -1.8283 978032.9 -0.0 -5.1 -99.000 8.8000 
-93.8563 -1.8283 978032.9 -0.0 -5.0 -99.000 8.8500 
-93.8562 -1.8283 978033.1 -0.2 -5.0 -99.000 8.9000 
-93.8560 -1.8283 978031.5 9.8 3.4 -99.000 8.9500 
-93.8545 -1.8293 978021.0 14.4 -2.5 -99.000 9.0000 
-93.8532 -1.8301 978020.5 4.5 -13.0 -99.000 9.0500 
-93.8535 -1.8298 978032.5 -1.6 -7.1 -99.000 9.1000 
-93.8535 -1.8297 978033.9 -0.2 -4.3 -99.000 9.1500 
-93.8538 -1.8288 978035.5 -4.7 -7.1 -99.000 9.2000 
-93.8543 -1.8279 978037.2 -0.1 -0.9 -99.000 9.2500 
-93.8538 -1.8276 978030.6 11.1 3.8 1005.379 9.3000 
-93.8524 -1.8281 978021.7 12.1 -4.2 2988.768 9.3500 
-93.8509 -1.8278 978021.4 14.6 -1.9 2240.877 9.4000 
-93.8514 -1.8246 978032.1 -8.6 -14.4 3230.410 9.4500 
-93.8526 -1.8194 978044.0 -14.0 -7.8 3413.317 9.5000 
-93.8544 -1.8107 978048.9 -17.1 -6.0 3409.471 9.5500 
-93.8565 -1.8016 978050.3 -19.2 -6.6 3400.584 9.6000 
-93.8588 -1.7926 978052.4 -20.6 -6.0 3377.211 9.6500 
-93.8611 -1.7836 978053.8 -21.0 -4.9 3368.709 9.7000 
-93.8635 -1.7745 978054.6 -22.0 -5.1 3365.981 9.7500 
-93.8660 -1.7655 978055.7 -22.3 -4.2 3360.877 9.8000 
-93.8686 -1.7564 978056.1 -22.5 -3.9 3359.540 9.8500 
-93.8711 -1.7474 978056.8 -22.8 -3.5 3354.683 9.9000 
-93.8736 -1.7384 978057.2 -20.5 -0.7 3351.587 9.9500 
-93.8758 -1.7294 978055.1 -19.6 -1.9 3338.437 10.0000 
-93.8780 -1.7203 978055.3 -19.5 -1.5 3333.074 10.0500 
-93.8802 -1.7112 978055.1 -19.5 -1.6 3341.187 10.1000 
-93.8824 -1.7021 978055.2 -19.2 -1.3 3339.238 10.1500 
-93.8846 -1.6932 978055.3 -19.6 -1.5 3338.555 10.2000 
-93.8868 -1.6841 978055.8 -19.5 -0.8 3334.970 10.2500 
-93.8890 -1.6751 978055.5 -19.2 -0.8 3344.995 10.3000 
-93.8912 -1.6660 978055.1 -18.9 -0.8 3349.398 10.3500 
-93.8933 -1.6568 978055.3 -19.5 -1.3 3349.533 10.4000 
-93.8956 -1.6477 978056.1 -19.7 -0.5 3335.416 10.4500 
-93.8978 -1.6387 978055.5 -19.8 -1.2 3327.900 10.5000 
-93.9000 -1.6296 978055.7 -19.6 -0.8 3334.220 10.5500 
-93.9022 -1.6206 978055.2 -19.0 -0.6 3342.006 10.6000 
-93.9044 -1.6115 978054.4 -18.8 -1.1 3344.165 10.6500 
-93.9064 -1.6024 978053.9 -18.2 -1.0 3341.608 10.7000 
-93.9085 -1.5932 978053.4 -18.6 -1.8 3345.086 10.7500 
-93.9107 -1.5841 978053.9 -19.3 -2.0 3331.554 10.8000 
-93.9129 -1.5750 978056.0 -33.2 -13.8 3132.336 10.8500 
-93.9184 -1.5677 978078.0 -55.9 -14.5 3257.387 10.9000 
-93.9249 -1.5610 978093.2 -58.2 -1.4 3352.350 10.9500 
-93.9314 -1.5543 978093.9 -58.5 -1.1 3357.071 11.0000 
-93.9379 -1.5475 978094.5 -58.2 -0.2 3348.552 11.0500 
-93.9444 -1.5408 978093.9 -57.5 -0.0 3364.292 11.1000 
-93.9508 -1.5341 978093.5 -57.0 0.1 3379.383 11.1500 
-93.9571 -1.5272 978092.7 -57.1 -0.7 3377.130 11.2000 
-93.9636 -1.5205 978093.3 -58.2 -1.2 3380.782 11.2500 
-93.9701 -1.5139 978093.7 -58.0 -0.6 3385.143 11.3000 
-93.9766 -1.5072 978093.4 -58.1 -1.0 3377.973 11.3500 
-93.9830 -1.5007 978092.7 -57.7 -1.2 3363.569 11.4000 
-93.9895 -1.4941 978091.6 -57.5 -2.1 3367.967 11.4500 
-93.9959 -1.4876 978091.2 -58.2 -3.1 3371.830 11.5000 
-94.0024 -1.4810 978091.3 -58.4 -3.2 3371.237 11.5500 
-94.0090 -1.4745 978091.1 -58.6 -3.6 3369.634 11.6000 
-94.0155 -1.4680 978091.6 -59.0 -3.4 3359.649 11.6500 
-94.0221 -1.4615 978092.4 -58.6 -2.3 3349.684 11.7000 
-94.0286 -1.4549 978091.6 -58.1 -2.5 3339.012 11.7500 
-94.0351 -1.4483 978091.1 -58.8 -3.7 3326.556 11.8000 
-94.0417 -1.4417 978092.0 -58.7 -2.7 3333.281 11.8500 
-94.0482 -1.4352 978091.5 -58.6 -3.0 3350.172 11.9000 
-94.0548 -1.4286 978090.6 -58.1 -3.4 3355.984 11.9500 
-94.0612 -1.4219 978089.5 -58.1 -4.4 3357.648 12.0000 
-94.0678 -1.4152 978089.7 -58.4 -4.5 3359.869 12.0500 
-94.0743 -1.4086 978089.7 -58.4 -4.5 3364.880 12.1000 
-94.0808 -1.4018 978089.4 -58.4 -4.8 3368.367 12.1500 
-94.0873 -1.3951 978089.6 -58.3 -4.4 3370.272 12.2000 
-94.0938 -1.3883 978089.1 -58.4 -5.0 3367.581 12.2500 
-94.1004 -1.3815 978089.2 -58.4 -5.0 3363.028 12.3000 
-94.1069 -1.3748 978089.1 -58.2 -4.7 3363.043 12.3500 
-94.1134 -1.3680 978088.8 -58.5 -5.3 3370.719 12.4000 
-94.1199 -1.3611 978089.5 -58.7 -4.8 3383.976 12.4500 
-94.1265 -1.3543 978090.0 -58.5 -4.1 3382.942 12.5000 
-94.1330 -1.3475 978089.9 -58.5 -4.2 3383.366 12.5500 
-94.1395 -1.3406 978091.1 -58.4 -2.8 3380.660 12.6000 
-94.1460 -1.3337 978091.8 -58.0 -1.7 3373.079 12.6500 
-94.1525 -1.3268 978092.6 -59.0 -1.8 3360.576 12.7000 
-94.1592 -1.3202 978095.4 -60.4 -0.4 3355.378 12.7500 
-94.1660 -1.3137 978097.3 -60.4 1.5 3358.736 12.8000 
-94.1728 -1.3073 978098.2 -60.4 2.4 3367.923 12.8500 
-94.1795 -1.3009 978097.8 -59.2 3.2 3368.352 12.9000 
-94.1860 -1.2942 978095.6 -59.2 1.0 3360.593 12.9500 
-94.1927 -1.2875 978094.5 -59.5 -0.2 3358.411 13.0000 
-94.1993 -1.2809 978093.1 -59.4 -1.5 3360.210 13.0500 
-94.2059 -1.2742 978092.0 -59.1 -2.4 3364.998 13.1000 
-94.2125 -1.2675 978090.6 -58.8 -3.4 3372.553 13.1500 
-94.2191 -1.2608 978089.8 -59.4 -4.8 3373.386 13.2000 
-94.2257 -1.2541 978089.7 -59.3 -4.8 3370.320 13.2500 
-94.2323 -1.2475 978089.4 -60.7 -6.4 3283.696 13.3000 
-94.2395 -1.2420 978095.0 -75.7 -15.8 2838.382 13.3500 
-94.2480 -1.2425 978105.6 -76.3 -5.8 3329.839 13.4000 
-94.2565 -1.2433 978105.6 -76.5 -6.0 3361.128 13.4500 
-94.2651 -1.2440 978105.6 -76.3 -5.8 3362.857 13.5000 
-94.2736 -1.2448 978105.3 -76.9 -6.7 3364.710 13.5500 
-94.2822 -1.2455 978106.2 -77.4 -6.3 3367.708 13.6000 
-94.2908 -1.2461 978106.5 -76.9 -5.5 3382.674 13.6500 
-94.2995 -1.2468 978106.1 -77.1 -6.1 3367.981 13.7000 
-94.3081 -1.2476 978106.4 -77.2 -5.9 3354.275 13.7500 
-94.3167 -1.2483 978107.0 -77.5 -5.7 3363.645 13.8000 
-94.3254 -1.2490 978107.4 -77.4 -5.2 3365.014 13.8500 
-94.3341 -1.2496 978107.7 -78.0 -5.5 3364.807 13.9000 
-94.3428 -1.2500 978108.6 -78.1 -4.6 3370.401 13.9500 
-94.3515 -1.2506 978108.4 -78.3 -5.0 3373.668 14.0000 
-94.3603 -1.2511 978109.2 -78.0 -3.9 3380.474 14.0500 
-94.3690 -1.2516 978109.0 -78.0 -4.2 3380.855 14.1000 
-94.3777 -1.2520 978109.5 -76.6 -2.2 3364.992 14.1500 
-94.3860 -1.2525 978107.0 -67.0 4.9 3357.902 14.2000 
-94.3921 -1.2527 978093.0 -37.7 20.1 3357.463 14.2500 
-94.3949 -1.2527 978062.5 -23.1 4.3 2802.149 14.3000 
-94.3975 -1.2528 978054.8 -24.4 -4.7 333.372 14.3500 
-94.4003 -1.2529 978057.7 -33.1 -10.5 -99.000 14.4000 
-94.4052 -1.2535 978072.4 -54.0 -16.7 -99.000 14.4500 
-94.4120 -1.2530 978091.0 -59.2 -3.3 -99.000 14.5000 
-94.4180 -1.2520 978089.9 -40.2 14.5 -99.000 14.5500 
-94.4201 -1.2523 978063.0 -3.5 24.4 -99.000 14.6000 
-94.4201 -1.2517 978033.9 1.3 0.1 -99.000 14.6500 
-94.4197 -1.2516 978030.8 4.1 -0.2 -99.000 14.7000 
-94.4195 -1.2516 978029.8 0.3 -5.1 -99.000 14.7500 
-94.4195 -1.2517 978032.7 0.0 -2.4 -99.000 14.8000 
-94.4195 -1.2517 978032.5 -0.1 -2.7 -99.000 14.8500 
-94.4195 -1.2517 978032.9 -0.1 -2.3 -99.000 14.9000 
-94.4195 -1.2517 978032.7 -0.1 -2.6 -99.000 14.9500 
-94.4195 -1.2517 978032.9 -0.1 -2.3 -99.000 15.0000 
-94.4195 -1.2517 978033.1 -0.1 -2.1 -99.000 15.0500 
-94.4195 -1.2517 978032.9 0.0 -2.2 -99.000 15.1000 
-94.4195 -1.2517 978032.7 -0.0 -2.5 -99.000 15.1500 
-94.4195 -1.2517 978032.4 -0.0 -2.7 -99.000 15.2000 
-94.4195 -1.2517 978032.5 0.1 -2.6 -99.000 15.2500 
-94.4195 -1.2517 978032.3 0.1 -2.7 -99.000 15.3000 
-94.4195 -1.2517 978032.5 -0.0 -2.7 -99.000 15.3500 
-94.4195 -1.2517 978032.6 -0.1 -2.7 -99.000 15.4000 
-94.4195 -1.2517 978033.0 -0.0 -2.2 -99.000 15.4500 
-94.4195 -1.2517 978032.7 -0.1 -2.5 -99.000 15.5000 
-94.4195 -1.2517 978032.7 -0.1 -2.6 -99.000 15.5500 
-94.4195 -1.2517 978032.7 -0.0 -2.4 -99.000 15.6000 
-94.4195 -1.2517 978032.3 0.0 -2.9 -99.000 15.6500 
-94.4195 -1.2517 978032.5 0.0 -2.7 -99.000 15.7000 
-94.4195 -1.2517 978032.6 -0.1 -2.7 -99.000 15.7500 
-94.4195 -1.2517 978032.6 -0.1 -2.7 -99.000 15.8000 
-94.4195 -1.2517 978032.7 -0.1 -2.6 -99.000 15.8500 
-94.4195 -1.2517 978033.1 -0.1 -2.1 -99.000 15.9000 
-94.4195 -1.2517 978032.9 -0.1 -2.4 -99.000 15.9500 
-94.4195 -1.2517 978032.6 -0.1 -2.6 -99.000 16.0000 
-94.4195 -1.2517 978032.9 -0.1 -2.4 -99.000 16.0500 
-94.4192 -1.2518 978030.7 11.5 7.1 -99.000 16.1000 
-94.4175 -1.2526 978019.9 12.9 -2.3 -99.000 16.1500 
-94.4165 -1.2528 978021.5 6.2 -7.5 -99.000 16.2000 
-94.4163 -1.2527 978029.1 -1.0 -7.0 -99.000 16.2500 
-94.4166 -1.2522 978034.4 -3.8 -4.6 -99.000 16.3000 
-94.4171 -1.2514 978036.7 -0.7 0.8 -99.000 16.3500 
-94.4166 -1.2512 978030.8 16.0 11.7 336.820 16.4000 
-94.4144 -1.2514 978018.4 13.3 -3.4 1388.337 16.4500 
-94.4162 -1.2489 978041.2 -26.8 -20.7 3079.758 16.5000 
-94.4205 -1.2461 978068.1 -51.4 -18.4 3357.258 16.5500 
-94.4271 -1.2404 978091.2 -63.1 -7.0 3354.515 16.6000 
-94.4344 -1.2344 978098.8 -64.6 -0.9 3356.279 16.6500 
-94.4416 -1.2283 978098.8 -64.2 -0.4 3360.534 16.7000 
-94.4487 -1.2223 978098.6 -64.3 -0.7 3335.420 16.7500 
-94.4559 -1.2162 978099.5 -64.5 -0.0 3338.120 16.8000 
-94.4631 -1.2102 978100.1 -64.6 0.5 3350.661 16.8500 
-94.4703 -1.2042 978100.2 -64.1 1.2 3338.261 16.9000 
-94.4774 -1.1981 978099.8 -63.1 1.8 3313.017 16.9500 
-94.4844 -1.1919 978098.5 -63.0 0.6 3302.264 17.0000 
-94.4915 -1.1858 978099.1 -62.9 1.3 3300.811 17.0500 
-94.4985 -1.1796 978099.2 -62.8 1.6 3330.753 17.1000 
-94.5055 -1.1735 978099.3 -62.9 1.6 3354.446 17.1500 
-94.5125 -1.1673 978099.5 -62.8 1.9 3361.430 17.2000 
-94.5195 -1.1612 978099.3 -62.9 1.6 3353.953 17.2500 
-94.5265 -1.1551 978099.8 -62.4 2.6 3340.991 17.3000 
-94.5335 -1.1489 978099.5 -62.3 2.4 3318.830 17.3500 
-94.5405 -1.1428 978099.2 -62.6 1.9 3318.306 17.4000 
-94.5475 -1.1366 978099.8 -62.0 3.1 3349.384 17.4500 
-94.5543 -1.1303 978098.7 -61.2 2.8 3372.011 17.5000 
-94.5611 -1.1240 978098.5 -61.2 2.6 3331.650 17.5500 
-94.5679 -1.1178 978098.4 -61.0 2.8 3332.169 17.6000 
-94.5748 -1.1116 978098.0 -61.5 1.9 3351.235 17.6500 
-94.5817 -1.1052 978098.3 -62.0 1.7 3322.807 17.7000 
-94.5886 -1.0989 978098.6 -62.2 1.8 3319.299 17.7500 
-94.5956 -1.0926 978098.3 -62.8 0.9 3347.373 17.8000 
-94.6026 -1.0863 978098.6 -63.0 1.0 3379.575 17.8500 
-94.6097 -1.0800 978098.3 -63.2 0.5 3358.628 17.9000 
-94.6167 -1.0737 978098.0 -62.8 0.7 3354.493 17.9500 
-94.6237 -1.0674 978097.3 -62.7 0.1 3402.057 18.0000 
-94.6307 -1.0611 978097.2 -63.1 -0.4 3421.386 18.0500 
-94.6378 -1.0548 978097.5 -63.1 -0.0 3397.606 18.1000 
-94.6448 -1.0486 978096.8 -62.7 -0.3 3370.017 18.1500 
-94.6518 -1.0424 978096.8 -62.2 0.2 3355.151 18.2000 
-94.6587 -1.0362 978096.3 -62.3 -0.3 3363.628 18.2500 
-94.6657 -1.0300 978096.2 -62.0 -0.2 3348.200 18.3000 
-94.6726 -1.0238 978096.1 -62.7 -0.9 3320.351 18.3500 
-94.6797 -1.0177 978097.2 -63.5 -0.6 3344.333 18.4000 
-94.6867 -1.0115 978097.4 -62.8 0.3 3341.833 18.4500 
-94.6937 -1.0052 978096.7 -62.6 -0.2 3334.072 18.5000 
-94.7007 -0.9989 978095.9 -62.3 -0.6 3322.631 18.5500 
-94.7076 -0.9926 978095.1 -62.5 -1.6 3316.412 18.6000 
-94.7146 -0.9863 978095.7 -62.6 -1.1 3317.106 18.6500 
-94.7216 -0.9799 978095.6 -62.5 -1.1 3316.003 18.7000 
-94.7286 -0.9736 978095.3 -63.1 -2.0 3316.007 18.7500 
-94.7357 -0.9672 978096.4 -63.2 -0.9 3316.479 18.8000 
-94.7427 -0.9609 978096.4 -62.5 -0.2 3317.062 18.8500 
-94.7497 -0.9545 978095.6 -62.0 -0.4 3313.844 18.9000 
-94.7566 -0.9481 978095.8 -62.5 -0.8 3305.376 18.9500 
-94.7636 -0.9417 978096.9 -63.0 -0.2 3288.920 19.0000 
-94.7707 -0.9354 978098.0 -63.0 1.0 3265.967 19.0500 
-94.7777 -0.9290 978098.2 -63.4 0.7 3237.562 19.1000 
-94.7848 -0.9227 978098.8 -63.6 1.2 3233.029 19.1500 
-94.7919 -0.9162 978098.6 -63.6 1.0 3239.482 19.2000 
-94.7990 -0.9098 978098.2 -63.4 0.8 3252.147 19.2500 
-94.8061 -0.9034 978097.4 -63.3 0.1 3261.086 19.3000 
-94.8131 -0.8969 978096.5 -63.1 -0.5 3283.966 19.3500 
-94.8202 -0.8904 978095.8 -63.6 -1.7 3273.492 19.4000 
-94.8273 -0.8839 978095.9 -63.6 -1.6 3260.268 19.4500 
-94.8344 -0.8774 978095.5 -63.4 -1.7 3268.908 19.5000 
-94.8415 -0.8709 978094.7 -63.7 -2.9 3279.026 19.5500 
-94.8486 -0.8644 978094.7 -64.3 -3.5 3308.482 19.6000 
-94.8558 -0.8580 978094.7 -63.8 -2.9 3333.494 19.6500 
-94.8629 -0.8516 978093.6 -63.5 -3.6 3325.149 19.7000 
-94.8700 -0.8452 978092.9 -63.2 -4.1 3324.844 19.7500 
-94.8770 -0.8388 978092.7 -63.0 -4.0 3335.936 19.8000 
-94.8841 -0.8323 978092.6 -63.6 -4.7 3336.427 19.8500 
-94.8912 -0.8258 978093.3 -63.8 -4.3 3335.534 19.9000 
-94.8983 -0.8194 978093.5 -64.3 -4.6 3328.571 19.9500 
-94.9056 -0.8129 978093.9 -64.9 -4.7 3329.497 20.0000 
-94.9128 -0.8064 978094.2 -64.7 -4.2 3335.439 20.0500 
-94.9200 -0.7999 978094.3 -64.5 -3.9 3337.766 20.1000 
-94.9272 -0.7935 978094.6 -64.8 -3.9 3341.027 20.1500 
-94.9345 -0.7870 978095.5 -65.2 -3.3 3345.184 20.2000 
-94.9418 -0.7805 978096.1 -65.1 -2.7 3334.941 20.2500 
-94.9491 -0.7741 978096.6 -65.0 -2.0 3291.596 20.3000 
-94.9563 -0.7675 978096.9 -65.0 -1.7 3271.243 20.3500 
-94.9636 -0.7610 978097.2 -65.1 -1.5 3258.753 20.4000 
-94.9708 -0.7545 978097.5 -65.4 -1.4 3249.590 20.4500 
-94.9782 -0.7481 978097.4 -65.3 -1.4 3249.118 20.5000 
-94.9854 -0.7418 978097.4 -65.0 -1.2 3258.381 20.5500 
-94.9927 -0.7354 978096.9 -64.7 -1.3 3301.642 20.6000 
-94.9999 -0.7290 978096.1 -64.4 -1.9 3366.257 20.6500 
-95.0071 -0.7227 978095.3 -62.8 -1.0 3393.966 20.7000 
-95.0137 -0.7167 978091.3 -46.7 11.1 3389.842 20.7500 
-95.0174 -0.7131 978070.0 -28.1 8.4 3374.416 20.8000 
-95.0202 -0.7106 978056.1 -23.5 -0.9 3362.651 20.8500 
-95.0226 -0.7083 978053.7 -32.5 -12.3 3378.104 20.9000 
-95.0281 -0.7043 978072.5 -57.2 -18.2 3384.179 20.9500 
-95.0347 -0.6980 978089.4 -57.7 -1.7 2970.830 21.0000 
-95.0409 -0.6917 978086.1 -50.5 2.3 512.983 21.0500 
-95.0461 -0.6859 978077.6 -30.6 13.6 -99.000 21.1000 
-95.0476 -0.6819 978054.8 -0.6 20.8 -99.000 21.1500 
-95.0476 -0.6811 978029.7 -0.5 -4.2 -99.000 21.2000 
-95.0476 -0.6810 978029.1 0.0 -4.3 -99.000 21.2500 
-95.0476 -0.6810 978028.5 0.0 -4.8 -99.000 21.3000 
-95.0476 -0.6810 978028.6 -0.1 -4.8 -99.000 21.3500 
-95.0476 -0.6810 978029.1 -0.0 -4.3 -99.000 21.4000 
-95.0476 -0.6811 978028.8 0.0 -4.6 -99.000 21.4500 
-95.0476 -0.6811 978028.8 -0.0 -4.6 -99.000 21.5000 
-95.0476 -0.6811 978029.2 -0.0 -4.2 -99.000 21.5500 
-95.0476 -0.6811 978028.8 0.0 -4.5 -99.000 21.6000 
-95.0476 -0.6811 978028.7 -0.0 -4.7 -99.000 21.6500 
-95.0476 -0.6811 978028.8 -0.0 -4.6 -99.000 21.7000 
-95.0476 -0.6810 978028.7 0.1 -4.6 -99.000 21.7500 
-95.0476 -0.6811 978028.5 -0.0 -4.9 -99.000 21.8000 
-95.0476 -0.6811 978028.5 -0.2 -5.1 -99.000 21.8500 
-95.0476 -0.6811 978029.1 -0.0 -4.3 -99.000 21.9000 
-95.0476 -0.6810 978029.0 -0.4 -4.9 -99.000 21.9500 
-95.0478 -0.6811 978029.6 -1.2 -5.1 -99.000 22.0000 
-95.0479 -0.6812 978030.1 -1.1 -4.5 -99.000 22.0500 
-95.0480 -0.6812 978030.3 -1.4 -4.6 -99.000 22.1000 
-95.0482 -0.6813 978030.5 -1.5 -4.4 -99.000 22.1500 
-95.0484 -0.6814 978030.2 -1.2 -4.5 -99.000 22.2000 
-95.0485 -0.6814 978030.1 -0.8 -4.2 -99.000 22.2500 
-95.0486 -0.6815 978029.8 -1.2 -4.8 -99.000 22.3000 
-95.0488 -0.6814 978030.6 -3.0 -5.8 -99.000 22.3500 
-95.0491 -0.6815 978031.4 -2.3 -4.3 -99.000 22.4000 
-95.0493 -0.6815 978030.6 -2.1 -5.0 -99.000 22.4500 
-95.0495 -0.6816 978030.7 -0.9 -3.6 -99.000 22.5000 
-95.0495 -0.6817 978029.1 0.0 -4.3 -99.000 22.5500 
-95.0495 -0.6816 978028.7 0.2 -4.5 -99.000 22.6000 
-95.0495 -0.6816 978028.5 0.1 -4.8 -99.000 22.6500 
-95.0494 -0.6816 978028.3 0.2 -4.9 -99.000 22.7000 
-95.0493 -0.6815 978028.2 0.1 -5.0 -99.000 22.7500 
-95.0493 -0.6815 978028.9 0.0 -4.5 -99.000 22.8000 
-95.0493 -0.6815 978028.7 -0.0 -4.8 -99.000 22.8500 
-95.0493 -0.6815 978028.8 -0.0 -4.6 -99.000 22.9000 
-95.0493 -0.6815 978028.9 0.1 -4.4 -99.000 22.9500 
-95.0492 -0.6815 978028.3 4.3 -0.9 -99.000 23.0000 
-95.0483 -0.6823 978022.8 11.8 1.1 -99.000 23.0500 
-95.0473 -0.6827 978018.8 6.3 -8.4 -99.000 23.1000 
-95.0470 -0.6821 978025.9 -1.0 -8.5 -99.000 23.1500 
-95.0475 -0.6813 978031.5 -6.2 -8.1 -99.000 23.2000 
-95.0478 -0.6818 978033.4 -15.7 -15.8 855.473 23.2500 
-95.0502 -0.6827 978045.3 -21.8 -9.9 3188.923 23.3000 
-95.0524 -0.6834 978049.4 -20.6 -4.6 3381.223 23.3500 
-95.0548 -0.6849 978050.1 -29.6 -12.9 3386.214 23.4000 
-95.0593 -0.6881 978063.7 -51.4 -21.1 3393.288 23.4500 
-95.0661 -0.6919 978085.8 -65.5 -13.1 3397.788 23.5000 
-95.0737 -0.6952 978095.1 -69.0 -7.3 3397.303 23.5500 
-95.0815 -0.6985 978097.2 -70.3 -6.5 3398.504 23.6000 
-95.0893 -0.7017 978098.3 -70.8 -6.0 3396.229 23.6500 
-95.0973 -0.7050 978099.1 -71.8 -6.1 3421.437 23.7000 
-95.1053 -0.7082 978099.3 -71.9 -6.0 3421.761 23.7500 
-95.1134 -0.7115 978099.7 -72.4 -6.1 3423.595 23.8000 
-95.1215 -0.7149 978099.9 -72.5 -6.1 3414.840 23.8500 
-95.1296 -0.7182 978100.1 -72.4 -5.8 3421.065 23.9000 
-95.1376 -0.7216 978100.4 NaN NaN 3406.760 23.9500 
