-94.8469 0.5149 977956.5 NaN NaN 3311.185 0.0000 
-94.8389 0.5146 977955.9 73.8 -3.4 3313.465 0.0500 
-94.8308 0.5144 977955.8 74.0 -3.3 3316.184 0.1000 
-94.8226 0.5141 977955.2 73.9 -4.0 3314.349 0.1500 
-94.8144 0.5139 977955.5 74.2 -3.4 3306.115 0.2000 
-94.8062 0.5135 977955.2 74.4 -3.5 3308.854 0.2500 
-94.7980 0.5132 977954.2 74.2 -4.7 3308.198 0.3000 
-94.7898 0.5132 977954.2 73.8 -5.2 3311.647 0.3500 
-94.7817 0.5133 977954.6 73.6 -4.9 3316.384 0.4000 
-94.7736 0.5134 977953.9 73.3 -5.9 3324.369 0.4500 
-94.7655 0.5135 977954.6 73.2 -5.3 3330.388 0.5000 
-94.7574 0.5135 977953.6 73.9 -5.6 3336.030 0.5500 
-94.7492 0.5135 977952.3 74.1 -6.7 3342.894 0.6000 
-94.7410 0.5134 977952.0 74.0 -7.2 3343.474 0.6500 
-94.7329 0.5134 977951.6 73.4 -8.0 3344.113 0.7000 
-94.7248 0.5133 977952.3 73.4 -7.4 3341.912 0.7500 
-94.7167 0.5131 977952.4 72.8 -7.9 3333.703 0.8000 
-94.7087 0.5131 977953.0 72.7 -7.4 3332.326 0.8500 
-94.7006 0.5130 977952.8 72.8 -7.5 3334.590 0.9000 
-94.6926 0.5129 977952.3 72.9 -7.9 3321.828 0.9500 
-94.6845 0.5127 977952.5 72.7 -7.9 3308.770 1.0000 
-94.6765 0.5126 977952.7 72.6 -7.8 3298.955 1.0500 
-94.6685 0.5125 977953.7 72.2 -7.2 3288.732 1.1000 
-94.6605 0.5122 977954.0 72.3 -6.8 3281.715 1.1500 
-94.6526 0.5119 977954.3 72.1 -6.7 3283.084 1.2000 
-94.6446 0.5116 977954.7 72.2 -6.2 3296.563 1.2500 
-94.6366 0.5113 977954.9 72.1 -6.1 3281.840 1.3000 
-94.6287 0.5113 977955.6 71.9 -5.6 3265.142 1.3500 
-94.6207 0.5113 977955.9 71.7 -5.4 3257.058 1.4000 
-94.6128 0.5113 977956.3 72.2 -4.6 3257.450 1.4500 
-94.6048 0.5113 977955.6 72.3 -5.2 3271.140 1.5000 
-94.5968 0.5112 977955.9 72.3 -5.0 3283.519 1.5500 
-94.5888 0.5112 977956.1 72.7 -4.3 3287.742 1.6000 
-94.5808 0.5112 977955.7 72.5 -4.8 3290.389 1.6500 
-94.5732 0.5127 977960.0 63.9 -9.2 3304.137 1.7000 
-94.5671 0.5184 977971.2 57.1 -4.7 3316.425 1.7500 
-94.5607 0.5240 977970.5 57.7 -4.9 3325.735 1.8000 
-94.5544 0.5296 977969.8 57.4 -5.9 3327.535 1.8500 
-94.5481 0.5353 977969.7 56.9 -6.5 3340.201 1.9000 
-94.5419 0.5410 977969.8 57.2 -6.1 3338.821 1.9500 
-94.5356 0.5469 977968.9 57.3 -7.0 3345.826 2.0000 
-94.5293 0.5529 977968.3 57.6 -7.3 3350.986 2.0500 
-94.5229 0.5588 977967.6 57.7 -7.9 3360.369 2.1000 
-94.5166 0.5646 977968.0 57.3 -8.0 3364.922 2.1500 
-94.5104 0.5705 977968.0 56.8 -8.4 3364.958 2.2000 
-94.5042 0.5764 977967.9 57.0 -8.2 3374.310 2.2500 
-94.4978 0.5822 977967.2 57.7 -8.4 3374.846 2.3000 
-94.4915 0.5880 977967.1 57.5 -8.6 3371.485 2.3500 
-94.4852 0.5939 977967.7 57.3 -8.1 3361.116 2.4000 
-94.4789 0.5997 977967.8 57.5 -8.0 2931.503 2.4500 
-94.4726 0.6056 977969.1 49.8 -14.3 890.235 2.5000 
-94.4685 0.6098 977984.6 23.7 -24.9 2714.267 2.5500 
-94.4669 0.6118 978008.7 14.7 -10.0 3261.376 2.6000 
-94.4650 0.6138 978011.0 18.5 -3.7 3242.915 2.6500 
-94.4630 0.6156 978008.2 24.1 -1.0 1725.678 2.7000 
-94.4594 0.6187 977998.7 43.6 9.0 -75.663 2.7500 
-94.4539 0.6245 977980.5 49.4 -3.4 -99.000 2.8000 
-94.4488 0.6310 977979.8 45.2 -8.3 -99.000 2.8500 
-94.4439 0.6374 977985.2 33.7 -14.5 -99.000 2.9000 
-94.4425 0.6384 978009.4 -0.5 -24.4 -99.000 2.9500 
-94.4425 0.6381 978026.6 1.2 -5.6 -99.000 3.0000 
-94.4425 0.6380 978026.3 0.0 -7.0 -99.000 3.0500 
-94.4425 0.6380 978027.1 0.0 -6.2 -99.000 3.1000 
-94.4425 0.6380 978026.9 0.0 -6.5 -99.000 3.1500 
-94.4425 0.6380 978026.9 0.0 -6.4 -99.000 3.2000 
-94.4425 0.6380 978027.0 -0.0 -6.4 -99.000 3.2500 
-94.4425 0.6380 978026.8 0.1 -6.5 -99.000 3.3000 
-94.4425 0.6380 978026.4 0.0 -6.9 -99.000 3.3500 
-94.4425 0.6380 978026.6 -0.0 -6.7 -99.000 3.4000 
-94.4425 0.6380 978026.9 -0.0 -6.4 -99.000 3.4500 
-94.4425 0.6380 978026.8 -0.0 -6.5 -99.000 3.5000 
-94.4425 0.6380 978026.9 0.1 -6.4 -99.000 3.5500 
-94.4425 0.6380 978026.7 0.0 -6.6 -99.000 3.6000 
-94.4425 0.6380 978026.6 -0.0 -6.7 -99.000 3.6500 
-94.4425 0.6380 978026.9 -0.0 -6.4 -99.000 3.7000 
-94.4425 0.6380 978027.0 -0.0 -6.3 -99.000 3.7500 
-94.4425 0.6380 978026.8 -0.0 -6.5 -99.000 3.8000 
-94.4425 0.6380 978027.1 0.0 -6.2 -99.000 3.8500 
-94.4425 0.6380 978026.6 -0.1 -6.8 -99.000 3.9000 
-94.4425 0.6380 978026.6 -0.0 -6.8 -99.000 3.9500 
-94.4425 0.6380 978026.7 -0.1 -6.7 -99.000 4.0000 
-94.4425 0.6380 978026.8 -0.1 -6.6 -99.000 4.0500 
-94.4425 0.6380 978026.9 -0.2 -6.6 -99.000 4.1000 
-94.4425 0.6380 978027.2 -0.1 -6.2 -99.000 4.1500 
-94.4425 0.6380 978027.1 -0.0 -6.2 -99.000 4.2000 
-94.4425 0.6380 978027.1 -0.1 -6.3 -99.000 4.2500 
-94.4425 0.6380 978026.8 -0.1 -6.6 -99.000 4.3000 
-94.4425 0.6380 978026.8 0.0 -6.4 -99.000 4.3500 
-94.4425 0.6380 978026.7 0.0 -6.6 -99.000 4.4000 
-94.4425 0.6380 978027.2 0.1 -6.1 -99.000 4.4500 
-94.4425 0.6380 978026.9 0.0 -6.4 -99.000 4.5000 
-94.4425 0.6380 978026.6 -0.1 -6.8 -99.000 4.5500 
-94.4425 0.6380 978026.5 -0.2 -7.0 -99.000 4.6000 
-94.4425 0.6380 978026.6 -0.0 -6.8 -99.000 4.6500 
-94.4425 0.6380 978026.7 -0.1 -6.7 -99.000 4.7000 
-94.4425 0.6380 978026.8 -0.0 -6.5 -99.000 4.7500 
-94.4425 0.6380 978026.8 -0.0 -6.5 -99.000 4.8000 
-94.4425 0.6380 978026.8 -0.0 -6.5 -99.000 4.8500 
-94.4425 0.6380 978026.9 -0.0 -6.5 -99.000 4.9000 
-94.4425 0.6380 978026.8 0.0 -6.5 -99.000 4.9500 
-94.4425 0.6380 978027.0 -0.0 -6.3 -99.000 5.0000 
-94.4425 0.6380 978026.8 -0.0 -6.6 -99.000 5.0500 
-94.4425 0.6380 978026.8 -0.1 -6.6 -99.000 5.1000 
-94.4425 0.6380 978026.9 -0.1 -6.5 -99.000 5.1500 
-94.4425 0.6380 978026.9 -0.0 -6.4 -99.000 5.2000 
-94.4425 0.6380 978027.1 -0.0 -6.2 -99.000 5.2500 
-94.4425 0.6380 978027.1 -0.0 -6.3 -99.000 5.3000 
-94.4425 0.6380 978027.0 -0.0 -6.3 -99.000 5.3500 
-94.4425 0.6380 978026.5 -0.1 -6.9 -99.000 5.4000 
-94.4425 0.6380 978027.0 -0.1 -6.4 -99.000 5.4500 
-94.4425 0.6380 978026.7 -0.0 -6.7 -99.000 5.5000 
-94.4425 0.6380 978026.7 -0.1 -6.7 -99.000 5.5500 
-94.4424 0.6380 978026.6 0.0 -6.7 -99.000 5.6000 
-94.4424 0.6380 978027.0 -0.0 -6.3 -99.000 5.6500 
-94.4425 0.6380 978027.1 -0.0 -6.3 -99.000 5.7000 
-94.4425 0.6380 978027.0 -0.2 -6.4 -99.000 5.7500 
-94.4424 0.6380 978027.2 -0.2 -6.3 -99.000 5.8000 
-94.4424 0.6380 978027.1 -0.1 -6.3 -99.000 5.8500 
-94.4424 0.6380 978026.9 -0.1 -6.4 -99.000 5.9000 
-94.4424 0.6380 978026.8 -0.1 -6.6 -99.000 5.9500 
-94.4425 0.6380 978026.9 -0.1 -6.5 -99.000 6.0000 
-94.4425 0.6380 978027.2 -0.1 -6.3 -99.000 6.0500 
-94.4425 0.6380 978027.7 -0.1 -5.7 -99.000 6.1000 
-94.4424 0.6380 978027.1 -0.0 -6.3 -99.000 6.1500 
-94.4424 0.6380 978027.0 -0.1 -6.5 -99.000 6.2000 
-94.4424 0.6380 978027.0 -0.0 -6.4 -99.000 6.2500 
-94.4424 0.6380 978027.0 0.0 -6.3 -99.000 6.3000 
-94.4424 0.6380 978027.0 -0.0 -6.4 -99.000 6.3500 
-94.4424 0.6380 978027.0 0.0 -6.3 -99.000 6.4000 
-94.4424 0.6380 978027.0 -0.0 -6.3 -99.000 6.4500 
-94.4424 0.6380 978027.2 -0.0 -6.1 -94.743 6.5000 
-94.4424 0.6380 978027.2 -0.1 -6.2 1601.194 6.5500 
-94.4425 0.6380 978027.2 1.8 -4.3 3253.674 6.6000 
-94.4415 0.6370 978021.2 20.8 8.7 3250.270 6.6500 
-94.4382 0.6341 978001.1 41.6 9.4 3241.901 6.7000 
-94.4325 0.6296 977978.4 53.8 -1.2 3234.334 6.7500 
-94.4265 0.6247 977971.1 55.1 -7.1 3230.866 6.8000 
-94.4204 0.6199 977970.8 55.2 -7.2 3227.783 6.8500 
-94.4143 0.6151 977970.6 55.9 -6.8 3229.870 6.9000 
-94.4081 0.6103 977970.2 56.1 -7.0 3229.254 6.9500 
-94.4020 0.6054 977970.3 55.5 -7.5 3224.858 7.0000 
-94.3959 0.6005 977970.2 55.2 -7.9 3222.860 7.0500 
-94.3899 0.5956 977970.9 54.7 -7.6 3223.034 7.1000 
-94.3838 0.5908 977971.0 54.8 -7.4 3222.067 7.1500 
-94.3778 0.5860 977970.2 54.0 -9.0 3217.695 7.2000 
-94.3719 0.5811 977971.3 53.7 -8.2 3196.420 7.2500 
-94.3660 0.5763 977971.8 54.1 -7.3 3191.192 7.3000 
-94.3601 0.5713 977971.1 53.9 -8.1 3207.951 7.3500 
-94.3541 0.5665 977970.9 54.0 -8.2 3211.738 7.4000 
-94.3482 0.5615 977971.1 54.6 -7.5 3208.378 7.4500 
-94.3421 0.5566 977970.4 54.8 -8.0 3207.547 7.5000 
-94.3361 0.5517 977969.5 54.8 -8.9 3209.477 7.5500 
-94.3301 0.5468 977969.5 54.4 -9.3 3212.679 7.6000 
-94.3241 0.5419 977969.9 54.6 -8.6 3217.082 7.6500 
-94.3181 0.5370 977969.5 54.8 -8.8 3218.024 7.7000 
-94.3121 0.5321 977969.2 54.8 -9.1 3215.741 7.7500 
-94.3060 0.5273 977969.8 54.9 -8.4 3204.971 7.8000 
-94.3000 0.5224 977969.7 54.9 -8.6 3198.446 7.8500 
-94.2939 0.5176 977969.3 55.0 -8.8 3207.082 7.9000 
-94.2879 0.5127 977968.6 55.2 -9.4 3226.432 7.9500 
-94.2818 0.5079 977967.7 55.2 -10.2 3225.296 8.0000 
-94.2757 0.5031 977968.6 55.2 -9.3 3227.212 8.0500 
-94.2697 0.4983 977968.4 55.0 -9.6 3246.868 8.1000 
-94.2636 0.4935 977968.6 54.7 -9.8 3237.266 8.1500 
-94.2577 0.4886 977968.7 54.2 -10.2 3249.887 8.2000 
-94.2517 0.4837 977969.0 54.1 -9.9 3267.489 8.2500 
-94.2458 0.4787 977968.7 54.0 -10.4 3274.944 8.3000 
-94.2398 0.4736 977969.1 54.1 -9.8 3290.282 8.3500 
-94.2339 0.4686 977968.5 53.7 -10.8 3306.519 8.4000 
-94.2280 0.4637 977968.5 53.9 -10.7 3326.487 8.4500 
-94.2221 0.4587 977968.7 53.9 -10.5 3324.583 8.5000 
-94.2162 0.4539 977967.3 53.9 -11.8 3335.294 8.5500 
-94.2101 0.4491 977967.0 54.3 -11.6 3339.750 8.6000 
-94.2042 0.4443 977967.4 54.2 -11.4 3347.609 8.6500 
-94.1982 0.4394 977968.2 54.3 -10.4 3350.980 8.7000 
-94.1923 0.4344 977967.8 54.5 -10.7 3351.922 8.7500 
-94.1862 0.4294 977966.8 55.3 -10.8 3346.274 8.8000 
-94.1802 0.4246 977965.8 55.5 -11.6 3341.539 8.8500 
-94.1740 0.4197 977966.3 55.7 -10.9 3336.340 8.9000 
-94.1679 0.4148 977966.2 55.9 -10.8 3333.548 8.9500 
-94.1617 0.4099 977965.8 56.2 -11.0 3332.604 9.0000 
-94.1555 0.4050 977965.1 56.5 -11.4 3333.349 9.0500 
-94.1493 0.4001 977965.7 57.2 -10.0 3344.466 9.1000 
-94.1429 0.3951 977965.5 57.7 -9.7 3337.475 9.1500 
-94.1366 0.3901 977964.8 57.1 -11.0 3318.114 9.2000 
-94.1304 0.3852 977965.0 56.5 -11.3 3308.500 9.2500 
-94.1242 0.3802 977965.6 56.3 -11.0 3308.351 9.3000 
-94.1180 0.3752 977966.2 56.1 -10.6 3316.214 9.3500 
-94.1118 0.3701 977966.6 55.8 -10.5 3319.821 9.4000 
-94.1057 0.3652 977966.4 55.8 -10.6 3314.360 9.4500 
-94.0995 0.3602 977967.3 56.0 -9.6 3301.407 9.5000 
-94.0934 0.3552 977967.4 55.5 -10.0 3284.372 9.5500 
-94.0873 0.3502 977968.8 55.5 -8.6 3261.530 9.6000 
-94.0812 0.3452 977968.4 55.0 -9.4 3232.971 9.6500 
-94.0752 0.3401 977969.9 54.4 -8.5 3208.641 9.7000 
-94.0693 0.3352 977970.2 54.6 -8.1 3201.053 9.7500 
-94.0631 0.3303 977969.3 56.1 -7.4 3191.946 9.8000 
-94.0570 0.3255 977968.8 55.7 -8.3 3193.551 9.8500 
-94.0509 0.3208 977970.3 55.3 -7.2 3193.412 9.9000 
-94.0447 0.3160 977970.3 56.1 -6.5 3194.813 9.9500 
-94.0386 0.3113 977970.4 56.0 -6.4 3206.061 10.0000 
-94.0325 0.3063 977970.9 54.1 -7.8 3208.865 10.0500 
-94.0265 0.3012 977972.8 54.4 -5.6 3195.174 10.1000 
-94.0206 0.2961 977973.7 53.8 -5.3 3187.234 10.1500 
-94.0147 0.2910 977973.8 53.1 -5.9 3183.157 10.2000 
-94.0089 0.2859 977974.5 53.4 -4.9 3175.287 10.2500 
-94.0029 0.2811 977974.8 54.7 -3.3 3164.002 10.3000 
-93.9969 0.2763 977973.5 54.9 -4.4 3152.626 10.3500 
-93.9908 0.2715 977973.9 55.0 -3.9 3146.097 10.4000 
-93.9848 0.2668 977973.5 54.9 -4.4 3138.971 10.4500 
-93.9788 0.2621 977973.8 54.3 -4.6 3117.741 10.5000 
-93.9729 0.2571 977974.9 53.2 -4.7 3112.771 10.5500 
-93.9670 0.2522 977974.8 53.3 -4.7 3137.379 10.6000 
-93.9611 0.2473 977974.8 50.2 -7.8 3159.613 10.6500 
-93.9564 0.2432 977983.0 34.4 -15.4 3179.538 10.7000 
-93.9533 0.2404 977998.3 25.9 -8.5 3194.598 10.7500 
-93.9506 0.2379 978004.4 22.0 -6.4 3203.501 10.8000 
-93.9483 0.2357 978007.8 28.7 3.7 3206.438 10.8500 
-93.9442 0.2321 977995.8 39.7 2.8 3206.830 10.9000 
-93.9397 0.2277 977987.6 40.7 -4.5 3207.036 10.9500 
-93.9355 0.2236 977991.5 34.1 -7.1 2901.915 11.0000 
-93.9352 0.2221 978019.7 -0.8 -13.9 1268.526 11.0500 
-93.9356 0.2223 978030.4 -1.2 -3.6 91.876 11.1000 
-93.9355 0.2224 978030.6 0.9 -1.3 -99.000 11.1500 
-93.9353 0.2226 978028.9 1.9 -2.0 -99.000 11.2000 
-93.9350 0.2228 978028.6 2.3 -1.9 -99.000 11.2500 
-93.9348 0.2231 978028.1 1.9 -2.8 -99.000 11.3000 
-93.9345 0.2233 978027.8 2.1 -2.9 -99.000 11.3500 
-93.9343 0.2235 978028.2 1.5 -3.1 -99.000 11.4000 
-93.9342 0.2236 978028.8 -0.0 -4.0 -99.000 11.4500 
-93.9342 0.2236 978030.1 -0.0 -2.7 -99.000 11.5000 
-93.9342 0.2236 978029.8 -0.2 -3.1 -99.000 11.5500 
-93.9342 0.2236 978030.0 -0.1 -2.8 -99.000 11.6000 
-93.9342 0.2236 978029.9 -0.1 -2.9 -99.000 11.6500 
-93.9342 0.2236 978030.3 -0.1 -2.5 -99.000 11.7000 
-93.9342 0.2236 978030.4 -0.2 -2.5 -99.000 11.7500 
-93.9342 0.2236 978030.6 -0.1 -2.3 -99.000 11.8000 
-93.9342 0.2236 978030.1 -0.1 -2.8 -99.000 11.8500 
-93.9342 0.2236 978030.3 -0.1 -2.5 -99.000 11.9000 
-93.9342 0.2236 978030.0 -0.1 -2.9 -99.000 11.9500 
-93.9342 0.2236 978030.0 -0.1 -2.9 -99.000 12.0000 
-93.9342 0.2236 978030.5 -0.1 -2.4 -99.000 12.0500 
-93.9342 0.2236 978030.3 -0.1 -2.5 -99.000 12.1000 
-93.9342 0.2236 978030.0 -0.1 -2.9 -99.000 12.1500 
-93.9342 0.2236 978029.9 -0.1 -3.0 -99.000 12.2000 
-93.9342 0.2236 978029.8 -0.2 -3.1 -99.000 12.2500 
-93.9342 0.2236 978030.3 -0.1 -2.6 -99.000 12.3000 
-93.9342 0.2236 978030.1 -0.1 -2.7 -99.000 12.3500 
-93.9342 0.2236 978030.1 -0.1 -2.8 -99.000 12.4000 
-93.9342 0.2236 978030.0 -0.1 -2.8 -99.000 12.4500 
-93.9342 0.2236 978030.1 -0.1 -2.7 -99.000 12.5000 
-93.9342 0.2236 978030.2 -0.0 -2.6 -99.000 12.5500 
-93.9342 0.2236 978030.1 -0.1 -2.8 -99.000 12.6000 
-93.9342 0.2236 978030.0 -0.2 -3.0 -99.000 12.6500 
-93.9342 0.2236 978031.1 -4.2 -5.8 -99.000 12.7000 
-93.9354 0.2237 978038.2 -11.7 -6.3 -99.000 12.7500 
-93.9367 0.2245 978041.9 -9.2 -0.0 -99.000 12.8000 
-93.9369 0.2244 978035.9 4.7 7.9 -99.000 12.8500 
-93.9370 0.2240 978029.0 -9.4 -13.1 -99.000 12.9000 
-93.9383 0.2237 978040.1 -12.9 -5.6 -99.000 12.9500 
-93.9399 0.2231 978043.3 -14.9 -4.4 165.209 13.0000 
-93.9415 0.2225 978044.8 -16.9 -4.8 2242.244 13.0500 
-93.9427 0.2210 978042.3 5.5 15.1 1835.785 13.1000 
-93.9406 0.2211 978016.9 31.3 15.4 3090.355 13.1500 
-93.9361 0.2237 977994.6 49.9 11.8 3210.061 13.2000 
-93.9300 0.2283 977978.0 55.6 0.8 3181.869 13.2500 
-93.9239 0.2330 977975.8 49.6 -7.4 3157.732 13.3000 
-93.9194 0.2394 977985.8 41.2 -5.8 3175.452 13.3500 
-93.9148 0.2456 977989.5 42.8 -0.5 3166.266 13.4000 
-93.9100 0.2515 977988.5 43.1 -1.1 3136.495 13.4500 
-93.9053 0.2575 977988.5 43.3 -1.0 3110.998 13.5000 
-93.9006 0.2636 977989.0 42.7 -1.1 3100.451 13.5500 
-93.8959 0.2697 977989.4 42.7 -0.7 3109.164 13.6000 
-93.8912 0.2758 977989.5 42.4 -0.9 3121.028 13.6500 
-93.8866 0.2819 977989.9 43.0 0.1 3122.295 13.7000 
-93.8819 0.2881 977989.5 43.0 -0.3 3110.669 13.7500 
-93.8771 0.2943 977989.3 43.5 -0.0 3112.853 13.8000 
-93.8724 0.3005 977989.0 43.4 -0.4 3082.105 13.8500 
-93.8676 0.3067 977989.2 43.3 -0.3 3063.249 13.9000 
-93.8629 0.3130 977989.8 42.8 -0.3 3047.540 13.9500 
-93.8583 0.3193 977990.2 42.1 -0.6 3048.555 14.0000 
-93.8537 0.3255 977990.6 42.6 0.3 3069.964 14.0500 
-93.8490 0.3316 977990.3 42.4 -0.1 3073.683 14.1000 
-93.8443 0.3377 977990.3 42.6 0.0 3068.601 14.1500 
-93.8397 0.3437 977989.9 42.6 -0.4 3061.845 14.2000 
-93.8350 0.3497 977989.8 42.7 -0.4 3070.356 14.2500 
-93.8303 0.3556 977990.1 42.3 -0.5 3101.855 14.3000 
-93.8257 0.3616 977990.3 42.1 -0.5 3104.211 14.3500 
-93.8211 0.3677 977990.2 42.2 -0.5 3103.676 14.4000 
-93.8165 0.3737 977990.4 41.8 -0.7 3084.077 14.4500 
-93.8119 0.3798 977991.5 41.3 -0.1 3046.265 14.5000 
-93.8074 0.3858 977992.3 41.0 0.4 3027.975 14.5500 
-93.8030 0.3920 977993.5 40.4 0.9 3036.653 14.6000 
-93.7985 0.3981 977994.1 40.6 1.8 3032.361 14.6500 
-93.7941 0.4043 977994.1 40.4 1.6 3024.037 14.7000 
-93.7897 0.4105 977995.1 40.4 2.5 3018.969 14.7500 
-93.7852 0.4165 977995.6 40.9 3.5 3019.268 14.8000 
-93.7807 0.4227 977995.6 41.1 3.8 2997.275 14.8500 
-93.7762 0.4288 977996.2 40.8 4.1 2991.381 14.9000 
-93.7718 0.4348 977996.9 41.1 5.0 2988.573 14.9500 
-93.7672 0.4408 977997.0 41.8 5.9 2953.851 15.0000 
-93.7626 0.4467 977996.3 42.3 5.6 2926.265 15.0500 
-93.7580 0.4527 977996.8 42.4 6.2 2923.124 15.1000 
-93.7533 0.4587 977997.5 42.3 6.8 2943.096 15.1500 
-93.7487 0.4647 977998.2 42.3 7.4 2927.290 15.2000 
-93.7441 0.4707 977999.3 42.1 8.3 2935.377 15.2500 
-93.7395 0.4767 977999.8 42.2 8.9 2921.289 15.3000 
-93.7349 0.4827 978000.4 42.1 9.4 2880.413 15.3500 
-93.7302 0.4887 978000.5 42.0 9.4 2893.756 15.4000 
-93.7256 0.4948 978000.9 41.7 9.6 2894.303 15.4500 
-93.7211 0.5008 978000.8 42.0 9.8 2886.657 15.5000 
-93.7165 0.5069 977999.6 41.8 8.4 2903.355 15.5500 
-93.7119 0.5130 977999.2 42.0 8.2 2902.555 15.6000 
-93.7073 0.5191 977998.1 41.9 6.9 2899.917 15.6500 
-93.7027 0.5252 977997.2 41.8 5.9 2906.206 15.7000 
-93.6981 0.5311 977996.3 41.8 5.0 2926.746 15.7500 
-93.6935 0.5372 977995.8 41.9 4.6 2940.132 15.8000 
-93.6889 0.5433 977995.4 42.3 4.5 2933.972 15.8500 
-93.6843 0.5493 977995.1 42.0 3.9 2922.840 15.9000 
-93.6797 0.5553 977996.2 41.6 4.6 2918.298 15.9500 
-93.6752 0.5614 977996.6 41.8 5.2 2914.218 16.0000 
-93.6706 0.5673 977996.4 42.1 5.4 2918.584 16.0500 
-93.6660 0.5734 977996.9 42.1 5.8 2907.074 16.1000 
-93.6613 0.5794 977996.7 42.4 5.9 2902.224 16.1500 
-93.6567 0.5855 977996.7 42.2 5.7 2909.689 16.2000 
-93.6521 0.5915 977997.4 42.3 6.4 2912.700 16.2500 
-93.6474 0.5976 977996.9 42.2 5.8 2933.424 16.3000 
-93.6428 0.6037 977997.0 41.9 5.6 2943.349 16.3500 
-93.6383 0.6099 977996.4 41.8 4.9 2892.395 16.4000 
-93.6337 0.6160 977995.7 41.5 3.9 2924.712 16.4500 
-93.6291 0.6222 977994.6 41.8 3.2 2967.594 16.5000 
-93.6245 0.6283 977992.7 41.9 1.4 2962.888 16.5500 
-93.6199 0.6344 977990.5 42.1 -0.7 3025.881 16.6000 
-93.6153 0.6405 977988.7 42.0 -2.6 3081.553 16.6500 
-93.6107 0.6466 977987.0 42.0 -4.4 3091.621 16.7000 
-93.6061 0.6527 977984.8 42.1 -6.4 3082.909 16.7500 
-93.6015 0.6588 977983.3 42.3 -7.8 3104.669 16.8000 
-93.5969 0.6650 977981.4 42.5 -9.4 3130.802 16.8500 
-93.5922 0.6712 977980.2 42.6 -10.7 3130.687 16.9000 
-93.5875 0.6774 977978.9 42.2 -12.2 3127.332 16.9500 
-93.5829 0.6835 977978.0 42.3 -13.1 3124.825 17.0000 
-93.5783 0.6897 977977.8 41.9 -13.7 3125.839 17.0500 
-93.5737 0.6958 977978.7 41.6 -13.1 3122.307 17.1000 
-93.5692 0.7019 977979.0 41.9 -12.5 3117.172 17.1500 
-93.5646 0.7080 977979.3 41.7 -12.5 3104.964 17.2000 
-93.5600 0.7141 977980.0 41.8 -11.6 3091.918 17.2500 
-93.5554 0.7202 977980.3 42.4 -10.7 3079.092 17.3000 
-93.5507 0.7262 977980.9 42.7 -10.0 3052.088 17.3500 
-93.5460 0.7323 977981.8 42.8 -9.0 3022.510 17.4000 
-93.5414 0.7383 977982.4 42.5 -8.6 3012.022 17.4500 
-93.5367 0.7444 977984.1 42.3 -7.1 3040.349 17.5000 
-93.5321 0.7504 977985.1 42.4 -6.1 3030.109 17.5500 
-93.5274 0.7564 977985.5 42.2 -5.9 3000.437 17.6000 
-93.5229 0.7624 977986.5 41.3 -5.9 2960.983 17.6500 
-93.5184 0.7686 977988.6 40.6 -4.4 2959.958 17.7000 
-93.5139 0.7748 977989.0 41.0 -3.6 3017.478 17.7500 
-93.5094 0.7810 977988.9 41.2 -3.5 3028.053 17.8000 
-93.5050 0.7873 977989.7 38.4 -5.6 2990.093 17.8500 
-93.5011 0.7938 977995.2 24.7 -13.8 2973.709 17.9000 
-93.4994 0.7976 978011.8 13.4 -8.4 2962.976 17.9500 
-93.4979 0.8009 978018.2 14.7 -0.8 2892.870 18.0000 
-93.4962 0.8043 978015.9 21.5 3.6 1092.987 18.0500 
-93.4930 0.8094 978006.7 30.7 3.6 -99.000 18.1000 
-93.4896 0.8144 978000.3 32.0 -1.4 -99.000 18.1500 
-93.4860 0.8191 977998.8 34.0 -0.9 -99.000 18.2000 
-93.4823 0.8228 977999.3 20.5 -14.0 -99.000 18.2500 
-93.4816 0.8231 978017.7 -8.7 -24.7 -99.000 18.3000 
-93.4823 0.8227 978035.9 -5.4 -3.2 -99.000 18.3500 
-93.4826 0.8224 978033.8 -2.3 -2.3 -99.000 18.4000 
-93.4827 0.8224 978030.7 -0.2 -3.2 -99.000 18.4500 
-93.4827 0.8224 978029.7 -0.1 -4.2 -99.000 18.5000 
-93.4827 0.8224 978029.9 0.0 -3.8 -99.000 18.5500 
-93.4827 0.8224 978029.0 -0.0 -4.8 -99.000 18.6000 
-93.4827 0.8224 978029.6 -0.0 -4.1 -99.000 18.6500 
-93.4827 0.8224 978029.6 -0.1 -4.3 -99.000 18.7000 
-93.4827 0.8224 978030.1 -0.2 -3.9 -99.000 18.7500 
-93.4827 0.8224 978029.6 -0.1 -4.3 -99.000 18.8000 
-93.4827 0.8224 978030.1 -0.1 -3.8 -99.000 18.8500 
-93.4827 0.8224 978030.1 -0.0 -3.6 -99.000 18.9000 
-93.4827 0.8224 978031.0 -0.1 -2.8 -99.000 18.9500 
-93.4827 0.8224 978030.1 -0.2 -3.8 -99.000 19.0000 
-93.4827 0.8224 978029.8 -0.1 -4.1 -99.000 19.0500 
-93.4827 0.8224 978029.6 -0.1 -4.2 -99.000 19.1000 
-93.4827 0.8224 978029.9 -0.1 -3.9 -99.000 19.1500 
-93.4827 0.8224 978030.7 -0.0 -3.1 -99.000 19.2000 
-93.4827 0.8224 978030.4 -0.1 -3.4 -99.000 19.2500 
-93.4827 0.8224 978030.6 0.0 -3.2 -99.000 19.3000 
-93.4827 0.8223 978030.0 0.0 -3.7 -99.000 19.3500 
-93.4827 0.8224 978030.1 -0.2 -3.8 -99.000 19.4000 
-93.4827 0.8224 978030.0 0.0 -3.7 -99.000 19.4500 
-93.4827 0.8224 978030.2 -0.0 -3.6 -99.000 19.5000 
-93.4828 0.8224 978031.4 -6.1 -8.5 -99.000 19.5500 
-93.4842 0.8227 978040.6 -16.0 -9.1 -99.000 19.6000 
-93.4857 0.8213 978044.5 -13.2 -2.5 -99.000 19.6500 
-93.4868 0.8209 978042.1 -11.1 -2.8 -99.000 19.7000 
-93.4883 0.8207 978043.0 -12.6 -3.3 -99.000 19.7500 
-93.4895 0.8208 978042.5 -9.8 -1.0 -99.000 19.8000 
-93.4898 0.8196 978034.6 10.6 11.5 177.154 19.8500 
-93.4887 0.8170 978022.9 17.2 6.3 2297.359 19.9000 
-93.4859 0.8117 978009.0 24.6 -0.1 2926.650 19.9500 
-93.4839 0.8044 978008.1 13.4 -12.2 2937.064 20.0000 
-93.4829 0.7967 978018.0 8.6 -7.0 2936.895 20.0500 
-93.4820 0.7888 978020.0 7.9 -5.7 2948.970 20.1000 
-93.4812 0.7812 978019.2 7.7 -6.7 3041.807 20.1500 
-93.4804 0.7735 978020.0 8.1 -5.6 2979.528 20.2000 
-93.4795 0.7657 978019.6 8.0 -6.0 3195.013 20.2500 
-93.4787 0.7579 978019.4 8.1 -6.0 3885.319 20.3000 
-93.4778 0.7499 978019.5 8.1 -6.0 3303.524 20.3500 
-93.4770 0.7419 978018.6 8.0 -6.9 2998.283 20.4000 
-93.4762 0.7340 978017.6 7.5 -8.5 3018.592 20.4500 
-93.4754 0.7263 978016.4 6.9 -10.1 3142.040 20.5000 
-93.4747 0.7186 978015.2 6.7 -11.6 3121.215 20.5500 
-93.4740 0.7106 978016.2 6.1 -11.1 3083.430 20.6000 
-93.4734 0.7026 978015.6 5.3 -12.6 3109.819 20.6500 
-93.4730 0.6946 978014.7 4.9 -13.9 3131.493 20.7000 
-93.4725 0.6868 978013.2 5.1 -15.1 3144.912 20.7500 
-93.4719 0.6787 978013.0 5.3 -15.1 3151.688 20.8000 
-93.4714 0.6707 978011.9 5.1 -16.3 3165.810 20.8500 
-93.4709 0.6628 978011.1 5.0 -17.3 3185.145 20.9000 
-93.4704 0.6548 978011.8 4.9 -16.6 3245.961 20.9500 
-93.4699 0.6470 978011.8 4.9 -16.6 3210.809 21.0000 
-93.4694 0.6390 978012.7 5.0 -15.7 3190.236 21.0500 
-93.4688 0.6312 978013.5 4.9 -14.9 3485.238 21.1000 
-93.4684 0.6234 978015.0 5.2 -13.1 5386.901 21.1500 
-93.4679 0.6157 978016.2 7.6 -9.5 3671.181 21.2000 
-93.4675 0.6079 978018.1 7.8 -7.3 3030.275 21.2500 
-93.4671 0.6000 978020.6 6.5 -6.2 3121.907 21.3000 
-93.4666 0.5921 978022.2 6.8 -4.2 3120.096 21.3500 
-93.4662 0.5844 978023.9 9.3 -0.0 3177.331 21.4000 
-93.4658 0.5767 978024.7 5.8 -2.6 3317.386 21.4500 
-93.4654 0.5689 978026.8 4.2 -2.2 3122.980 21.5000 
-93.4650 0.5613 978028.0 4.0 -1.2 3191.574 21.5500 
-93.4646 0.5535 978030.7 9.7 7.3 3562.364 21.6000 
-93.4641 0.5457 978031.6 6.6 5.1 3366.507 21.6500 
-93.4637 0.5377 978034.5 4.7 6.1 3034.597 21.7000 
-93.4632 0.5296 978036.6 4.8 8.3 2890.847 21.7500 
-93.4627 0.5217 978036.5 4.7 8.1 2715.653 21.8000 
-93.4622 0.5138 978035.4 5.0 7.3 2891.074 21.8500 
-93.4617 0.5060 978033.2 5.0 5.1 3053.643 21.9000 
-93.4612 0.4981 978029.7 4.9 1.6 3115.185 21.9500 
-93.4607 0.4904 978025.9 5.0 -2.2 3153.990 22.0000 
-93.4602 0.4824 978023.4 5.3 -4.3 3174.395 22.0500 
-93.4596 0.4745 978020.6 5.3 -7.1 3183.837 22.1000 
-93.4590 0.4667 978018.1 5.7 -9.2 3199.881 22.1500 
-93.4585 0.4588 978016.1 5.6 -11.4 3232.109 22.2000 
-93.4579 0.4509 978015.0 5.7 -12.3 3173.027 22.2500 
-93.4573 0.4430 978013.8 5.1 -14.1 3171.919 22.3000 
-93.4568 0.4353 978012.8 5.5 -14.7 3164.972 22.3500 
-93.4562 0.4275 978012.1 5.6 -15.3 3162.163 22.4000 
-93.4556 0.4197 978011.4 5.5 -16.0 3170.021 22.4500 
-93.4551 0.4121 978010.3 5.4 -17.3 3182.453 22.5000 
-93.4545 0.4043 978010.9 6.1 -15.9 3150.483 22.5500 
-93.4538 0.3965 978010.7 6.5 -15.7 3165.647 22.6000 
-93.4532 0.3886 978011.3 6.5 -15.2 3174.494 22.6500 
-93.4525 0.3806 978011.5 5.9 -15.5 3267.635 22.7000 
-93.4521 0.3729 978013.1 10.2 -9.5 3065.629 22.7500 
-93.4518 0.3651 978015.1 24.8 7.0 3346.557 22.8000 
-93.4515 0.3573 978015.5 11.8 -5.6 3283.812 22.8500 
-93.4511 0.3496 978016.0 18.1 1.2 3324.660 22.9000 
-93.4508 0.3418 978015.9 4.7 -12.2 3217.162 22.9500 
-93.4503 0.3339 978015.8 4.5 -12.6 3226.085 23.0000 
-93.4499 0.3259 978016.5 5.9 -10.4 3086.147 23.0500 
-93.4494 0.3180 978015.8 17.0 -0.0 3083.780 23.1000 
-93.4492 0.3101 978017.3 29.3 13.8 3232.046 23.1500 
-93.4489 0.3025 978016.4 37.4 21.0 3624.117 23.2000 
-93.4487 0.2949 978016.5 25.9 9.6 3287.272 23.2500 
-93.4484 0.2872 978016.8 11.9 -4.2 3208.388 23.3000 
-93.4481 0.2796 978015.1 10.0 -7.7 4870.882 23.3500 
-93.4477 0.2719 978016.3 4.7 -11.8 5201.621 23.4000 
-93.4472 0.2638 978016.9 4.5 -11.3 5023.294 23.4500 
-93.4468 0.2560 978016.2 5.7 -10.9 3498.976 23.5000 
-93.4464 0.2483 978016.6 5.0 -11.1 3195.611 23.5500 
-93.4460 0.2404 978016.6 4.1 -12.1 3214.750 23.6000 
-93.4455 0.2326 978016.8 4.5 -11.5 3180.748 23.6500 
-93.4451 0.2246 978017.3 6.4 -9.1 3181.811 23.7000 
-93.4446 0.2167 978017.7 5.2 -9.9 3204.376 23.7500 
-93.4441 0.2087 978017.6 6.4 -8.8 3625.610 23.8000 
-93.4437 0.2009 978016.8 4.9 -11.1 5657.403 23.8500 
-93.4433 0.1930 978016.4 6.3 -10.1 5183.089 23.9000 
-93.4428 0.1850 978017.0 NaN NaN 3173.199 23.9500 
