-91.9831 1.1829 978125.8 NaN NaN 2349.466 0.0000 
-91.9929 1.1843 978126.0 -89.7 1.4 2352.140 0.0500 
-92.0030 1.1857 978127.3 -90.2 2.2 2342.623 0.1000 
-92.0131 1.1872 978128.6 -90.2 3.5 2330.268 0.1500 
-92.0232 1.1886 978129.8 -90.2 4.7 2323.053 0.2000 
-92.0333 1.1901 978130.9 -90.3 5.7 2287.851 0.2500 
-92.0434 1.1915 978131.9 -90.4 6.6 2257.873 0.3000 
-92.0535 1.1929 978132.3 -90.1 7.2 2233.380 0.3500 
-92.0635 1.1943 978132.3 -89.8 7.6 2252.375 0.4000 
-92.0736 1.1957 978132.0 -89.7 7.4 2270.996 0.4500 
-92.0836 1.1970 978131.9 -89.3 7.6 2280.065 0.5000 
-92.0936 1.1984 978132.0 -89.6 7.5 2301.196 0.5500 
-92.1036 1.1997 978132.5 -89.3 8.2 2314.149 0.6000 
-92.1136 1.2011 978132.0 -89.2 7.9 2317.704 0.6500 
-92.1236 1.2024 978132.7 -89.2 8.5 2328.381 0.7000 
-92.1335 1.2037 978133.0 -89.0 9.1 2323.915 0.7500 
-92.1435 1.2050 978132.9 -88.8 9.1 2334.316 0.8000 
-92.1534 1.2062 978132.9 -89.1 8.9 2353.942 0.8500 
-92.1634 1.2075 978133.0 -89.1 9.0 2366.246 0.9000 
-92.1734 1.2088 978133.5 -89.7 8.9 2345.821 0.9500 
-92.1834 1.2101 978133.9 -90.3 8.6 2304.854 1.0000 
-92.1936 1.2114 978135.0 -90.8 9.2 2316.660 1.0500 
-92.2037 1.2128 978135.8 -90.9 10.0 2360.835 1.1000 
-92.2139 1.2142 978136.0 -91.2 9.9 2380.915 1.1500 
-92.2241 1.2156 978136.1 -91.1 10.0 2363.011 1.2000 
-92.2343 1.2171 978136.2 -90.9 10.3 2333.602 1.2500 
-92.2445 1.2185 978136.6 -90.8 10.9 2381.183 1.3000 
-92.2546 1.2200 978136.8 -91.0 10.8 2380.282 1.3500 
-92.2648 1.2215 978137.3 -91.1 11.2 2385.481 1.4000 
-92.2750 1.2230 978137.5 -91.4 11.1 2409.281 1.4500 
-92.2852 1.2242 978137.9 -91.7 11.1 2447.899 1.5000 
-92.2955 1.2254 978138.4 -92.0 11.4 2462.230 1.5500 
-92.3058 1.2267 978138.7 -92.0 11.7 2464.433 1.6000 
-92.3161 1.2280 978139.2 -92.1 12.0 2411.354 1.6500 
-92.3264 1.2293 978139.8 -92.2 12.5 2385.636 1.7000 
-92.3367 1.2306 978139.9 -92.3 12.5 2395.879 1.7500 
-92.3471 1.2319 978140.2 -92.5 12.7 2369.687 1.8000 
-92.3574 1.2332 978140.7 -92.2 13.5 2386.158 1.8500 
-92.3677 1.2345 978140.6 -92.3 13.3 2401.626 1.9000 
-92.3781 1.2359 978141.2 -92.7 13.4 2396.980 1.9500 
-92.3885 1.2372 978141.8 -92.8 13.9 2388.904 2.0000 
-92.3988 1.2384 978141.9 -93.0 13.8 2394.904 2.0500 
-92.4093 1.2396 978142.9 -93.4 14.4 2369.164 2.1000 
-92.4197 1.2408 978143.6 -93.5 15.1 2335.214 2.1500 
-92.4302 1.2420 978143.8 -92.9 15.8 2287.797 2.2000 
-92.4405 1.2433 978143.9 -92.5 16.3 2331.749 2.2500 
-92.4509 1.2447 978144.4 -92.4 17.0 2343.005 2.3000 
-92.4612 1.2461 978144.8 -92.4 17.4 2322.700 2.3500 
-92.4715 1.2475 978145.4 -92.3 17.9 2306.575 2.4000 
-92.4818 1.2488 978145.8 -91.8 18.9 2314.641 2.4500 
-92.4920 1.2501 978144.9 -75.3 34.5 2354.841 2.5000 
-92.4982 1.2511 978119.4 -41.9 42.3 2371.363 2.5500 
-92.5017 1.2516 978090.1 -27.6 27.3 2380.994 2.6000 
-92.5045 1.2519 978080.6 -32.4 13.0 1813.578 2.6500 
-92.5098 1.2525 978097.4 -69.2 -6.9 99.436 2.7000 
-92.5192 1.2540 978134.5 -86.2 13.2 -99.000 2.7500 
-92.5290 1.2559 978143.3 -85.9 22.2 -99.000 2.8000 
-92.5382 1.2579 978140.7 -66.1 39.5 -99.000 2.8500 
-92.5435 1.2591 978113.8 -41.2 37.5 -99.000 2.9000 
-92.5475 1.2594 978092.9 -10.7 47.0 -99.000 2.9500 
-92.5472 1.2586 978063.1 0.9 28.8 -99.000 3.0000 
-92.5474 1.2587 978056.0 -0.2 20.5 -99.000 3.0500 
-92.5473 1.2587 978055.7 0.0 20.6 -99.000 3.1000 
-92.5473 1.2587 978055.8 -0.0 20.6 -99.000 3.1500 
-92.5473 1.2587 978056.0 -0.0 20.8 -99.000 3.2000 
-92.5473 1.2587 978055.7 -0.0 20.6 -99.000 3.2500 
-92.5473 1.2587 978055.7 0.0 20.6 -99.000 3.3000 
-92.5473 1.2587 978055.6 0.0 20.4 -99.000 3.3500 
-92.5473 1.2587 978055.4 -0.0 20.2 -99.000 3.4000 
-92.5473 1.2587 978055.7 0.0 20.6 -99.000 3.4500 
-92.5473 1.2587 978055.7 0.0 20.6 -99.000 3.5000 
-92.5473 1.2587 978055.7 0.0 20.5 -99.000 3.5500 
-92.5473 1.2587 978055.5 0.0 20.3 -99.000 3.6000 
-92.5473 1.2587 978055.8 -0.0 20.6 -99.000 3.6500 
-92.5473 1.2587 978056.0 -0.0 20.8 -99.000 3.7000 
-92.5473 1.2587 978055.9 0.0 20.7 -99.000 3.7500 
-92.5473 1.2587 978055.5 0.1 20.4 -99.000 3.8000 
-92.5473 1.2587 978055.4 0.0 20.2 -99.000 3.8500 
-92.5473 1.2587 978055.2 0.0 20.1 -99.000 3.9000 
-92.5473 1.2587 978056.0 -2.2 18.6 -99.000 3.9500 
-92.5479 1.2585 978059.4 -7.7 16.5 -99.000 4.0000 
-92.5488 1.2581 978064.7 -10.5 19.0 -99.000 4.0500 
-92.5502 1.2585 978067.2 -13.1 18.9 -99.000 4.1000 
-92.5516 1.2590 978068.5 -8.2 25.1 -99.000 4.1500 
-92.5518 1.2594 978060.4 12.1 37.4 -99.000 4.2000 
-92.5492 1.2599 978037.7 34.3 36.9 158.388 4.2500 
-92.5440 1.2608 978014.6 56.8 36.2 1897.930 4.3000 
-92.5370 1.2626 977995.2 63.7 23.7 2360.173 4.3500 
-92.5299 1.2649 977991.9 64.4 21.2 2362.681 4.4000 
-92.5228 1.2672 977991.4 64.0 20.2 2358.931 4.4500 
-92.5158 1.2700 977992.6 62.9 20.3 2354.533 4.5000 
-92.5089 1.2728 977993.0 63.8 21.5 2342.049 4.5500 
-92.5018 1.2756 977991.7 64.4 20.9 2295.962 4.6000 
-92.4947 1.2784 977991.5 64.2 20.4 2269.579 4.6500 
-92.4876 1.2814 977991.0 64.3 20.1 2261.533 4.7000 
-92.4805 1.2843 977990.4 64.4 19.6 2289.868 4.7500 
-92.4734 1.2872 977990.3 64.1 19.1 2321.183 4.8000 
-92.4663 1.2902 977990.5 64.1 19.3 2355.810 4.8500 
-92.4592 1.2933 977990.1 64.0 18.8 2293.208 4.9000 
-92.4522 1.2964 977989.9 63.8 18.4 2270.561 4.9500 
-92.4451 1.2995 977988.9 62.8 16.3 2245.423 5.0000 
-92.4390 1.3041 977999.8 25.2 -10.3 2089.366 5.0500 
-92.4403 1.3128 978049.8 -8.9 5.5 2375.294 5.1000 
-92.4410 1.3223 978054.5 -6.4 12.7 2472.990 5.1500 
-92.4418 1.3318 978051.0 -5.9 9.6 2374.911 5.2000 
-92.4424 1.3414 978047.6 -5.4 6.7 2420.720 5.2500 
-92.4431 1.3510 978044.9 -4.7 4.7 2535.991 5.3000 
-92.4436 1.3605 978043.1 -6.3 1.2 2519.520 5.3500 
-92.4445 1.3700 978044.8 -8.2 1.0 2547.891 5.4000 
-92.4456 1.3795 978046.6 -8.7 2.2 2519.686 5.4500 
-92.4466 1.3891 978047.9 -8.8 3.4 2425.232 5.5000 
-92.4476 1.3987 978048.7 -8.6 4.3 2427.481 5.5500 
-92.4486 1.4083 978049.0 -8.6 4.6 2455.124 5.6000 
-92.4496 1.4180 978049.6 -8.4 5.3 2462.172 5.6500 
-92.4506 1.4276 978049.6 -7.9 5.8 2475.977 5.7000 
-92.4515 1.4372 978049.3 -7.8 5.5 2398.639 5.7500 
-92.4525 1.4467 978049.7 -7.6 6.1 2419.970 5.8000 
-92.4533 1.4563 978050.4 -7.7 6.7 2421.622 5.8500 
-92.4543 1.4657 978051.2 -7.7 7.5 2388.131 5.9000 
-92.4552 1.4752 978051.8 -8.2 7.6 2375.076 5.9500 
-92.4562 1.4846 978052.5 -8.9 7.4 2441.882 6.0000 
-92.4572 1.4941 978052.7 -8.3 8.1 2406.863 6.0500 
-92.4582 1.5035 978051.5 -7.9 7.4 2455.143 6.1000 
-92.4591 1.5129 978050.3 -7.5 6.6 2448.785 6.1500 
-92.4599 1.5224 978049.3 -6.9 6.0 2453.211 6.2000 
-92.4607 1.5319 978048.4 -6.4 5.6 2459.823 6.2500 
-92.4615 1.5414 978047.7 -6.3 5.0 2467.781 6.3000 
-92.4622 1.5509 978047.4 -6.5 4.4 2478.062 6.3500 
-92.4630 1.5603 978047.8 -7.0 4.4 2477.059 6.4000 
-92.4639 1.5698 978047.8 -6.9 4.3 2486.057 6.4500 
-92.4647 1.5792 978047.6 -6.8 4.2 2489.755 6.5000 
-92.4655 1.5885 978047.1 -6.5 3.9 2499.404 6.5500 
-92.4663 1.5979 978046.4 -6.4 3.4 2509.830 6.6000 
-92.4670 1.6072 978046.3 -6.7 2.9 2503.774 6.6500 
-92.4678 1.6166 978046.2 -6.3 3.1 2512.374 6.7000 
-92.4686 1.6260 978045.7 -6.6 2.3 2526.635 6.7500 
-92.4694 1.6354 978045.5 -6.4 2.2 2521.148 6.8000 
-92.4701 1.6448 978044.9 -6.7 1.2 2521.212 6.8500 
-92.4710 1.6542 978045.1 -7.2 1.0 2531.678 6.9000 
-92.4718 1.6636 978044.5 -6.6 0.9 2552.018 6.9500 
-92.4726 1.6729 978043.7 -6.6 0.0 2585.685 7.0000 
-92.4734 1.6821 978043.4 -7.5 -1.2 2576.553 7.0500 
-92.4744 1.6911 978044.6 -10.1 -2.7 2556.955 7.1000 
-92.4757 1.7001 978046.9 -10.8 -1.2 2573.791 7.1500 
-92.4768 1.7092 978046.0 -9.2 -0.5 2583.255 7.2000 
-92.4778 1.7184 978044.6 -8.3 -1.0 2574.553 7.2500 
-92.4788 1.7276 978043.9 -7.9 -1.4 2573.086 7.3000 
-92.4797 1.7368 978043.8 -7.6 -1.2 2578.053 7.3500 
-92.4806 1.7460 978044.4 -7.5 -0.5 2545.721 7.4000 
-92.4815 1.7552 978045.4 -7.5 0.5 2497.747 7.4500 
-92.4823 1.7644 978046.4 -6.8 2.0 2472.800 7.5000 
-92.4831 1.7736 978046.4 -6.5 2.4 2483.742 7.5500 
-92.4839 1.7827 978047.2 -6.3 3.2 2491.210 7.6000 
-92.4846 1.7919 978047.9 -6.5 3.6 2461.968 7.6500 
-92.4854 1.8011 978049.0 -7.0 4.3 2415.865 7.7000 
-92.4863 1.8103 978050.0 -7.1 5.1 2421.193 7.7500 
-92.4871 1.8194 978050.5 -7.2 5.4 2401.177 7.8000 
-92.4880 1.8285 978050.3 -7.0 5.4 2425.262 7.8500 
-92.4887 1.8378 978049.1 -6.1 5.1 2503.218 7.9000 
-92.4894 1.8469 978047.3 -5.1 4.2 2517.427 7.9500 
-92.4900 1.8558 978045.5 -4.0 3.4 2523.295 8.0000 
-92.4904 1.8645 978044.5 -4.5 1.8 2520.030 8.0500 
-92.4911 1.8732 978045.7 -7.2 0.3 2484.122 8.1000 
-92.4920 1.8819 978048.1 -8.1 1.8 2426.792 8.1500 
-92.4930 1.8905 978049.2 -19.3 -8.4 2322.532 8.2000 
-92.4972 1.8967 978078.1 -73.9 -34.1 1884.250 8.2500 
-92.5045 1.8927 978108.9 -63.8 6.8 2414.733 8.3000 
-92.5116 1.8870 978101.5 -63.6 -0.3 2449.382 8.3500 
-92.5187 1.8814 978102.0 -63.8 0.0 2474.519 8.4000 
-92.5258 1.8758 978102.2 -64.5 -0.6 2479.314 8.4500 
-92.5331 1.8704 978103.3 -65.8 -0.7 2497.502 8.5000 
-92.5405 1.8650 978104.9 -65.9 0.9 2470.801 8.5500 
-92.5478 1.8597 978104.8 -64.9 1.8 2455.624 8.6000 
-92.5550 1.8543 978104.2 -64.8 1.3 2462.492 8.6500 
-92.5623 1.8487 978105.1 -65.0 2.1 2457.719 8.7000 
-92.5695 1.8432 978105.2 -65.0 2.2 2455.639 8.7500 
-92.5768 1.8377 978105.8 -64.9 2.8 2468.346 8.8000 
-92.5841 1.8321 978105.0 -63.2 3.9 2458.118 8.8500 
-92.5905 1.8273 978101.0 -43.0 20.1 2468.496 8.9000 
-92.5937 1.8253 978075.6 -26.3 11.4 2524.472 8.9500 
-92.5967 1.8235 978066.5 -29.0 -0.5 2587.924 9.0000 
-92.6001 1.8211 978070.4 -37.0 -4.5 2397.768 9.0500 
-92.6054 1.8174 978083.0 -58.6 -13.5 501.933 9.1000 
-92.6127 1.8128 978102.3 -64.0 0.5 -99.000 9.1500 
-92.6194 1.8088 978101.4 -41.6 22.0 -99.000 9.2000 
-92.6214 1.8061 978070.8 -12.7 20.3 -99.000 9.2500 
-92.6214 1.8059 978042.5 -0.2 4.5 -99.000 9.3000 
-92.6214 1.8059 978041.1 -0.0 3.3 -99.000 9.3500 
-92.6214 1.8059 978041.1 -0.1 3.2 -99.000 9.4000 
-92.6214 1.8059 978041.0 -0.0 3.2 -99.000 9.4500 
-92.6214 1.8059 978041.2 -0.1 3.4 -99.000 9.5000 
-92.6214 1.8059 978041.3 -0.0 3.5 -99.000 9.5500 
-92.6214 1.8059 978040.5 0.1 2.8 -99.000 9.6000 
-92.6214 1.8059 978041.0 0.0 3.2 -99.000 9.6500 
-92.6214 1.8059 978041.0 -0.0 3.2 -99.000 9.7000 
-92.6214 1.8059 978040.9 -0.0 3.1 -99.000 9.7500 
-92.6214 1.8059 978041.4 -0.0 3.6 -99.000 9.8000 
-92.6214 1.8059 978041.3 0.0 3.5 -99.000 9.8500 
-92.6214 1.8059 978040.8 -0.0 2.9 -99.000 9.9000 
-92.6214 1.8059 978041.1 0.1 3.3 -99.000 9.9500 
-92.6214 1.8059 978040.8 0.0 3.1 -99.000 10.0000 
-92.6214 1.8059 978041.0 0.0 3.2 -99.000 10.0500 
-92.6214 1.8059 978040.5 0.0 2.7 -99.000 10.1000 
-92.6214 1.8059 978040.6 -0.0 2.8 -99.000 10.1500 
-92.6214 1.8059 978041.0 -0.0 3.2 -99.000 10.2000 
-92.6214 1.8059 978041.4 -1.3 2.2 -99.000 10.2500 
-92.6217 1.8045 978042.5 -10.5 -5.8 -99.000 10.3000 
-92.6224 1.8030 978047.4 -9.0 0.6 -99.000 10.3500 
-92.6232 1.8030 978048.5 -7.5 3.2 -99.000 10.4000 
-92.6240 1.8029 978049.8 -12.4 -0.4 -99.000 10.4500 
-92.6244 1.8013 978046.0 18.5 26.6 617.991 10.5000 
-92.6211 1.8008 978017.7 42.7 22.6 2345.465 10.5500 
-92.6147 1.7999 977990.6 65.6 18.4 2495.337 10.6000 
-92.6070 1.7988 977972.6 70.0 4.9 2493.752 10.6500 
-92.5992 1.7977 977970.7 69.5 2.4 2518.966 10.7000 
-92.5917 1.7960 977971.7 68.8 2.7 2497.211 10.7500 
-92.5840 1.7942 977971.5 68.8 2.5 2475.004 10.8000 
-92.5765 1.7922 977972.2 68.6 3.1 2479.161 10.8500 
-92.5689 1.7901 977972.0 68.7 3.0 2474.863 10.9000 
-92.5613 1.7881 977971.9 68.4 2.6 2468.041 10.9500 
-92.5537 1.7861 977972.0 68.4 2.7 2484.535 11.0000 
-92.5462 1.7841 977972.8 68.4 3.5 2487.982 11.0500 
-92.5386 1.7822 977972.4 68.3 3.0 2480.510 11.1000 
-92.5311 1.7804 977972.5 68.2 3.0 2485.050 11.1500 
-92.5235 1.7785 977971.9 68.4 2.7 2471.691 11.2000 
-92.5160 1.7767 977971.7 68.7 2.8 2431.508 11.2500 
-92.5083 1.7748 977971.3 68.7 2.4 2429.802 11.3000 
-92.5007 1.7729 977971.3 69.0 2.7 2435.664 11.3500 
-92.4931 1.7711 977971.0 69.2 2.7 2468.393 11.4000 
-92.4855 1.7693 977970.6 69.1 2.0 2479.727 11.4500 
-92.4778 1.7675 977970.6 68.7 1.7 2478.889 11.5000 
-92.4703 1.7657 977970.4 68.8 1.6 2479.229 11.5500 
-92.4626 1.7638 977970.3 68.8 1.6 2481.399 11.6000 
-92.4551 1.7620 977970.0 68.4 0.9 2478.310 11.6500 
-92.4475 1.7602 977970.3 68.4 1.2 2475.891 11.7000 
-92.4399 1.7584 977970.1 68.5 1.1 2475.374 11.7500 
-92.4324 1.7566 977970.7 68.0 1.2 2475.073 11.8000 
-92.4249 1.7548 977970.9 67.5 0.9 2473.953 11.8500 
-92.4174 1.7529 977971.5 67.6 1.7 2467.756 11.9000 
-92.4099 1.7510 977971.8 67.8 2.1 2454.256 11.9500 
-92.4024 1.7492 977972.3 68.2 3.0 2460.332 12.0000 
-92.3949 1.7473 977972.1 68.9 3.4 2465.180 12.0500 
-92.3872 1.7454 977971.7 69.2 3.4 2451.006 12.1000 
-92.3796 1.7433 977971.8 68.8 3.1 2468.775 12.1500 
-92.3720 1.7413 977972.3 68.3 3.2 2480.417 12.2000 
-92.3645 1.7393 977973.0 68.1 3.6 2476.190 12.2500 
-92.3570 1.7372 977973.4 68.0 4.1 2459.329 12.3000 
-92.3494 1.7352 977973.4 67.9 3.8 2437.039 12.3500 
-92.3420 1.7332 977973.5 67.6 3.7 2401.504 12.4000 
-92.3345 1.7312 977973.5 67.8 3.9 2418.510 12.4500 
-92.3270 1.7293 977973.5 67.9 4.1 2420.604 12.5000 
-92.3195 1.7274 977972.7 68.1 3.4 2416.688 12.5500 
-92.3120 1.7254 977973.1 68.0 3.7 2410.865 12.6000 
-92.3044 1.7235 977972.6 68.2 3.4 2386.039 12.6500 
-92.2969 1.7215 977972.4 68.2 3.3 2376.545 12.7000 
-92.2894 1.7195 977972.6 68.1 3.4 2378.240 12.7500 
-92.2818 1.7176 977972.4 68.3 3.4 2378.265 12.8000 
-92.2743 1.7156 977972.4 68.5 3.6 2373.409 12.8500 
-92.2667 1.7137 977972.1 68.3 3.1 2377.933 12.9000 
-92.2592 1.7117 977972.3 68.1 3.1 2374.429 12.9500 
-92.2516 1.7098 977972.2 68.4 3.4 2376.007 13.0000 
-92.2441 1.7080 977972.2 68.2 3.1 2375.551 13.0500 
-92.2366 1.7062 977972.4 67.8 3.0 2372.048 13.1000 
-92.2291 1.7043 977972.7 67.6 3.1 2372.618 13.1500 
-92.2216 1.7025 977973.1 67.6 3.5 2369.602 13.2000 
-92.2141 1.7006 977973.2 68.0 4.0 2367.167 13.2500 
-92.2066 1.6987 977973.0 68.2 4.0 2361.424 13.3000 
-92.1990 1.6969 977972.9 68.3 4.0 2350.781 13.3500 
-92.1915 1.6950 977973.6 68.3 4.7 2349.968 13.4000 
-92.1839 1.6930 977974.2 68.6 5.7 2313.885 13.4500 
-92.1763 1.6910 977974.8 68.6 6.2 2284.814 13.5000 
-92.1688 1.6891 977976.0 68.0 6.8 2269.929 13.5500 
-92.1613 1.6871 977977.7 67.4 7.9 2191.653 13.6000 
-92.1539 1.6851 977979.7 67.1 9.7 2103.728 13.6500 
-92.1465 1.6830 977981.4 67.4 11.7 2075.221 13.7000 
-92.1390 1.6810 977982.8 67.9 13.6 2059.767 13.7500 
-92.1315 1.6791 977984.2 68.0 15.2 2014.330 13.8000 
-92.1239 1.6773 977986.2 67.9 17.0 1995.052 13.8500 
-92.1165 1.6754 977988.8 67.5 19.2 1975.801 13.9000 
-92.1090 1.6735 977991.9 67.4 22.2 1895.090 13.9500 
-92.1015 1.6715 977995.2 68.0 26.1 1811.952 14.0000 
-92.0940 1.6696 977998.8 68.7 30.4 1702.778 14.0500 
-92.0864 1.6677 978003.1 68.4 34.5 1614.367 14.1000 
-92.0788 1.6657 978008.9 68.4 40.2 1475.483 14.1500 
-92.0713 1.6637 978015.0 68.1 46.0 1260.682 14.2000 
-92.0638 1.6617 978022.9 67.7 53.6 1082.109 14.2500 
-92.0563 1.6597 978031.8 65.1 60.0 266.008 14.3000 
-92.0499 1.6581 978049.5 40.2 52.7 -99.000 14.3500 
-92.0471 1.6575 978083.7 25.1 71.8 -99.000 14.4000 
-92.0443 1.6572 978093.7 24.4 81.1 -99.000 14.4500 
-92.0417 1.6575 978098.2 25.1 86.3 -99.000 14.5000 
-92.0384 1.6577 978097.2 45.6 105.8 -99.000 14.5500 
-92.0316 1.6579 978076.9 67.2 107.2 -99.000 14.6000 
-92.0238 1.6584 978068.7 70.5 102.2 -99.000 14.6500 
-92.0160 1.6588 978076.4 69.8 109.1 -99.000 14.7000 
-92.0084 1.6590 978084.2 68.8 116.0 -99.000 14.7500 
-92.0008 1.6593 978089.3 68.4 120.8 -99.000 14.8000 
-91.9933 1.6606 978091.0 66.8 120.8 -99.000 14.8500 
-91.9863 1.6636 978091.7 54.3 108.9 -99.000 14.9000 
-91.9817 1.6677 978103.5 24.7 91.1 -99.000 14.9500 
-91.9806 1.6729 978126.9 -3.9 85.9 -99.000 15.0000 
-91.9835 1.6787 978158.9 -41.1 80.7 -99.000 15.0500 
-91.9889 1.6836 978190.4 -47.4 105.9 -99.000 15.1000 
-91.9941 1.6880 978195.2 -27.8 130.2 -99.000 15.1500 
-91.9944 1.6913 978170.7 38.8 172.3 -99.000 15.2000 
-91.9908 1.6888 978117.0 33.1 112.9 -99.000 15.2500 
-91.9872 1.6858 978111.1 31.8 105.7 -99.000 15.3000 
-91.9837 1.6829 978109.0 30.5 102.3 -99.000 15.3500 
-91.9808 1.6798 978109.0 20.4 92.3 -99.000 15.4000 
-91.9797 1.6754 978123.0 32.7 118.5 -99.000 15.4500 
-91.9797 1.6706 978135.3 -25.2 73.0 -99.000 15.5000 
-91.9798 1.6658 978137.9 -41.3 59.6 -99.000 15.5500 
-91.9800 1.6609 978140.2 -42.6 60.6 -99.000 15.6000 
-91.9793 1.6564 978137.3 34.3 134.6 -99.000 15.6500 
-91.9773 1.6526 978122.3 22.4 107.7 -99.000 15.7000 
-91.9742 1.6473 978111.5 33.0 107.5 -99.000 15.7500 
-91.9699 1.6415 978094.7 48.0 105.8 -99.000 15.8000 
-91.9638 1.6375 978070.8 55.9 89.8 246.057 15.8500 
-91.9584 1.6354 978058.7 35.2 57.0 897.031 15.9000 
-91.9554 1.6346 978068.6 41.7 73.4 1173.922 15.9500 
-91.9491 1.6327 978042.1 61.9 67.1 1382.631 16.0000 
-91.9420 1.6308 978017.6 64.5 45.2 1536.154 16.0500 
-91.9349 1.6290 978008.4 64.1 35.7 1655.897 16.1000 
-91.9278 1.6271 978002.6 64.0 29.8 1774.076 16.1500 
-91.9207 1.6254 977997.4 63.5 24.1 1882.072 16.2000 
-91.9138 1.6236 977993.7 62.7 19.7 2006.116 16.2500 
-91.9068 1.6216 977989.9 62.6 15.7 2019.827 16.3000 
-91.9000 1.6197 977986.5 62.3 12.0 2125.316 16.3500 
-91.8931 1.6177 977984.1 61.9 9.2 2236.143 16.4000 
-91.8862 1.6159 977982.0 62.0 7.2 2263.249 16.4500 
-91.8794 1.6141 977980.1 62.1 5.4 2252.095 16.5000 
-91.8725 1.6124 977978.6 62.5 4.3 2256.698 16.5500 
-91.8656 1.6107 977976.6 63.4 3.2 2307.183 16.6000 
-91.8585 1.6089 977975.0 63.8 2.1 2322.112 16.6500 
-91.8515 1.6071 977974.2 63.7 1.1 2327.850 16.7000 
-91.8444 1.6052 977973.4 61.9 -1.3 2331.416 16.7500 
-91.8382 1.6037 977979.9 41.1 -15.8 2334.179 16.8000 
-91.8352 1.6033 978004.4 25.0 -7.3 2331.429 16.8500 
-91.8324 1.6027 978012.8 23.9 -0.0 2329.558 16.9000 
-91.8298 1.6020 978012.6 35.8 11.7 2198.092 16.9500 
-91.8242 1.6009 977993.7 58.2 15.2 583.473 17.0000 
-91.8174 1.5997 977979.6 44.6 -12.5 -99.000 17.0500 
-91.8145 1.5997 978004.0 24.9 -7.8 -99.000 17.1000 
-91.8120 1.5986 978016.0 15.0 -5.7 -99.000 17.1500 
-91.8114 1.5982 978028.9 1.0 -6.7 -99.000 17.2000 
-91.8114 1.5982 978037.5 0.2 1.0 -99.000 17.2500 
-91.8113 1.5982 978037.8 0.1 1.2 -99.000 17.3000 
-91.8113 1.5982 978038.0 -0.1 1.3 -99.000 17.3500 
-91.8113 1.5982 978038.0 -0.0 1.3 -99.000 17.4000 
-91.8113 1.5982 978038.0 -0.0 1.3 -99.000 17.4500 
-91.8113 1.5982 978038.0 -0.0 1.2 -99.000 17.5000 
-91.8113 1.5982 978038.1 0.0 1.4 -99.000 17.5500 
-91.8113 1.5981 978037.8 -0.0 1.1 -99.000 17.6000 
-91.8114 1.5982 978037.9 -0.0 1.2 -99.000 17.6500 
-91.8113 1.5982 978037.9 -0.0 1.2 -99.000 17.7000 
-91.8113 1.5982 978037.8 0.0 1.2 -99.000 17.7500 
-91.8113 1.5982 978037.9 0.0 1.2 -99.000 17.8000 
-91.8114 1.5982 978038.2 -0.0 1.5 -99.000 17.8500 
-91.8114 1.5982 978037.9 0.0 1.2 -99.000 17.9000 
-91.8113 1.5981 978037.9 0.0 1.2 -99.000 17.9500 
-91.8114 1.5982 978037.9 0.0 1.2 -99.000 18.0000 
-91.8114 1.5982 978038.0 -0.0 1.3 -99.000 18.0500 
-91.8114 1.5982 978037.8 -0.0 1.1 -99.000 18.1000 
-91.8114 1.5982 978037.8 -0.0 1.1 -99.000 18.1500 
-91.8114 1.5982 978037.8 -0.0 1.1 -99.000 18.2000 
-91.8114 1.5981 978038.0 -0.0 1.3 -99.000 18.2500 
-91.8114 1.5982 978038.4 -2.9 -1.3 -99.000 18.3000 
-91.8127 1.5983 978046.7 -23.6 -13.5 -99.000 18.3500 
-91.8141 1.6023 978055.0 13.1 31.4 -99.000 18.4000 
-91.8127 1.6030 978030.7 8.4 2.4 -99.000 18.4500 
-91.8128 1.6032 978036.4 -3.7 -4.0 -99.000 18.5000 
-91.8136 1.6042 978044.6 -9.0 -1.0 -99.000 18.5500 
-91.8148 1.6049 978047.8 -9.3 1.8 -99.000 18.6000 
-91.8152 1.6047 978043.0 15.0 21.3 -99.000 18.6500 
-91.8122 1.6032 978017.7 43.0 23.9 -99.000 18.7000 
-91.8057 1.6010 977986.8 62.9 13.0 443.536 18.7500 
-91.7985 1.5991 977973.9 65.3 2.5 2123.915 18.8000 
-91.7913 1.5973 977972.9 65.6 1.8 2315.137 18.8500 
-91.7840 1.5955 977973.1 65.9 2.3 2311.766 18.9000 
-91.7767 1.5939 977973.3 66.5 3.1 2309.276 18.9500 
-91.7693 1.5925 977973.1 67.2 3.7 2305.442 19.0000 
-91.7619 1.5912 977973.0 67.0 3.3 2300.453 19.0500 
-91.7545 1.5898 977973.8 66.7 3.9 2284.839 19.1000 
-91.7472 1.5884 977974.5 66.3 4.2 2254.807 19.1500 
-91.7399 1.5870 977975.6 66.2 5.1 2241.660 19.2000 
-91.7325 1.5856 977975.9 66.3 5.6 2236.444 19.2500 
-91.7252 1.5842 977976.2 66.1 5.7 2222.769 19.3000 
-91.7179 1.5828 977977.1 65.8 6.3 2219.480 19.3500 
-91.7106 1.5814 977977.7 66.1 7.2 2206.967 19.4000 
-91.7033 1.5800 977977.8 66.4 7.6 2193.218 19.4500 
-91.6959 1.5787 977978.0 66.6 8.0 2183.008 19.5000 
-91.6886 1.5774 977978.4 66.4 8.2 2170.638 19.5500 
-91.6813 1.5761 977979.3 66.3 9.0 2159.338 19.6000 
-91.6739 1.5748 977979.8 66.9 10.1 2161.074 19.6500 
-91.6665 1.5737 977980.0 66.3 9.7 2136.939 19.7000 
-91.6592 1.5726 977981.6 65.7 10.7 1981.954 19.7500 
-91.6519 1.5714 977982.8 66.1 12.3 1860.842 19.8000 
-91.6446 1.5703 977983.1 66.4 12.9 1903.331 19.8500 
-91.6373 1.5691 977983.2 66.5 13.1 1961.709 19.9000 
-91.6299 1.5679 977983.3 66.2 13.0 1986.287 19.9500 
-91.6226 1.5668 977984.0 65.9 13.4 1863.567 20.0000 
-91.6153 1.5657 977984.7 66.1 14.3 1758.729 20.0500 
-91.6080 1.5645 977984.1 66.6 14.2 1762.831 20.1000 
-91.6006 1.5634 977983.1 66.4 13.0 1910.674 20.1500 
-91.5933 1.5623 977982.0 66.2 11.8 2064.011 20.2000 
-91.5860 1.5611 977980.6 66.4 10.5 2128.221 20.2500 
-91.5786 1.5598 977979.3 66.7 9.5 2150.713 20.3000 
-91.5712 1.5584 977978.2 66.8 8.5 2162.316 20.3500 
-91.5638 1.5571 977977.2 66.9 7.6 2171.359 20.4000 
-91.5565 1.5559 977976.5 66.8 6.8 2176.368 20.4500 
-91.5491 1.5547 977976.2 66.8 6.4 2191.225 20.5000 
-91.5417 1.5536 977976.0 66.6 6.2 2206.756 20.5500 
-91.5344 1.5524 977976.1 66.2 5.8 2202.520 20.6000 
-91.5271 1.5512 977976.2 65.7 5.4 2180.328 20.6500 
-91.5198 1.5500 977976.7 65.2 5.5 2175.617 20.7000 
-91.5126 1.5489 977976.8 65.2 5.6 2176.593 20.7500 
-91.5054 1.5477 977976.6 65.2 5.3 2184.029 20.8000 
-91.4982 1.5465 977976.2 65.1 4.9 2191.779 20.8500 
-91.4910 1.5453 977976.0 65.2 4.7 2180.886 20.9000 
-91.4838 1.5441 977975.4 65.5 4.5 2192.822 20.9500 
-91.4765 1.5429 977974.7 65.4 3.7 2215.878 21.0000 
-91.4693 1.5417 977974.5 65.7 3.8 2220.847 21.0500 
-91.4620 1.5406 977974.0 66.1 3.7 2208.562 21.1000 
-91.4547 1.5395 977972.9 66.3 2.9 2216.832 21.1500 
-91.4474 1.5385 977972.7 65.6 1.9 2223.475 21.2000 
-91.4402 1.5375 977973.1 65.4 2.1 2221.013 21.2500 
-91.4329 1.5365 977972.5 65.6 1.7 2236.692 21.3000 
-91.4256 1.5353 977972.1 65.9 1.5 2251.738 21.3500 
-91.4184 1.5341 977972.0 65.8 1.4 2257.206 21.4000 
-91.4111 1.5330 977971.8 66.1 1.5 2256.414 21.4500 
-91.4037 1.5319 977971.4 66.1 1.2 2257.870 21.5000 
-91.3964 1.5307 977971.3 66.1 1.1 2259.761 21.5500 
-91.3892 1.5296 977971.4 65.5 0.5 2265.715 21.6000 
-91.3819 1.5284 977971.8 65.2 0.7 2273.606 21.6500 
-91.3747 1.5271 977972.1 64.8 0.5 2269.364 21.7000 
-91.3676 1.5258 977972.4 64.8 0.9 2269.925 21.7500 
-91.3604 1.5245 977972.3 65.5 1.5 2278.599 21.8000 
-91.3531 1.5232 977971.7 65.9 1.3 2275.398 21.8500 
-91.3458 1.5220 977971.3 66.6 1.5 2268.984 21.9000 
-91.3384 1.5210 977970.9 65.9 0.6 2267.510 21.9500 
-91.3312 1.5200 977972.2 64.4 0.4 2239.147 22.0000 
-91.3242 1.5190 977973.9 63.5 1.1 2187.999 22.0500 
-91.3172 1.5180 977974.7 63.3 1.7 2191.957 22.1000 
-91.3102 1.5169 977975.1 63.0 1.8 2213.609 22.1500 
-91.3032 1.5158 977975.4 63.1 2.2 2234.256 22.2000 
-91.2962 1.5145 977975.1 63.6 2.4 2246.133 22.2500 
-91.2892 1.5133 977974.9 63.6 2.2 2251.351 22.3000 
-91.2821 1.5120 977974.9 63.9 2.6 2256.400 22.3500 
-91.2751 1.5107 977974.6 64.3 2.6 2262.573 22.4000 
-91.2679 1.5094 977974.0 64.4 2.2 2267.103 22.4500 
-91.2608 1.5081 977974.1 64.0 1.8 2272.217 22.5000 
-91.2538 1.5068 977974.6 64.1 2.4 2275.500 22.5500 
-91.2467 1.5055 977974.4 64.1 2.3 2280.736 22.6000 
-91.2396 1.5041 977974.5 63.8 2.1 2285.836 22.6500 
-91.2326 1.5029 977974.9 63.6 2.3 2286.051 22.7000 
-91.2255 1.5018 977974.9 63.7 2.4 2288.390 22.7500 
-91.2185 1.5006 977975.1 63.6 2.5 2275.884 22.8000 
-91.2115 1.4994 977975.3 62.9 1.9 2274.631 22.8500 
-91.2045 1.4982 977975.8 63.0 2.6 2268.563 22.9000 
-91.1975 1.4972 977975.3 63.3 2.4 2271.146 22.9500 
-91.1905 1.4960 977974.9 63.3 2.0 2263.832 23.0000 
-91.1836 1.4949 977974.7 63.0 1.5 2266.988 23.0500 
-91.1766 1.4937 977974.7 63.1 1.5 2273.204 23.1000 
-91.1696 1.4926 977974.1 63.6 1.5 2270.055 23.1500 
-91.1626 1.4914 977973.8 63.5 1.2 2263.813 23.2000 
-91.1555 1.4903 977973.8 63.6 1.2 2271.166 23.2500 
-91.1485 1.4893 977973.9 63.4 1.1 2260.561 23.3000 
-91.1415 1.4882 977974.1 63.4 1.4 2236.979 23.3500 
-91.1345 1.4871 977974.0 64.1 2.0 2239.906 23.4000 
-91.1273 1.4860 977973.4 64.8 2.0 2236.528 23.4500 
-91.1202 1.4849 977973.4 64.9 2.2 2231.338 23.5000 
-91.1130 1.4840 977973.5 65.2 2.5 2226.523 23.5500 
-91.1057 1.4830 977973.7 65.3 2.9 2219.426 23.6000 
-91.0985 1.4820 977974.1 64.9 2.9 2206.830 23.6500 
-91.0914 1.4809 977975.1 63.8 2.8 2205.978 23.7000 
-91.0844 1.4799 977976.7 62.2 2.8 2208.456 23.7500 
-91.0776 1.4787 977978.6 61.6 4.1 2207.779 23.8000 
-91.0708 1.4775 977979.5 61.0 4.4 2195.710 23.8500 
-91.0641 1.4762 977980.5 60.4 4.7 2184.863 23.9000 
-91.0575 1.4749 977981.3 NaN NaN 2177.376 23.9500 
